uid,name,cat_L1,cat_L2,province,city,area,address,street_id,detail,child_num,loc_lng,loc_lat,telephone,type,detail_url,price,shop_hours,overall_rating,taste_rating,service_rating,environment_rating,facility_rating,hygiene_rating,technology_rating,image_num,comment_num,groupon_num,discount_num,favorite_num,checkin_num,brand,content_tag,naviloc_lng,naviloc_lat,child_num
3b3258bedc4bd1298e7727ec,东莞市厚街镇自来水公司,生活服务,公用事业,广东省,东莞市,,东莞市长塘南路溪头综合市场(溪头西路)西北侧,3b3258bedc4bd1298e7727ec,1,0,113.665523,22.897884,,life,http://api.map.baidu.com/place/detail?uid=3b3258bedc4bd1298e7727ec&output=html&source=placeapi_v2,,,,,,,,,,3,,,,,,,,,,0
3934e8d6afa8064ecac3db89,下汴水厂服务部,生活服务,公用事业,广东省,东莞市,,东莞市一环路汴庆楼南侧,3934e8d6afa8064ecac3db89,1,0,113.670327,22.884887,,life,http://api.map.baidu.com/place/detail?uid=3934e8d6afa8064ecac3db89&output=html&source=placeapi_v2,,,,,,,,,,,,,,,,,,,,0
80bfceec1c338d972fb96d59,电上店下供货APP,生活服务,公用事业,广东省,东莞市,,东莞市家具大道兴业家居展贸批发城东北侧,80bfceec1c338d972fb96d59,1,0,113.658554,22.909327,,life,http://api.map.baidu.com/place/detail?uid=80bfceec1c338d972fb96d59&output=html&source=placeapi_v2,,,,,,,,,,1,,,,,,,,,,0
5afa988aaf974ec597031969,腾讯大皇卡服务受理点,生活服务,公用事业,广东省,东莞市,,东莞市二环路丰铭科技园,5afa988aaf974ec597031969,1,0,113.67271,22.900573,,life,http://api.map.baidu.com/place/detail?uid=5afa988aaf974ec597031969&output=html&source=placeapi_v2,,,,,,,,,,2,,,,,,,,,,0
9af10d2efa543802e81e97e0,东莞市金亮点实业有限公司,生活服务,公用事业,广东省,东莞市,,广东省东莞市环莞快速段512号2楼,,1,0,113.678496,22.892207,15016855761,life,http://api.map.baidu.com/place/detail?uid=9af10d2efa543802e81e97e0&output=html&source=placeapi_v2,,,,,,,,,,3,1,,,,,,,113.67849633024,22.89220714831,0
bc1d21c3eb003b3aaeb22a52,冯记水电装修,生活服务,公用事业,广东省,东莞市,,东莞市宝塘村环村路宝塘文化广场东北侧约170米,bc1d21c3eb003b3aaeb22a52,1,0,113.668718,22.891749,,life,http://api.map.baidu.com/place/detail?uid=bc1d21c3eb003b3aaeb22a52&output=html&source=placeapi_v2,,,,,,,,,,4,,,,,,,,,,0
033701f0d1546acde812e4e5,极光宽带,生活服务,公用事业,广东省,东莞市,,南五大街南五文化公园西侧约130米,033701f0d1546acde812e4e5,1,0,113.669784,22.911077,13686296825,life,http://api.map.baidu.com/place/detail?uid=033701f0d1546acde812e4e5&output=html&source=placeapi_v2,,,,,,,,,,3,,,,,,,,113.66972037499,22.911108100671,0
1e65b574ad892aafb6147f4c,兴华燃气连锁,生活服务,公用事业,广东省,东莞市,,东莞市村前西路厚街新塘市场南侧约230米,1e65b574ad892aafb6147f4c,1,0,113.661706,22.912839,,life,http://api.map.baidu.com/place/detail?uid=1e65b574ad892aafb6147f4c&output=html&source=placeapi_v2,,09:00-18:00,,,,,,,,5,,,,,,,,113.66166914657,22.912624475625,0
b642a3a5e856961f8b2fb55a,厚龙燃气(南五分公司),生活服务,公用事业,广东省,东莞市,,东莞市南五大街立琦塑胶制品公司,b642a3a5e856961f8b2fb55a,1,0,113.673764,22.909667,(0769)85922733,life,http://api.map.baidu.com/place/detail?uid=b642a3a5e856961f8b2fb55a&output=html&source=placeapi_v2,,09:00-18:00,,,,,,,,5,,,,,,,,113.67370669911,22.909579369725,0
507a2365f79be9c617c8f6ac,长城宽带(南五大街店),生活服务,公用事业,广东省,东莞市,,东莞市南五大街汇明天文艺酒店东南侧约130米,507a2365f79be9c617c8f6ac,1,0,113.670719,22.911581,,life,http://api.map.baidu.com/place/detail?uid=507a2365f79be9c617c8f6ac&output=html&source=placeapi_v2,,09:00-21:00,,,,,,,,7,,,,,,,,113.67059145824,22.911677516566,0
b8c54baa1bd1939590114c14,东莞市厚龙燃气有限公司新围分公司,生活服务,公用事业,广东省,东莞市,,东莞市厚新路新围综合市场东南侧约210米,,1,0,113.748187,22.899051,,life,http://api.map.baidu.com/place/detail?uid=b8c54baa1bd1939590114c14&output=html&source=placeapi_v2,,,,,,,,,,3,,,,,,,,113.74810248845,22.899037827371,0
eb3f3e62745ccb3ac6effbef,厚街镇自来水公司大迳营业部,生活服务,公用事业,广东省,东莞市,,东莞市大新路大迳小学南侧约140米,,1,0,113.753099,22.908778,,life,http://api.map.baidu.com/place/detail?uid=eb3f3e62745ccb3ac6effbef&output=html&source=placeapi_v2,,,,,,,,,,,,,,,,,,,,0
5dc45b6c1f5af96a4c6d4614,厚街镇自来水公司,生活服务,公用事业,广东省,东莞市,,广东省东莞市石角路163号,5dc45b6c1f5af96a4c6d4614,1,0,113.753084,22.908742,,life,http://api.map.baidu.com/place/detail?uid=5dc45b6c1f5af96a4c6d4614&output=html&source=placeapi_v2,,,,,,,,,,5,,,,,,,,,,0
cf443f82e393d3edcae33c05,东莞市大安液化石油气有限公司,生活服务,公用事业,广东省,东莞市,,广东省东莞市向东路向东小学东南侧约70米,cf443f82e393d3edcae33c05,1,0,113.842057,22.902882,(0769)85610999,life,http://api.map.baidu.com/place/detail?uid=cf443f82e393d3edcae33c05&output=html&source=placeapi_v2,,,,,,,,,,,,,,,,,,113.84191626529,22.902870687204,0
38382267fc618d01d23ce3a4,大岭山水务营业厅,生活服务,公用事业,广东省,东莞市,,广东省东莞市山西正路77号,38382267fc618d01d23ce3a4,1,0,113.847653,22.912764,(0769)83351222,life,http://api.map.baidu.com/place/detail?uid=38382267fc618d01d23ce3a4&output=html&source=placeapi_v2,,09:00-18:30,,,,,,,,18,,,,,,,,113.84767792496,22.912683248736,0
57a00a56d661b5129e9d6884,中国南方电网广东电网公司东莞大岭山供电分局(教育路店),生活服务,公用事业,广东省,东莞市,,广东省东莞市大岭山镇教育路73号,57a00a56d661b5129e9d6884,1,1,113.847992,22.909851,(0769)82893622,life,http://api.map.baidu.com/place/detail?uid=57a00a56d661b5129e9d6884&output=html&source=placeapi_v2,,09:00-18:30,0,,,,,,,14,2,,,,,,,113.84827268945,22.909616659033,1
48a5ab28fd653cf88bb988e6,广东电网东莞南区供电局大岭山供电服务中心,生活服务,公用事业,广东省,东莞市,,广东省东莞市教育西路73号,48a5ab28fd653cf88bb988e6,1,0,113.848003,22.909883,,life,http://api.map.baidu.com/place/detail?uid=48a5ab28fd653cf88bb988e6&output=html&source=placeapi_v2,,,,,,,,,,1,,,,,,,,113.84828697161,22.909636436183,0
ce03961c12a9f6fdbda24062,东莞市大岭山新奥燃气有限公司,生活服务,公用事业,广东省,东莞市,,广东省东莞市大岭山大道173号,,1,0,113.833166,22.914778,(0769)88960388,life,http://api.map.baidu.com/place/detail?uid=ce03961c12a9f6fdbda24062&output=html&source=placeapi_v2,,,,,,,,,,,,,,,,,,113.83308889642,22.914624783445,0
298040f43658d6871fe99970,广东南网智能电力服务有限公司(东莞分公司),生活服务,公用事业,广东省,东莞市,,东莞市石大公路大岭山第三工业区东南侧约90米,,1,0,113.855,22.895911,,life,http://api.map.baidu.com/place/detail?uid=298040f43658d6871fe99970&output=html&source=placeapi_v2,,,,,,,,,,8,1,,,,,,,,,0
f631fd219452326fd33ce31c,长城宽带(沙岭路店),生活服务,公用事业,广东省,东莞市,,东莞市莞长路东莞御临商务酒店(东莞大岭山店),,1,0,113.847163,22.900792,,life,http://api.map.baidu.com/place/detail?uid=f631fd219452326fd33ce31c&output=html&source=placeapi_v2,,09:00-21:00,,,,,,,,2,,,,,,,,,,0
993db9b20d25261c3310af64,长城宽带(华兴街店),生活服务,公用事业,广东省,东莞市,,广东省东莞市富都苑一巷爱华星幼儿园西侧,993db9b20d25261c3310af64,1,0,113.851529,22.905102,,life,http://api.map.baidu.com/place/detail?uid=993db9b20d25261c3310af64&output=html&source=placeapi_v2,,,,,,,,,,,,,,,,,,,,0
bcf235b587cf8f555fd4febe,兴华燃气连锁,生活服务,公用事业,广东省,东莞市,,广东省东莞市桑园巷30号,bcf235b587cf8f555fd4febe,1,1,113.824558,22.912197,,life,http://api.map.baidu.com/place/detail?uid=bcf235b587cf8f555fd4febe&output=html&source=placeapi_v2,,07:30-19:00,,,,,,,,5,,,,,,,,113.82437198229,22.912114736241,1
b8e3a9b801acfd03e812e4c8,厚龙燃气有限公司(厚街分公司),生活服务,公用事业,广东省,东莞市,,东莞市厚街镇新房路131号,b8e3a9b801acfd03e812e4c8,1,0,113.666402,22.94631,,life,http://api.map.baidu.com/place/detail?uid=b8e3a9b801acfd03e812e4c8&output=html&source=placeapi_v2,,,,,,,,,,10,,,,,,,,113.66641348603,22.946389368161,0
9082f9c3aabab6168c55ec5b,广东广电网络(东莞厚街营业厅),生活服务,公用事业,广东省,东莞市,,东莞市广场南路东港城西南侧,9082f9c3aabab6168c55ec5b,1,0,113.675316,22.942978,(0769)85583173,life,http://api.map.baidu.com/place/detail?uid=9082f9c3aabab6168c55ec5b&output=html&source=placeapi_v2,,09:00-18:00,,,,,,,,4,,,,,,,,,,0
6ba71718100d22f7471a3212,东莞市厚龙燃气有限公司(珊贸分公司),生活服务,公用事业,广东省,东莞市,,东莞市鸿昌路厚街中学东南侧约140米,6ba71718100d22f7471a3212,1,0,113.669311,22.940675,"(0769)85759845,(0769)85832028",life,http://api.map.baidu.com/place/detail?uid=6ba71718100d22f7471a3212&output=html&source=placeapi_v2,,09:00-18:00,,,,,,,,17,,,,,,,,113.66939374122,22.940688165324,0
1e65b574ad892aafb6147f4c,兴华燃气连锁,生活服务,公用事业,广东省,东莞市,,东莞市村前西路厚街新塘市场南侧约230米,1e65b574ad892aafb6147f4c,1,0,113.661706,22.912839,,life,http://api.map.baidu.com/place/detail?uid=1e65b574ad892aafb6147f4c&output=html&source=placeapi_v2,,09:00-18:00,,,,,,,,5,,,,,,,,113.66166914657,22.912624475625,0
3bc24f051e6a3dc2ae31e575,极光宽带,生活服务,公用事业,广东省,东莞市,,东莞市涌口公园街欣丰科技园东南侧约100米,3bc24f051e6a3dc2ae31e575,1,0,113.644967,22.92737,,life,http://api.map.baidu.com/place/detail?uid=3bc24f051e6a3dc2ae31e575&output=html&source=placeapi_v2,,,,,,,,,,6,,,,,,,,,,0
a71d8b452de5abc9b64f54d6,环城宽带(汀山营业厅),生活服务,公用事业,广东省,东莞市,,东莞市汀环路坑口综合商业城西侧约220米,a71d8b452de5abc9b64f54d6,1,0,113.713633,22.939408,,life,http://api.map.baidu.com/place/detail?uid=a71d8b452de5abc9b64f54d6&output=html&source=placeapi_v2,,,,,,,,,,4,,,,,,,,,,0
81d6a50952adc6406e20b94e,永捷(君诚商务楼东北),生活服务,公用事业,广东省,东莞市,,广东省东莞市莞太路虎门段267号,81d6a50952adc6406e20b94e,1,2,113.690382,22.937818,15899638494,life,http://api.map.baidu.com/place/detail?uid=81d6a50952adc6406e20b94e&output=html&source=placeapi_v2,,,,,,,,,,3,,,,,,,,113.69074005467,22.93752820538,2
dcfa97a73c3c970f37b06cb5,兴华燃气连锁,生活服务,公用事业,广东省,东莞市,,广东省东莞市景观路顺风山庄(水濂山路),dcfa97a73c3c970f37b06cb5,1,0,113.762165,22.944085,,life,http://api.map.baidu.com/place/detail?uid=dcfa97a73c3c970f37b06cb5&output=html&source=placeapi_v2,,07:30-19:00,,,,,,,,4,,,,,,,,,,0
e3ab15762eda2050095cb3bf,东莞市大安液化石油气有限公司,生活服务,公用事业,广东省,东莞市,,东莞市东阳街与新塘新路交叉路口往西约250米,e3ab15762eda2050095cb3bf,1,1,113.851781,22.936976,(0769)83789123,life,http://api.map.baidu.com/place/detail?uid=e3ab15762eda2050095cb3bf&output=html&source=placeapi_v2,,00:00-24:00,,,,,,,,6,1,,,,,,,113.85165907215,22.937146986967,1
5ad3121eef3f3dec75e5b675,大岭山镇供销社助农服务中心,生活服务,公用事业,广东省,东莞市,,东莞市东阳街成业楼(东阳街)东北侧约30米,,1,0,113.847781,22.931652,,life,http://api.map.baidu.com/place/detail?uid=5ad3121eef3f3dec75e5b675&output=html&source=placeapi_v2,,,,,,,,,,6,,,,,,,,113.84770682974,22.931529103412,0
ce093d4f426adbeeb2077d59,长城宽带授权办理点,生活服务,公用事业,广东省,东莞市,,广东省东莞市温塘广场路29号,ce093d4f426adbeeb2077d59,1,0,113.821382,22.934213,,life,http://api.map.baidu.com/place/detail?uid=ce093d4f426adbeeb2077d59&output=html&source=placeapi_v2,,,,,,,,,,1,,,,,,,,,,0
ce03961c12a9f6fdbda24062,东莞市大岭山新奥燃气有限公司,生活服务,公用事业,广东省,东莞市,,广东省东莞市大岭山大道173号,,1,0,113.833166,22.914778,(0769)88960388,life,http://api.map.baidu.com/place/detail?uid=ce03961c12a9f6fdbda24062&output=html&source=placeapi_v2,,,,,,,,,,,,,,,,,,113.83308889642,22.914624783445,0
a7f3eed96af481c940ab9a04,东莞市兴域电力工程服务有限公司,生活服务,公用事业,广东省,东莞市,,东莞市横镇西路柏芸花园西北侧约190米,a7f3eed96af481c940ab9a04,1,0,113.848429,22.925621,,life,http://api.map.baidu.com/place/detail?uid=a7f3eed96af481c940ab9a04&output=html&source=placeapi_v2,,,,,,,,,,4,,,,,,,,,,0
bbf8559257f5442e9222e080,广东电网(松山湖营业厅),生活服务,公用事业,广东省,东莞市,,东莞市沁园路玉华小区,bbf8559257f5442e9222e080,1,0,113.885658,22.930229,,life,http://api.map.baidu.com/place/detail?uid=bbf8559257f5442e9222e080&output=html&source=placeapi_v2,,,,,,,,,,2,,,,,,,,113.88560125568,22.930228116696,0
4d260079e2bfdaf6725e8092,广东鼎力电力工程有限公司,生活服务,公用事业,广东省,东莞市,,东莞市红棉路玉华小区东北侧约50米,,1,0,113.886513,22.93053,,life,http://api.map.baidu.com/place/detail?uid=4d260079e2bfdaf6725e8092&output=html&source=placeapi_v2,,,,,,,,,,2,,,,,,,,113.88621019004,22.930264927538,0
27c958173eae6d11100daac8,东莞市水务集团供水有限公司松山湖分公司,生活服务,公用事业,广东省,东莞市,,广东省东莞市松山湖礼宾路6号松山湖管委会1栋3单元,27c958173eae6d11100daac8,1,0,113.894081,22.93209,(0769)22893322,life,http://api.map.baidu.com/place/detail?uid=27c958173eae6d11100daac8&output=html&source=placeapi_v2,,09:00-18:30,,,,,,,,3,1,,,,,,,113.89430805399,22.932238433572,0
8a726d88d9738ab0a4c756a6,东莞新奥燃气有限公司松山湖分公司,生活服务,公用事业,广东省,东莞市,,广东省东莞市沁园路松山湖管委会9394号,8a726d88d9738ab0a4c756a6,1,0,113.890435,22.930822,(0769)23079266,life,http://api.map.baidu.com/place/detail?uid=8a726d88d9738ab0a4c756a6&output=html&source=placeapi_v2,,09:00-18:30,0.0,,,,,,,2,1,,,,,,,113.89024723698,22.930905818415,0
d93410ee72b9c4036c3e1b2f,广东广电网络(东莞松山湖营业厅),生活服务,公用事业,广东省,东莞市,,东莞市松山湖礼宾路1号松山湖一站式服务办事中心,,1,0,113.890433,22.930507,(0769)22892199,life,http://api.map.baidu.com/place/detail?uid=d93410ee72b9c4036c3e1b2f&output=html&source=placeapi_v2,,09:00-18:00,0.0,,,,,,,1,1,,,,,,,113.89080785687,22.930327126251,0
c31c28a5c0ae5b398505bf42,东莞市厚街镇自来水公司,生活服务,公用事业,广东省,东莞市,,广东省东莞市石角路161号,c31c28a5c0ae5b398505bf42,1,0,113.663638,22.957954,(0769)85832000,life,http://api.map.baidu.com/place/detail?uid=c31c28a5c0ae5b398505bf42&output=html&source=placeapi_v2,,,0,,,,,,,12,1,,,,,,,113.6637455537,22.957889684345,0
57bc670234c8b38cf8221393,广东文兴电力有限公司,生活服务,公用事业,广东省,东莞市,,广东省东莞市石角路141号,57bc670234c8b38cf8221393,1,0,113.663885,22.955248,,life,http://api.map.baidu.com/place/detail?uid=57bc670234c8b38cf8221393&output=html&source=placeapi_v2,,,,,,,,,,1,,,,,,,,,,0
edd64ce1adb292913fe2314c,中国南方电网(厚街营业厅),生活服务,公用事业,广东省,东莞市,,广东省东莞市厚街大道东5号,edd64ce1adb292913fe2314c,1,1,113.671831,22.947161,(0769)88912999,life,http://api.map.baidu.com/place/detail?uid=edd64ce1adb292913fe2314c&output=html&source=placeapi_v2,,09:00-18:00,0,,,,,,,11,1,,,,,,,113.67177664391,22.947143025829,1
b8e3a9b801acfd03e812e4c8,厚龙燃气有限公司(厚街分公司),生活服务,公用事业,广东省,东莞市,,东莞市厚街镇新房路131号,b8e3a9b801acfd03e812e4c8,1,0,113.666402,22.94631,,life,http://api.map.baidu.com/place/detail?uid=b8e3a9b801acfd03e812e4c8&output=html&source=placeapi_v2,,,,,,,,,,10,,,,,,,,113.66641348603,22.946389368161,0
50585d95870b5af876e5b645,东莞市厚街镇西环路取水点,生活服务,公用事业,广东省,东莞市,,广东省东莞市西环路,,1,0,113.678412,22.971108,,life,http://api.map.baidu.com/place/detail?uid=50585d95870b5af876e5b645&output=html&source=placeapi_v2,,,,,,,,,,1,,,,,,,,113.67839807089,22.971144993066,0
c2cd601ca33e6beab5147fb7,广东电网公司,生活服务,公用事业,广东省,东莞市,,东莞市厚街大道东松山公园西南侧约100米,c2cd601ca33e6beab5147fb7,1,0,113.671874,22.947231,,life,http://api.map.baidu.com/place/detail?uid=c2cd601ca33e6beab5147fb7&output=html&source=placeapi_v2,,,,,,,,,,,,,,,,,,113.67181413648,22.947060013991,0
b2d369a84ee05974b45f1eba,长城宽带(西环路店),生活服务,公用事业,广东省,东莞市,,东莞市鳌台路凤凰花园(东宝路)西侧约170米,b2d369a84ee05974b45f1eba,1,0,113.65477,22.950607,,life,http://api.map.baidu.com/place/detail?uid=b2d369a84ee05974b45f1eba&output=html&source=placeapi_v2,,09:00-21:00,,,,,,,,2,,,,,,,,,,0
da58b78ede8ec042c7f50d62,东莞西区供电局,生活服务,公用事业,广东省,东莞市,,广东省东莞市厚街大道东5号,da58b78ede8ec042c7f50d62,1,0,113.671861,22.947335,,life,http://api.map.baidu.com/place/detail?uid=da58b78ede8ec042c7f50d62&output=html&source=placeapi_v2,,08:00-18:00,,,,,,,,2,,,,,,,,113.6717644,22.947069551694,0
5964e7406130d383770269c7,珠洲燃气,生活服务,公用事业,广东省,东莞市,,南丫村卫屋中桥旁,5964e7406130d383770269c7,1,0,113.65181,22.975337,(0769)88317171,life,http://api.map.baidu.com/place/detail?uid=5964e7406130d383770269c7&output=html&source=placeapi_v2,,06:00-20:00,3,,,,,,,2,1,,,,,,,,,0
fd6ed4f9108db86943e192fc,东莞站高速公路服务点,生活服务,公用事业,广东省,东莞市,,东莞市东莞大道莞太立交桥与一横北路交叉路口往西北约270米,fd6ed4f9108db86943e192fc,1,0,113.709856,22.976205,,life,http://api.map.baidu.com/place/detail?uid=fd6ed4f9108db86943e192fc&output=html&source=placeapi_v2,,,,,,,,,,,,,,,,,,113.70952251437,22.97617953353,0
9fdf2c5dcdd18f975fd4fec9,厚龙燃气(将军路),生活服务,公用事业,广东省,东莞市,,将军路祥鸿农批城A3栋27-33号西南方向190米,9fdf2c5dcdd18f975fd4fec9,1,1,113.701818,22.954285,(0769)85822646,life,http://api.map.baidu.com/place/detail?uid=9fdf2c5dcdd18f975fd4fec9&output=html&source=placeapi_v2,,09:00-18:00,0,,,,,,,4,1,,,,,,,113.70157804849,22.954333529291,1
3ab2d7514dfceaf8147643d6,粤通卡广深高速东莞站服务点,生活服务,公用事业,广东省,东莞市,,东莞市东莞大道莞太立交桥与一横北路交叉路口往西北约280米,3ab2d7514dfceaf8147643d6,1,0,113.709809,22.976331,,life,http://api.map.baidu.com/place/detail?uid=3ab2d7514dfceaf8147643d6&output=html&source=placeapi_v2,,09:30-17:30,,,,,,,,,,,,,,,,113.70951040701,22.976293413491,0
40b16eaa36f23f54990050b3,东莞市厚街镇大围西南路取水点,生活服务,公用事业,广东省,东莞市,,东莞市大围西南路陈屋幼儿园西北侧约240米,,1,0,113.695796,22.972581,,life,http://api.map.baidu.com/place/detail?uid=40b16eaa36f23f54990050b3&output=html&source=placeapi_v2,,,,,,,,,,1,,,,,,,,113.6959249016,22.972595081846,0
1d6a8ab64659cd9942d63e5e,红红火火百货店,生活服务,公用事业,广东省,东莞市,,广东省东莞市景怡路4号2栋106室,1d6a8ab64659cd9942d63e5e,1,0,113.763499,22.967843,,life,http://api.map.baidu.com/place/detail?uid=1d6a8ab64659cd9942d63e5e&output=html&source=placeapi_v2,,,,,,,,,,13,1,,,,,,,113.76338605358,22.967979605642,0
a4dea4ff7f44730825d2bbd2,中国南方电网,生活服务,公用事业,广东省,东莞市,,东莞市佛岭路硅谷动力2025科技园南侧约210米,a4dea4ff7f44730825d2bbd2,1,0,113.836289,22.979038,,life,http://api.map.baidu.com/place/detail?uid=a4dea4ff7f44730825d2bbd2&output=html&source=placeapi_v2,,,,,,,,,,,,,,,,,,113.83628999283,22.978655516283,0
7c047e534b7f8ee70f0e6baf,东莞市恒东燃气设备有限公司,生活服务,公用事业,广东省,东莞市,,东莞市上中路振业·松湖雅苑南侧约50米,,1,0,113.877399,22.968166,,life,http://api.map.baidu.com/place/detail?uid=7c047e534b7f8ee70f0e6baf&output=html&source=placeapi_v2,,,,,,,,,,3,,,,,,,,113.87732916448,22.968158400414,0
3ea4b9dd46ada1b022f0177b,陕西新锐电力建设有限公司(东莞),生活服务,公用事业,广东省,东莞市,,广东省东莞市大蚬地三巷1号,3ea4b9dd46ada1b022f0177b,1,0,113.884447,22.977722,,life,http://api.map.baidu.com/place/detail?uid=3ea4b9dd46ada1b022f0177b&output=html&source=placeapi_v2,,,,,,,,,,5,1,,,,,,,,,0
8be2b23565c864a8deee8bbf,广东中伟电力发展建设有限公司,生活服务,公用事业,广东省,东莞市,,广东省东莞市福来路1号,8be2b23565c864a8deee8bbf,1,0,113.867383,22.975706,,life,http://api.map.baidu.com/place/detail?uid=8be2b23565c864a8deee8bbf&output=html&source=placeapi_v2,,,,,,,,,,,,,,,,,,113.86711527004,22.975899604685,0
6e786e6c093d8f664c3a59f4,广东佰川电力建设有限公司,生活服务,公用事业,广东省,东莞市,,广东省东莞市松山湖大道松湖智谷a3栋20楼,,1,0,113.878895,22.976177,,life,http://api.map.baidu.com/place/detail?uid=6e786e6c093d8f664c3a59f4&output=html&source=placeapi_v2,,,,,,,,,,,,,,,,,,,,0
91589c0f72411bdadaeced46,道滘镇水务工程运营中心,生活服务,公用事业,广东省,东莞市,,广东省东莞市沿江路37号西三区201号,91589c0f72411bdadaeced46,1,1,113.673954,22.9993,,life,http://api.map.baidu.com/place/detail?uid=91589c0f72411bdadaeced46&output=html&source=placeapi_v2,,,,,,,,,,6,,,,,,,,113.67407648747,22.999319210366,1
b953c59f22c9ef4707026ffa,滨涌村千鲜汇自提点,生活服务,公用事业,广东省,东莞市,,广东省东莞市滨涌组中街三巷21号,b953c59f22c9ef4707026ffa,1,0,113.667916,22.981744,,life,http://api.map.baidu.com/place/detail?uid=b953c59f22c9ef4707026ffa&output=html&source=placeapi_v2,,,,,,,,,,,,,,,,,,,,0
76f198c6a1c992617fc87644,东莞市道滘自来水公司,生活服务,公用事业,广东省,东莞市,,广东省东莞市沿江中路37号,76f198c6a1c992617fc87644,1,0,113.67393,22.999249,(0769)88833218,life,http://api.map.baidu.com/place/detail?uid=76f198c6a1c992617fc87644&output=html&source=placeapi_v2,,09:00-18:00,0,,,,,,,9,0,,,,,,,,,0
85a269b4e9903dbcc4f025ae,极光宽带,生活服务,公用事业,广东省,东莞市,,东莞市新兴北路道滘中心小学南侧约30米,85a269b4e9903dbcc4f025ae,1,0,113.670022,23.008339,,life,http://api.map.baidu.com/place/detail?uid=85a269b4e9903dbcc4f025ae&output=html&source=placeapi_v2,,,,,,,,,,6,,,,,,,,113.67011005722,23.00845816658,0
c0f0e2ef41f96a21fb221356,道滘镇南丫村劳动服务站,生活服务,公用事业,广东省,东莞市,,东莞市道_镇南丫广场路1号,c0f0e2ef41f96a21fb221356,1,0,113.654894,22.980884,,life,http://api.map.baidu.com/place/detail?uid=c0f0e2ef41f96a21fb221356&output=html&source=placeapi_v2,,,5,,,,,,,10,1,,,,,,,,,0
6df1eed65f1ded91892fb526,兴华燃气连锁,生活服务,公用事业,广东省,东莞市,,广东省东莞市道滘镇金牛路18号-104室,6df1eed65f1ded91892fb526,1,0,113.671667,23.008329,(0769)88287928,life,http://api.map.baidu.com/place/detail?uid=6df1eed65f1ded91892fb526&output=html&source=placeapi_v2,,07:30-19:00,,,,,,,,15,,,,,,,,,,0
d0ae866650469db1cafa5f68,东莞市水务集团净水有限公司,生活服务,公用事业,广东省,东莞市,,广东省东莞市滨河路100号,,1,0,113.70225,22.992052,,life,http://api.map.baidu.com/place/detail?uid=d0ae866650469db1cafa5f68&output=html&source=placeapi_v2,,,,,,,,,,1,,,,,,,,113.70249532998,22.99206833154,0
ad714d5f927a1fce940319c6,东莞市水务集团工程有限公司,生活服务,公用事业,广东省,东莞市,,广东省东莞市滨河路100号,,1,0,113.701509,22.992402,(0769)27289186,life,http://api.map.baidu.com/place/detail?uid=ad714d5f927a1fce940319c6&output=html&source=placeapi_v2,,,,,,,,,,2,,,,,,,,113.70246555654,22.992456351499,0
9ce057e693e983f022026213,东莞市水务集团净水有限公司,生活服务,公用事业,广东省,东莞市,,广东省东莞市南城区滨河路100号,9ce057e693e983f022026213,1,0,113.704639,22.998066,,life,http://api.map.baidu.com/place/detail?uid=9ce057e693e983f022026213&output=html&source=placeapi_v2,,,5,,,,,,,6,2,,,,,,,,,0
8b4f6b9b9c53a80c9d95deb2,电力燃料有限公司,生活服务,公用事业,广东省,东莞市,,广东省东莞市万江区基业路1号,8b4f6b9b9c53a80c9d95deb2,1,0,113.702149,23.00522,,life,http://api.map.baidu.com/place/detail?uid=8b4f6b9b9c53a80c9d95deb2&output=html&source=placeapi_v2,,,,,,,,,,,,,,,,,,,,0
fd6ed4f9108db86943e192fc,东莞站高速公路服务点,生活服务,公用事业,广东省,东莞市,,东莞市东莞大道莞太立交桥与一横北路交叉路口往西北约270米,fd6ed4f9108db86943e192fc,1,0,113.709856,22.976205,,life,http://api.map.baidu.com/place/detail?uid=fd6ed4f9108db86943e192fc&output=html&source=placeapi_v2,,,,,,,,,,,,,,,,,,113.70952251437,22.97617953353,0
3ab2d7514dfceaf8147643d6,粤通卡广深高速东莞站服务点,生活服务,公用事业,广东省,东莞市,,东莞市东莞大道莞太立交桥与一横北路交叉路口往西北约280米,3ab2d7514dfceaf8147643d6,1,0,113.709809,22.976331,,life,http://api.map.baidu.com/place/detail?uid=3ab2d7514dfceaf8147643d6&output=html&source=placeapi_v2,,09:30-17:30,,,,,,,,,,,,,,,,113.70951040701,22.976293413491,0
a9680ee86af2536fb5147f3c,宏大人力资源有限公司,生活服务,公用事业,广东省,东莞市,,广东省东莞市荣鑫街b2627号,a9680ee86af2536fb5147f3c,1,0,113.723813,22.990327,(0769)22185575,life,http://api.map.baidu.com/place/detail?uid=a9680ee86af2536fb5147f3c&output=html&source=placeapi_v2,,09:00-18:30,0.0,,,,,,,6,2,,,,,,,113.72376818001,22.99027660036,0
8e7833586db1cb672cb96df4,交通违法自助缴款服务区,生活服务,公用事业,广东省,东莞市,,东莞市宏伟五路东莞市公安局交通警察支队违法处理中心,8e7833586db1cb672cb96df4,1,0,113.755697,22.994608,,life,http://api.map.baidu.com/place/detail?uid=8e7833586db1cb672cb96df4&output=html&source=placeapi_v2,,,0.0,,,,,,,1,1,,,,,,,113.7557611385,22.994717996402,0
72a0d3766d6ba6c6f7eafc60,煤气站,生活服务,公用事业,广东省,东莞市,,东莞市南城街道规划二路石竹新花园,72a0d3766d6ba6c6f7eafc60,1,0,113.747691,23.004142,,life,http://api.map.baidu.com/place/detail?uid=72a0d3766d6ba6c6f7eafc60&output=html&source=placeapi_v2,,09:00-18:00,,,,,,,,1,,,,,,,,,,0
c0f0cdf335bda7931ce99923,24小时营业,生活服务,公用事业,广东省,东莞市,,东莞市中天商业街中信新天地南侧,c0f0cdf335bda7931ce99923,1,0,113.745927,23.006677,,life,http://api.map.baidu.com/place/detail?uid=c0f0cdf335bda7931ce99923&output=html&source=placeapi_v2,,,,,,,,,,8,,,,,,,,113.74578143632,23.006553690568,0
485e45985c26ce8b246e981c,街电(南城办事大厅),生活服务,公用事业,广东省,东莞市,,东莞市东骏路22号宏图科技中心,485e45985c26ce8b246e981c,1,0,113.757946,22.992328,,life,http://api.map.baidu.com/place/detail?uid=485e45985c26ce8b246e981c&output=html&source=placeapi_v2,,00:00-24:00,,,,,,,,,,,,,,,,,,0
fb034ce23b3c126dc2f1cf41,广东电网东莞南城供电局,生活服务,公用事业,广东省,东莞市,,广东省东莞市宏六路28号,fb034ce23b3c126dc2f1cf41,1,0,113.732335,22.988811,(0769)95598,life,http://api.map.baidu.com/place/detail?uid=fb034ce23b3c126dc2f1cf41&output=html&source=placeapi_v2,,09:00-18:00,0,,,,,,,6,2,,,,,,,113.73235840611,22.98878356662,0
9356c76fcea9ef7bd12dd626,兴华燃气连锁,生活服务,公用事业,广东省,东莞市,,东莞市坡头村二路凯宾利国际酒店(东莞南城店)东北侧约140米,9356c76fcea9ef7bd12dd626,1,0,113.755095,22.984566,,life,http://api.map.baidu.com/place/detail?uid=9356c76fcea9ef7bd12dd626&output=html&source=placeapi_v2,,09:00-18:00,,,,,,,,3,,,,,,,,,,0
74c933fb0127f7239e82ea3b,中国南方电网(南城营业厅),生活服务,公用事业,广东省,东莞市,,广东省东莞市宏六路28号,74c933fb0127f7239e82ea3b,1,3,113.732624,22.989243,95598,life,http://api.map.baidu.com/place/detail?uid=74c933fb0127f7239e82ea3b&output=html&source=placeapi_v2,,09:00-18:00,5.0,,,,,,,8,2,,,,,,,113.73252922698,22.988565237298,3
dc6af714c3c94347102935d9,东莞喜威液化石油气有限公司,生活服务,公用事业,广东省,东莞市,,广东省东莞市宏图路86号南信产业国际1栋707室,dc6af714c3c94347102935d9,1,0,113.735052,22.993743,,life,http://api.map.baidu.com/place/detail?uid=dc6af714c3c94347102935d9&output=html&source=placeapi_v2,,,,,,,,,,,,,,,,,,,,0
81e28d2946e46630fbf0cbb0,兴华燃气连锁,生活服务,公用事业,广东省,东莞市,,东莞市光大路鼎鑫羽毛球馆篮球馆西南侧约30米,,1,0,113.777716,23.003025,,life,http://api.map.baidu.com/place/detail?uid=81e28d2946e46630fbf0cbb0&output=html&source=placeapi_v2,,07:30-19:00,,,,,,,,5,,,,,,,,113.7777828187,23.00344495631,0
8a531ab1fbdb0656d12dd63e,计重收费,生活服务,公用事业,广东省,东莞市,,东莞市东部快速干线保利中惠悦城北侧约200米,8a531ab1fbdb0656d12dd63e,1,0,113.8394,22.999561,,life,http://api.map.baidu.com/place/detail?uid=8a531ab1fbdb0656d12dd63e&output=html&source=placeapi_v2,,,,,,,,,,,,,,,,,,113.84001311164,23.000116320406,0
ad1ecfec14b4bdacabf0cd96,东莞鸿洋电力工程有限公司,生活服务,公用事业,广东省,东莞市,,东莞市小坑文德路小坑文化广场南侧约210米,ad1ecfec14b4bdacabf0cd96,1,0,113.850611,22.990039,,life,http://api.map.baidu.com/place/detail?uid=ad1ecfec14b4bdacabf0cd96&output=html&source=placeapi_v2,,,,,,,,,,4,,,,,,,,113.85056014807,22.990040494722,0
5ec810f9258cae68aecb6637,东莞新奥燃气有限公司,生活服务,公用事业,广东省,东莞市,,广东省东莞市同欣路2号,5ec810f9258cae68aecb6637,1,1,113.843126,22.981709,(0769)88997958,life,http://api.map.baidu.com/place/detail?uid=5ec810f9258cae68aecb6637&output=html&source=placeapi_v2,,,,,,,,,,,,,,,,,,113.84398191701,22.981635966809,1
6551a8c2b9174c9c6d20b9fd,广东大鹏液化天然气有限公司,生活服务,公用事业,广东省,东莞市,,广东省东莞市同欣路1号,,1,0,113.842825,22.979909,,life,http://api.map.baidu.com/place/detail?uid=6551a8c2b9174c9c6d20b9fd&output=html&source=placeapi_v2,,,,,,,,,,,,,,,,,,,,0
b7f0ee63c968dc57250bd0b6,东莞新奥燃气有限公司高压管网分公司,生活服务,公用事业,广东省,东莞市,,广东省东莞市同欣路2号,b7f0ee63c968dc57250bd0b6,1,0,113.843091,22.980917,(0769)88997958,life,http://api.map.baidu.com/place/detail?uid=b7f0ee63c968dc57250bd0b6&output=html&source=placeapi_v2,,09:00-18:30,,,,,,,,,,,,,,,,113.84354391672,22.980327134564,0
7da13e99440218e50bf5ebb0,东莞新奥燃气有限公司天然气城市门站,生活服务,公用事业,广东省,东莞市,,广东省东莞市同欣路2号,7da13e99440218e50bf5ebb0,1,0,113.842402,22.981875,,life,http://api.map.baidu.com/place/detail?uid=7da13e99440218e50bf5ebb0&output=html&source=placeapi_v2,,,,,,,,,,4,,,,,,,,,,0
a4dea4ff7f44730825d2bbd2,中国南方电网,生活服务,公用事业,广东省,东莞市,,东莞市佛岭路硅谷动力2025科技园南侧约210米,a4dea4ff7f44730825d2bbd2,1,0,113.836289,22.979038,,life,http://api.map.baidu.com/place/detail?uid=a4dea4ff7f44730825d2bbd2&output=html&source=placeapi_v2,,,,,,,,,,,,,,,,,,113.83628999283,22.978655516283,0
a388c32707d6d441a8059dde,东莞市寮步新奥燃气客户服务中心,生活服务,公用事业,广东省,东莞市,,广东省东莞市寮步镇东方商业街1号乐荟城lohocityF1,a388c32707d6d441a8059dde,1,0,113.886573,23.000265,,life,http://api.map.baidu.com/place/detail?uid=a388c32707d6d441a8059dde&output=html&source=placeapi_v2,,09:00-18:00,,,,,,,,10,1,,,,,,,,,0
46d919b0dfd55f211ce999c3,中国南方电网广东电网寮步供电分局,生活服务,公用事业,广东省,东莞市,,广东省东莞市勤政路18号,46d919b0dfd55f211ce999c3,1,3,113.878611,23.004034,95598,life,http://api.map.baidu.com/place/detail?uid=46d919b0dfd55f211ce999c3&output=html&source=placeapi_v2,,09:00-18:00,4,,,,,,,9,4,,,,,,,113.87900701143,23.003569583264,3
def40810500ffbd73310af33,联振工业气站,生活服务,公用事业,广东省,东莞市,,东莞市莞樟路凯乐大厦东侧约90米,def40810500ffbd73310af33,1,0,113.882473,23.009071,(0769)83321275,life,http://api.map.baidu.com/place/detail?uid=def40810500ffbd73310af33&output=html&source=placeapi_v2,,00:00-24:00,,,,,,,,8,,,,,,,,113.88250135428,23.009090382265,0
6d00b1bda7d33d0d21f0171c,中国南方电网广东电网公司东莞供电局器材检验中心,生活服务,公用事业,广东省,东莞市,,广东东莞市田心大街7号,6d00b1bda7d33d0d21f0171c,1,0,113.898958,22.993109,,life,http://api.map.baidu.com/place/detail?uid=6d00b1bda7d33d0d21f0171c&output=html&source=placeapi_v2,,,,,,,,,,,,,,,,,,113.89885686378,22.99331304648,0
0514181d3517d0c04d55472d,长城宽带(松东街店),生活服务,公用事业,广东省,东莞市,,东莞市松东街安利园东南侧,,1,0,113.887191,22.986451,,life,http://api.map.baidu.com/place/detail?uid=0514181d3517d0c04d55472d&output=html&source=placeapi_v2,,,,,,,,,,,,,,,,,,,,0
c43cd2e08007bc402802e16d,东莞中电新奥热力有限公司,生活服务,公用事业,广东省,东莞市,,广东省东莞市寮步勤政路20号财富大厦10楼1001-1007室,c43cd2e08007bc402802e16d,1,0,113.877285,23.004264,(0769)82968008,life,http://api.map.baidu.com/place/detail?uid=c43cd2e08007bc402802e16d&output=html&source=placeapi_v2,,,,,,,,,,,,,,,,,,,,0
3ea4b9dd46ada1b022f0177b,陕西新锐电力建设有限公司(东莞),生活服务,公用事业,广东省,东莞市,,广东省东莞市大蚬地三巷1号,3ea4b9dd46ada1b022f0177b,1,0,113.884447,22.977722,,life,http://api.map.baidu.com/place/detail?uid=3ea4b9dd46ada1b022f0177b&output=html&source=placeapi_v2,,,,,,,,,,5,1,,,,,,,,,0
e2df4fab83deb88b3f9a5e78,广东广电网络(文康一街店),生活服务,公用事业,广东省,东莞市,,广东省东莞市文康一街2号5楼,e2df4fab83deb88b3f9a5e78,1,0,113.896969,23.001767,,life,http://api.map.baidu.com/place/detail?uid=e2df4fab83deb88b3f9a5e78&output=html&source=placeapi_v2,,09:00-18:00,,,,,,,,5,,,,,,,,,,0
6e786e6c093d8f664c3a59f4,广东佰川电力建设有限公司,生活服务,公用事业,广东省,东莞市,,广东省东莞市松山湖大道松湖智谷a3栋20楼,,1,0,113.878895,22.976177,,life,http://api.map.baidu.com/place/detail?uid=6e786e6c093d8f664c3a59f4&output=html&source=placeapi_v2,,,,,,,,,,,,,,,,,,,,0
85a269b4e9903dbcc4f025ae,极光宽带,生活服务,公用事业,广东省,东莞市,,东莞市新兴北路道滘中心小学南侧约30米,85a269b4e9903dbcc4f025ae,1,0,113.670022,23.008339,,life,http://api.map.baidu.com/place/detail?uid=85a269b4e9903dbcc4f025ae&output=html&source=placeapi_v2,,,,,,,,,,6,,,,,,,,113.67011005722,23.00845816658,0
0be36dd1cbd2b5a2d1f49ef9,珠洲燃气,生活服务,公用事业,广东省,东莞市,,广东省东莞市道滘镇大新中路福林便利店东北100米,0be36dd1cbd2b5a2d1f49ef9,1,0,113.677471,23.029762,(0769)88317171,life,http://api.map.baidu.com/place/detail?uid=0be36dd1cbd2b5a2d1f49ef9&output=html&source=placeapi_v2,,09:00-18:00,,,,,,,,8,,,,,,,,,,0
ef6cca33cdfe83044e776e78,珠洲燃气,生活服务,公用事业,广东省,东莞市,,东莞市小河路彼岸花园二期西北侧约100米,ef6cca33cdfe83044e776e78,1,0,113.680009,23.016904,,life,http://api.map.baidu.com/place/detail?uid=ef6cca33cdfe83044e776e78&output=html&source=placeapi_v2,,,,,,,,,,3,,,,,,,,113.67993775575,23.016974841548,0
c3150205a7796b1b1029357e,道滘镇北永村劳动服务站,生活服务,公用事业,广东省,东莞市,,东莞市道_镇金牛新村南路8号,c3150205a7796b1b1029357e,1,0,113.673648,23.011118,,life,http://api.map.baidu.com/place/detail?uid=c3150205a7796b1b1029357e&output=html&source=placeapi_v2,,,,,,,,,,,,,,,,,,,,0
170e3b9ec146004d6ca3ccf4,兴华燃气连锁,生活服务,公用事业,广东省,东莞市,,东莞市西部干道礼乐幼儿园东北侧约140米,170e3b9ec146004d6ca3ccf4,1,0,113.679486,23.017791,,life,http://api.map.baidu.com/place/detail?uid=170e3b9ec146004d6ca3ccf4&output=html&source=placeapi_v2,,07:30-19:00,,,,,,,,3,,,,,,,,,,0
72136a498240514aeb1e972d,东莞市水务集团管网有限公司(第四分公司),生活服务,公用事业,广东省,东莞市,,广东省东莞市万道路2号5栋,72136a498240514aeb1e972d,1,0,113.695485,23.025145,(0769)88386086,life,http://api.map.baidu.com/place/detail?uid=72136a498240514aeb1e972d&output=html&source=placeapi_v2,,,,,,,,,,,,,,,,,,,,0
9da25c57bb62ad38c17da228,兴华燃气连锁,生活服务,公用事业,广东省,东莞市,,东莞市泰新路昌龙公寓北侧约80米,,1,0,113.702335,23.031657,,life,http://api.map.baidu.com/place/detail?uid=9da25c57bb62ad38c17da228&output=html&source=placeapi_v2,,,,,,,,,,3,,,,,,,,113.70222308951,23.031666686502,0
321407e1912f9476db13180d,阳光海岸客户服务中心,生活服务,公用事业,广东省,东莞市,,广东省东莞市阳光商业街阳光海岸西侧约40米,321407e1912f9476db13180d,1,0,113.718807,23.035386,"(0769)23152390,(0769)23152391",life,http://api.map.baidu.com/place/detail?uid=321407e1912f9476db13180d&output=html&source=placeapi_v2,,,,,,,,,,4,,,,,,,,113.71883703432,23.035247835966,0
fd7407b58bdd30e52eb96d47,杭川水利水电,生活服务,公用事业,广东省,东莞市,,龙湾南路七巷20号101,,1,0,113.723153,23.026041,(0769)22281321,life,http://api.map.baidu.com/place/detail?uid=fd7407b58bdd30e52eb96d47&output=html&source=placeapi_v2,,,,,,,,,,4,,,,,,,,113.72307646231,23.025993410551,0
f3c8f243806af02383a00cf1,宗升冷气工程有限公司,生活服务,公用事业,广东省,东莞市,,广东省东莞市万江大新路278号107,,1,0,113.702227,23.039031,"(0769)22184672,13712593923",life,http://api.map.baidu.com/place/detail?uid=f3c8f243806af02383a00cf1&output=html&source=placeapi_v2,,,,,,,,,,1,,,,,,,,113.7022152527,23.038998407003,0
2348fb056e73f92440024504,东莞市盟彦电力建设有限公司,生活服务,公用事业,广东省,东莞市,,东莞市光明路金福苑南侧约120米,,1,0,113.699813,23.037578,,life,http://api.map.baidu.com/place/detail?uid=2348fb056e73f92440024504&output=html&source=placeapi_v2,,,,,,,,,,2,,,,,,,,,,0
7db3b48c322c9fe47adbd236,东莞新奥燃气客户服务中心(胜和路),生活服务,公用事业,广东省,东莞市,,广东省东莞市胜和路金盈大厦1层12~14号,7db3b48c322c9fe47adbd236,1,0,113.753999,23.024478,(0769)95158,life,http://api.map.baidu.com/place/detail?uid=7db3b48c322c9fe47adbd236&output=html&source=placeapi_v2,,09:00-18:00,3,,,,,,,26,5,,,,,,,113.75405409034,23.024414499147,0
1c4d815460c4e2e2e215f952,新奥燃气有限公司,生活服务,公用事业,广东省,东莞市,,广东省东莞市胜和路金盈大厦1楼,1c4d815460c4e2e2e215f952,1,0,113.75399,23.024375,,life,http://api.map.baidu.com/place/detail?uid=1c4d815460c4e2e2e215f952&output=html&source=placeapi_v2,,,,,,,,,,1,,,,,,,,113.75405467603,23.024414596767,0
aef6abb67f61395fafee7afa,广东南海电力设计院有限公司,生活服务,公用事业,广东省,东莞市,,广东省东莞市胜和路3号胜和广场b栋15楼,aef6abb67f61395fafee7afa,1,0,113.755104,23.028001,,life,http://api.map.baidu.com/place/detail?uid=aef6abb67f61395fafee7afa&output=html&source=placeapi_v2,,09:00-18:00,,,,,,,,,,,,,,,,,,0
48e597435ae9ec18e91e97f3,智能光宽带,生活服务,公用事业,广东省,东莞市,,东莞市鸿福路兆炫财富大厦西南侧约50米,48e597435ae9ec18e91e97f3,1,0,113.753144,23.022361,,life,http://api.map.baidu.com/place/detail?uid=48e597435ae9ec18e91e97f3&output=html&source=placeapi_v2,,,,,,,,,,,,,,,,,,,,0
7b0fd3c88ad14d582806ce33,中国南方电网,生活服务,公用事业,广东省,东莞市,,东莞市亨元路东莞南城印象汇西南侧约30米,7b0fd3c88ad14d582806ce33,1,0,113.751124,23.020245,(0769)22414395,life,http://api.map.baidu.com/place/detail?uid=7b0fd3c88ad14d582806ce33&output=html&source=placeapi_v2,,09:00-18:00,,,,,,,,5,,,,,,,,113.75109293222,23.020463094899,0
51cca37e2236be0e4d5547fb,然然锂电站,生活服务,公用事业,广东省,东莞市,,广东省东莞市美丰路6号,,1,0,113.750928,23.017036,,life,http://api.map.baidu.com/place/detail?uid=51cca37e2236be0e4d5547fb&output=html&source=placeapi_v2,,08:30-23:00,,,,,,,,1,,,,,,,,,,0
d41b7843f5ce369201294f37,粤丰环保电力有限公司,生活服务,公用事业,广东省,东莞市,,广东省东莞市三元路2号粤丰大厦24~26楼,d41b7843f5ce369201294f37,1,0,113.7453,23.013609,,life,http://api.map.baidu.com/place/detail?uid=d41b7843f5ce369201294f37&output=html&source=placeapi_v2,,09:00-18:00,,,,,,,,,,,,,,,,113.74521705929,23.013469879202,0
60c7846c38be5b9cf02d8319,电网公司供电局客户服务中心,生活服务,公用事业,广东省,东莞市,,广东省东莞市南城区体育路15号,60c7846c38be5b9cf02d8319,1,0,113.764247,23.028729,,life,http://api.map.baidu.com/place/detail?uid=60c7846c38be5b9cf02d8319&output=html&source=placeapi_v2,,,2.5,,,,,,,,2,,,,,,,113.76411376099,23.028640634321,0
dc3a830eb228e192f50e77f5,广东广电网络(南城营业厅),生活服务,公用事业,广东省,东莞市,,广东省东莞市宏远花园一街1号,dc3a830eb228e192f50e77f5,1,0,113.739497,23.014192,,life,http://api.map.baidu.com/place/detail?uid=dc3a830eb228e192f50e77f5&output=html&source=placeapi_v2,,09:00-18:00,3,,,,,,,15,2,,,,,,,113.73951453237,23.014289373166,0
934b3b2b70976b3522022000,中液石油气(新苑送气站),生活服务,公用事业,广东省,东莞市,,广东省东莞市新苑街28号,934b3b2b70976b3522022000,1,0,113.758794,23.040623,(0769)22481111,life,http://api.map.baidu.com/place/detail?uid=934b3b2b70976b3522022000&output=html&source=placeapi_v2,,09:00-18:00,0.0,,,,,,,15,,,,,,,,,,0
2e52f0e65b2c218700ec01d9,市自来水公司,生活服务,公用事业,广东省,东莞市,,东莞市元岭路62号,2e52f0e65b2c218700ec01d9,1,0,113.762726,23.033897,,life,http://api.map.baidu.com/place/detail?uid=2e52f0e65b2c218700ec01d9&output=html&source=placeapi_v2,,,,,,,,,,3,,,,,,,,113.76276709683,23.033880866867,0
96fa3c70088ec12f5fd4febd,东莞市水务集团供水有限公司(莞城分公司),生活服务,公用事业,广东省,东莞市,,广东省东莞市元岭路80号,,1,0,113.762671,23.033844,(0769)22211714,life,http://api.map.baidu.com/place/detail?uid=96fa3c70088ec12f5fd4febd&output=html&source=placeapi_v2,,,,,,,,,,3,,,,,,,,,,0
284fa825d8c4a0ceae0457fd,南方电网合格供应商,生活服务,公用事业,广东省,东莞市,,东莞市环中路银峰花园,284fa825d8c4a0ceae0457fd,1,0,113.765138,23.032943,(0769)86222285,life,http://api.map.baidu.com/place/detail?uid=284fa825d8c4a0ceae0457fd&output=html&source=placeapi_v2,,,,,,,,,,4,,,,,,,,,,0
ea078b4ea3e5b84f077ce8b1,元岭变电站客服中心,生活服务,公用事业,广东省,东莞市,,广东省东莞市体育路15号,ea078b4ea3e5b84f077ce8b1,1,0,113.764585,23.02938,,life,http://api.map.baidu.com/place/detail?uid=ea078b4ea3e5b84f077ce8b1&output=html&source=placeapi_v2,,,,,,,,,,,,,,,,,,,,0
58125aa5c31dbf2b1b11d5d7,东莞市新奥车用燃气发展有限公司,生活服务,公用事业,广东省,东莞市,,广东东莞市莞城区八达路81号6层,58125aa5c31dbf2b1b11d5d7,1,0,113.759466,23.038124,,life,http://api.map.baidu.com/place/detail?uid=58125aa5c31dbf2b1b11d5d7&output=html&source=placeapi_v2,,,,,,,,,,,,,,,,,,113.75946626515,23.038124195969,0
67ba42e0eeaf8d35f82d6107,兴华燃气连锁,生活服务,公用事业,广东省,东莞市,,广东省东莞市创业振兴街7号,67ba42e0eeaf8d35f82d6107,1,0,113.750304,23.039127,"(0769)22481759,18925558288",life,http://api.map.baidu.com/place/detail?uid=67ba42e0eeaf8d35f82d6107&output=html&source=placeapi_v2,,09:00-18:00,,,,,,,,5,,,,,,,,113.75020993743,23.039154856617,0
6c59e9f90a7898174002459b,兴华管道燃气运营中心(江南世家南),生活服务,公用事业,广东省,东莞市,,广东省东莞市宏远活力康城A18号铺,6c59e9f90a7898174002459b,1,0,113.733502,23.021504,(0769)21688066,life,http://api.map.baidu.com/place/detail?uid=6c59e9f90a7898174002459b&output=html&source=placeapi_v2,,08:00-19:00,,,,,,,,11,,,,,,,,113.73355337432,23.021550523941,0
8b4ce2905a8f9495c91b958a,东江自来水有限公司(元岭营业厅),生活服务,公用事业,广东省,东莞市,,广东省东莞市元岭路84-90号,8b4ce2905a8f9495c91b958a,1,0,113.762713,23.033877,,life,http://api.map.baidu.com/place/detail?uid=8b4ce2905a8f9495c91b958a&output=html&source=placeapi_v2,,09:00-18:00,,,,,,,,,,,,,,,,,,0
04314c39d3240beac9e33ce0,兴华燃气连锁,生活服务,公用事业,广东省,东莞市,,东莞市红山路红山大厦北侧约130米,04314c39d3240beac9e33ce0,1,0,113.758059,23.034553,,life,http://api.map.baidu.com/place/detail?uid=04314c39d3240beac9e33ce0&output=html&source=placeapi_v2,,07:30-19:00,,,,,,,,5,,,,,,,,113.7579057405,23.034515460351,0
2a62f4766b59ae7f28201a55,长城宽带(红山路店),生活服务,公用事业,广东省,东莞市,,东莞市红山路金晖花园南侧约150米,2a62f4766b59ae7f28201a55,1,0,113.757628,23.03486,,life,http://api.map.baidu.com/place/detail?uid=2a62f4766b59ae7f28201a55&output=html&source=placeapi_v2,,,,,,,,,,1,,,,,,,,,,0
3c5881ac61d7612beb56fa20,瑞格暖通燃气,生活服务,公用事业,广东省,东莞市,,广东省东莞市和兴街聚丰五金机电批发市场(元岭路一巷),3c5881ac61d7612beb56fa20,1,0,113.761528,23.036558,"(0769)22770520,18825868657,4001889898",life,http://api.map.baidu.com/place/detail?uid=3c5881ac61d7612beb56fa20&output=html&source=placeapi_v2,,,,,,,,,,4,,,,,,,,113.76162472351,23.0365349188,0
1cdea1378ac2d023fa0cadc1,东城管道燃气运营中心,生活服务,公用事业,广东省,东莞市,,东莞市康乐路还翠庭,1cdea1378ac2d023fa0cadc1,1,0,113.78205,23.03511,"(0769)22455685,(0769)22455692",life,http://api.map.baidu.com/place/detail?uid=1cdea1378ac2d023fa0cadc1&output=html&source=placeapi_v2,,08:00-19:00,5,,,,,,,10,5,,,,,,,113.78210356759,23.035085075128,0
010df317ae2ea2ed08ccddf5,24小时自助办税,生活服务,公用事业,广东省,东莞市,,广东省东莞市东源路65号,010df317ae2ea2ed08ccddf5,1,0,113.788351,23.034313,,life,http://api.map.baidu.com/place/detail?uid=010df317ae2ea2ed08ccddf5&output=html&source=placeapi_v2,,00:00-24:00,,,,,,,,4,,,,,,,,,,0
ff454eaa9e61f15009a8d459,东莞市东城兴华燃气有限公司(东城气站),生活服务,公用事业,广东省,东莞市,,广东省东莞市运河西一路9~11号铺,ff454eaa9e61f15009a8d459,1,0,113.782526,23.03259,,life,http://api.map.baidu.com/place/detail?uid=ff454eaa9e61f15009a8d459&output=html&source=placeapi_v2,,09:00-18:00,0,,,,,,,16,5,,,,,,,113.78245529462,23.032479995986,0
e3723208600a5346f4eafc1e,长城宽带(涡岭草岭路店),生活服务,公用事业,广东省,东莞市,,东莞市涡岭草岭路月德楼西南侧约30米,e3723208600a5346f4eafc1e,1,0,113.778419,23.033086,,life,http://api.map.baidu.com/place/detail?uid=e3723208600a5346f4eafc1e&output=html&source=placeapi_v2,,,,,,,,,,1,,,,,,,,,,0
7c0f32ef2aa222a0e31103da,广东广电网络(东城南路店),生活服务,公用事业,广东省,东莞市,,广东省东莞市东城南路18~19号,7c0f32ef2aa222a0e31103da,1,0,113.776635,23.032659,,life,http://api.map.baidu.com/place/detail?uid=7c0f32ef2aa222a0e31103da&output=html&source=placeapi_v2,,09:00-18:00,,,,,,,,,,,,,,,,113.77668288582,23.032747449076,0
9b854d995da4ef7036b06ca9,中国南方电网广东电网公司东莞供电局寮步良平仓库,生活服务,公用事业,广东省,东莞市,,东莞市百业西路力辰大厦东侧约170米,9b854d995da4ef7036b06ca9,1,0,113.834334,23.021714,,life,http://api.map.baidu.com/place/detail?uid=9b854d995da4ef7036b06ca9&output=html&source=placeapi_v2,,,0.0,,,,,,,3,1,,,,,,,113.83446652337,23.021605708751,0
82b0e7e06d3704fe4107c107,广东电网东莞供电局物流中心(百业五金电子城店),生活服务,公用事业,广东省,东莞市,,东莞市横星路百业五金电子城,82b0e7e06d3704fe4107c107,1,0,113.829691,23.021144,,life,http://api.map.baidu.com/place/detail?uid=82b0e7e06d3704fe4107c107&output=html&source=placeapi_v2,,08:00-18:00,,,,,,,,2,,,,,,,,113.83022486579,23.020776021254,0
e758957c4241e2de4e55478c,广东旗峰电力科技有限公司,生活服务,公用事业,广东省,东莞市,,广东省东莞市五街20号,,1,0,113.829016,23.021522,"(0769)87086559,13809828072",life,http://api.map.baidu.com/place/detail?uid=e758957c4241e2de4e55478c&output=html&source=placeapi_v2,,,,,,,,,,6,,,,,,,,113.82905161771,23.021571249784,0
f013e76231d355b9a2046497,下岭贝煤气公司,生活服务,公用事业,广东省,东莞市,,东莞市寮步镇下岭贝工业区思源巷27号,f013e76231d355b9a2046497,1,0,113.844566,23.030005,,life,http://api.map.baidu.com/place/detail?uid=f013e76231d355b9a2046497&output=html&source=placeapi_v2,,,,,,,,,,,1,,,,,,,113.8445013487,23.030000925418,0
4d58d264af8651ae3310af07,中国南方电网广东电网有限责任公司,生活服务,公用事业,广东省,东莞市,,东莞市横星路东莞市开关厂有限公司,4d58d264af8651ae3310af07,1,0,113.831684,23.018865,,life,http://api.map.baidu.com/place/detail?uid=4d58d264af8651ae3310af07&output=html&source=placeapi_v2,,,,,,,,,,1,,,,,,,,,,0
f20029fc5ab91f29cd04efca,街电(广场便利店),生活服务,公用事业,广东省,东莞市,,东莞市和庆街童嘉乐幼儿园(和庆街)东南侧约230米,f20029fc5ab91f29cd04efca,1,0,113.836716,23.036176,,life,http://api.map.baidu.com/place/detail?uid=f20029fc5ab91f29cd04efca&output=html&source=placeapi_v2,,00:00-24:00,,,,,,,,1,,,,,,,,,,0
d9a8cb39e0cbd5bc932ca36c,东莞市在安液化石油气有限公司,生活服务,公用事业,广东省,东莞市,,东莞市思源巷寮步岭厦幼儿园西侧约200米,d9a8cb39e0cbd5bc932ca36c,1,0,113.844653,23.030148,,life,http://api.map.baidu.com/place/detail?uid=d9a8cb39e0cbd5bc932ca36c&output=html&source=placeapi_v2,,,,,,,,,,1,1,,,,,,,113.84449736112,23.030147907459,0
cd8e5088fe415463b7265527,东莞市水务集团净水公司(东城温塘分公司),生活服务,公用事业,广东省,东莞市,,广东省东莞市滨河路100号,cd8e5088fe415463b7265527,1,0,113.846598,23.036328,,life,http://api.map.baidu.com/place/detail?uid=cd8e5088fe415463b7265527&output=html&source=placeapi_v2,,,,,,,,,,1,,,,,,,,113.84664459066,23.036079173166,0
a0805fb4af332caba4c75633,东莞市富盈人生电力工程有限公司,生活服务,公用事业,广东省,东莞市,,广东省东莞市宝塘路金湖花园,,1,0,113.822167,23.033613,,life,http://api.map.baidu.com/place/detail?uid=a0805fb4af332caba4c75633&output=html&source=placeapi_v2,,,,,,,,,,3,,,,,,,,113.82238214486,23.03359177016,0
fe2d928d978eeee288fc06e2,顺能电力实业有限公司,生活服务,公用事业,广东省,东莞市,,广东省东莞市大塘边路23号101室,fe2d928d978eeee288fc06e2,1,0,113.838987,23.041849,,life,http://api.map.baidu.com/place/detail?uid=fe2d928d978eeee288fc06e2&output=html&source=placeapi_v2,,,,,,,,,,3,,,,,,,,113.83908677242,23.041828669054,0
2bc072d1a7fa8d2e7c29bd30,长城宽带(温竹路店),生活服务,公用事业,广东省,东莞市,,东莞市昌隆新街温塘永建市场(大塘边路)西侧约30米,2bc072d1a7fa8d2e7c29bd30,1,0,113.836589,23.041944,,life,http://api.map.baidu.com/place/detail?uid=2bc072d1a7fa8d2e7c29bd30&output=html&source=placeapi_v2,,,,,,,,,,1,,,,,,,,,,0
431eab0eeeb685bbf4b91679,广东中业电力科技有限公司,生活服务,公用事业,广东省,东莞市,,广东省东莞市爱业路7号,,1,0,113.885507,23.029917,15899926118,life,http://api.map.baidu.com/place/detail?uid=431eab0eeeb685bbf4b91679&output=html&source=placeapi_v2,,,,,,,,,,2,,,,,,,,,,0
eba9ca24d82d90ea420245e0,东莞市大安液化石油气有限公司,生活服务,公用事业,广东省,东莞市,,广东省东莞市东阳街58号,eba9ca24d82d90ea420245e0,1,0,113.887881,23.03378,(0769)82312345,life,http://api.map.baidu.com/place/detail?uid=eba9ca24d82d90ea420245e0&output=html&source=placeapi_v2,,,,,,,,,,6,,,,,,,,113.88799300578,23.033798123625,0
def40810500ffbd73310af33,联振工业气站,生活服务,公用事业,广东省,东莞市,,东莞市莞樟路凯乐大厦东侧约90米,def40810500ffbd73310af33,1,0,113.882473,23.009071,(0769)83321275,life,http://api.map.baidu.com/place/detail?uid=def40810500ffbd73310af33&output=html&source=placeapi_v2,,00:00-24:00,,,,,,,,8,,,,,,,,113.88250135428,23.009090382265,0
740e537600defcb4276e985b,东莞昊燃,生活服务,公用事业,广东省,东莞市,,东莞市寮步立交桥国油能源加油站西侧约240米,740e537600defcb4276e985b,1,0,113.865312,23.021619,(0769)83219198,life,http://api.map.baidu.com/place/detail?uid=740e537600defcb4276e985b&output=html&source=placeapi_v2,,,,,,,,,,9,,,,,,,,,,0
c580f29329511adeddee8b6e,东莞市广雁电力工程有限公司,生活服务,公用事业,广东省,东莞市,,东莞市翠香路东莞市寮步派出所西南侧约30米,c580f29329511adeddee8b6e,1,0,113.892145,23.011761,,life,http://api.map.baidu.com/place/detail?uid=c580f29329511adeddee8b6e&output=html&source=placeapi_v2,,,,,,,,,,1,,,,,,,,,,0
b3aa435d55938d0b1576436b,中国南方电网(望牛墩营业厅),生活服务,公用事业,广东省,东莞市,,广东省东莞市镇中路35号,b3aa435d55938d0b1576436b,1,0,113.662471,23.056648,,life,http://api.map.baidu.com/place/detail?uid=b3aa435d55938d0b1576436b&output=html&source=placeapi_v2,,09:00-18:00,5,,,,,,,14,1,,,,,,,113.6620808328,23.056796456483,0
8be0a7659a248eb1b6147f53,望牛墩供水公司收费处,生活服务,公用事业,广东省,东莞市,,东莞市振兴路望牛墩镇人民政府西南侧约110米,8be0a7659a248eb1b6147f53,1,0,113.661271,23.06052,(0769)88858906,life,http://api.map.baidu.com/place/detail?uid=8be0a7659a248eb1b6147f53&output=html&source=placeapi_v2,,08:30-14:00,5.0,,,,,,,5,1,,,,,,,,,0
c148736ed10af9cec92915d2,望牛墩供水公司,生活服务,公用事业,广东省,东莞市,,东莞市丰源路望牛墩镇中心小学西侧约150米,c148736ed10af9cec92915d2,1,0,113.658638,23.064381,,life,http://api.map.baidu.com/place/detail?uid=c148736ed10af9cec92915d2&output=html&source=placeapi_v2,,,,,,,,,,2,,,,,,,,,,0
a9bfe8d0fa370f856f47602b,东莞市万江区天地信达水务有限公司,生活服务,公用事业,广东省,东莞市,,广东省东莞市汾溪路257号,a9bfe8d0fa370f856f47602b,1,2,113.669731,23.04408,,life,http://api.map.baidu.com/place/detail?uid=a9bfe8d0fa370f856f47602b&output=html&source=placeapi_v2,,09:00-18:30,,,,,,,,3,,,,,,,,113.67035747571,23.043847477392,2
2ca3862a75a3286b45e2741e,粤通卡广深高速(望牛墩站高速公路服务点),生活服务,公用事业,广东省,东莞市,,东莞市望牛墩立交福盈酒店北侧约130米,2ca3862a75a3286b45e2741e,1,0,113.655305,23.045666,,life,http://api.map.baidu.com/place/detail?uid=2ca3862a75a3286b45e2741e&output=html&source=placeapi_v2,,,,,,,,,,,,,,,,,,,,0
f77c57522912dce308f5ebb5,兴华燃气连锁望牛墩供气站,生活服务,公用事业,广东省,东莞市,,广东省东莞市文昌路39号,f77c57522912dce308f5ebb5,1,0,113.672677,23.065403,(0769)88566298,life,http://api.map.baidu.com/place/detail?uid=f77c57522912dce308f5ebb5&output=html&source=placeapi_v2,,07:30-19:00,,,,,,,,7,,,,,,,,113.67282139388,23.065488167553,0
43b4209efd3f80476f4760da,东莞市华力冷气工程有限公司,生活服务,公用事业,广东省,东莞市,,广东省东莞市东兴路11号,43b4209efd3f80476f4760da,1,0,113.671498,23.069351,"(0769)38802338,13925512575",life,http://api.map.baidu.com/place/detail?uid=43b4209efd3f80476f4760da&output=html&source=placeapi_v2,,,,,,,,,,,,,,,,,,113.67226251849,23.069049843685,0
8795c9b3d05eed51e607389f,兴华燃气连锁,生活服务,公用事业,广东省,东莞市,,广东省东莞市X885(北环路),,1,0,113.666406,23.070288,,life,http://api.map.baidu.com/place/detail?uid=8795c9b3d05eed51e607389f&output=html&source=placeapi_v2,,07:30-19:00,,,,,,,,8,1,,,,,,,113.66634604215,23.070067077974,0
fc1634503d9beff916a1906c,喜威石油气(聚龙江供应站),生活服务,公用事业,广东省,东莞市,,广东省东莞市新东路25号,,1,0,113.664213,23.070745,(0769)22497388,life,http://api.map.baidu.com/place/detail?uid=fc1634503d9beff916a1906c&output=html&source=placeapi_v2,,00:00-24:00,,,,,,,,5,,,,,,,,,,0
f2c07f17f1adb18da6da39df,中国南方电网,生活服务,公用事业,广东省,东莞市,,东莞市横江街与庆云街交叉路口东北侧,f2c07f17f1adb18da6da39df,1,0,113.662379,23.067687,,life,http://api.map.baidu.com/place/detail?uid=f2c07f17f1adb18da6da39df&output=html&source=placeapi_v2,,09:00-18:00,,,,,,,,1,,,,,,,,113.66233194063,23.06754557257,0
624956c7aaf501a93686f458,兴华燃气,生活服务,公用事业,广东省,东莞市,,广东省东莞市万江区大洲工业南路49号,,1,0,113.700822,23.050233,,life,http://api.map.baidu.com/place/detail?uid=624956c7aaf501a93686f458&output=html&source=placeapi_v2,,,,,,,,,,,,,,,,,,113.70078475776,23.05012929592,0
16f77b8edde4b38d22022009,广东电网能源发展有限公司输电运检公司东莞运检站,生活服务,公用事业,广东省,东莞市,,广东省东莞市万江区小享四坊街12号,,1,0,113.698526,23.071286,,life,http://api.map.baidu.com/place/detail?uid=16f77b8edde4b38d22022009&output=html&source=placeapi_v2,,,,,,,,,,2,,,,,,,,,,0
f7979a693fcbbbbeadb22aa3,广东电网公司东莞供电分局万江供电服务中心,生活服务,公用事业,广东省,东莞市,,东莞市石美莞穗路东悦酒店南50米,f7979a693fcbbbbeadb22aa3,1,2,113.723273,23.062398,(0769)22788995,life,http://api.map.baidu.com/place/detail?uid=f7979a693fcbbbbeadb22aa3&output=html&source=placeapi_v2,,09:00-18:30,0,,,,,,,5,2,,,,,,,113.72376206884,23.062294524881,2
b92b8fb1795204717069d38a,东莞市公路桥梁收费所,生活服务,公用事业,广东省,东莞市,,广东省东莞市东成路1号,b92b8fb1795204717069d38a,1,1,113.7142,23.068134,"(0769)22775591,(0769)22775592",life,http://api.map.baidu.com/place/detail?uid=b92b8fb1795204717069d38a&output=html&source=placeapi_v2,,,,,,,,,,1,,,,,,,,113.71401515043,23.068371816224,1
635df8b29d261e1c4657264b,中国南方电网东莞供电局万江供电服务中心,生活服务,公用事业,广东省,东莞市,,石美莞穗路东悦酒店南50米,635df8b29d261e1c4657264b,1,1,113.723048,23.061489,95598,life,http://api.map.baidu.com/place/detail?uid=635df8b29d261e1c4657264b&output=html&source=placeapi_v2,,09:00-18:30,0,,,,,,,11,3,,,,,,,113.72312811128,23.061428149312,1
f3c8f243806af02383a00cf1,宗升冷气工程有限公司,生活服务,公用事业,广东省,东莞市,,广东省东莞市万江大新路278号107,,1,0,113.702227,23.039031,"(0769)22184672,13712593923",life,http://api.map.baidu.com/place/detail?uid=f3c8f243806af02383a00cf1&output=html&source=placeapi_v2,,,,,,,,,,1,,,,,,,,113.7022152527,23.038998407003,0
3fb4fb62793a2d1d3fe231ae,长城宽带(兴隆街店),生活服务,公用事业,广东省,东莞市,,东莞市兴隆街东莞电机厂宿舍区,3fb4fb62793a2d1d3fe231ae,1,0,113.759117,23.057333,,life,http://api.map.baidu.com/place/detail?uid=3fb4fb62793a2d1d3fe231ae&output=html&source=placeapi_v2,,,,,,,,,,1,,,,,,,,,,0
dbf6c72bf5f6b329b9df8f28,东莞市东江自来水有限公司万江供水分公司(墟镇营业厅),生活服务,公用事业,广东省,东莞市,,东莞市东堤路万江街道综合办事楼东北侧约110米,dbf6c72bf5f6b329b9df8f28,1,0,113.745263,23.055012,(0769)22779032,life,http://api.map.baidu.com/place/detail?uid=dbf6c72bf5f6b329b9df8f28&output=html&source=placeapi_v2,,09:00-18:00,,,,,,,,16,,,,,,,,113.7453700003,23.055045009736,0
c4b39b2af86fcd6372210b09,东江自来水公司运河路营业厅,生活服务,公用事业,广东省,东莞市,,广东省东莞市运河西二路38号,c4b39b2af86fcd6372210b09,1,0,113.752931,23.047097,(0769)22478231,life,http://api.map.baidu.com/place/detail?uid=c4b39b2af86fcd6372210b09&output=html&source=placeapi_v2,,,4.0,,,,,,,10,1,,,,,,,113.7530155773,23.046991878446,0
d8aff74f6424810a41d63edb,中国南方电网东莞供电局供电服务中心,生活服务,公用事业,广东省,东莞市,,东莞市东堤路万江中心小学东北侧约50米,d8aff74f6424810a41d63edb,1,0,113.744367,23.057583,,life,http://api.map.baidu.com/place/detail?uid=d8aff74f6424810a41d63edb&output=html&source=placeapi_v2,,,,,,,,,,5,,,,,,,,113.74449901495,23.05762647545,0
df3b827b10778080f6c59c41,可园博物馆-邮局服务点,生活服务,公用事业,广东省,东莞市,,东莞市可园路32号可园博物馆,,1,0,113.750614,23.048441,,life,http://api.map.baidu.com/place/detail?uid=df3b827b10778080f6c59c41&output=html&source=placeapi_v2,,,,,,,,,,,,,,,,,,,,0
5745db6100f0b25b16a190e6,中国南方电网(城区运河营业厅),生活服务,公用事业,广东省,东莞市,,广东省东莞市东城路239号,5745db6100f0b25b16a190e6,1,0,113.759067,23.051043,,life,http://api.map.baidu.com/place/detail?uid=5745db6100f0b25b16a190e6&output=html&source=placeapi_v2,,09:00-18:30,,,,,,,,15,,,,,,,,113.75895893692,23.0510753927,0
722c975d628ea672eb12e487,冷气热水工程,生活服务,公用事业,广东省,东莞市,,东莞市新丰大街万江艺林小学东南侧约40米,722c975d628ea672eb12e487,1,0,113.75031,23.063054,15014787768,life,http://api.map.baidu.com/place/detail?uid=722c975d628ea672eb12e487&output=html&source=placeapi_v2,,,,,,,,,,4,,,,,,,,,,0
934b3b2b70976b3522022000,中液石油气(新苑送气站),生活服务,公用事业,广东省,东莞市,,广东省东莞市新苑街28号,934b3b2b70976b3522022000,1,0,113.758794,23.040623,(0769)22481111,life,http://api.map.baidu.com/place/detail?uid=934b3b2b70976b3522022000&output=html&source=placeapi_v2,,09:00-18:00,0.0,,,,,,,15,,,,,,,,,,0
e91fb1bd6f79a58cb75f1e72,东莞市东江自来水有限公司(万江供水分公司),生活服务,公用事业,广东省,东莞市,,广东省东莞市万龙路191号,e91fb1bd6f79a58cb75f1e72,1,0,113.741682,23.063762,(0769)28056220,life,http://api.map.baidu.com/place/detail?uid=e91fb1bd6f79a58cb75f1e72&output=html&source=placeapi_v2,,,,,,,,,,14,,,,,,,,113.74169540076,23.063741000297,0
6ddb48605b1344f8e311039c,中国南方电网广东电网东莞供电局输电管理所,生活服务,公用事业,广东省,东莞市,,广东省东莞市可园南路41号,6ddb48605b1344f8e311039c,1,0,113.752217,23.04445,,life,http://api.map.baidu.com/place/detail?uid=6ddb48605b1344f8e311039c&output=html&source=placeapi_v2,,09:00-18:00,,,,,,,,2,,,,,,,,113.75221759274,23.044325263086,0
f4b59b0c500a061cf32d8320,富民燃气,生活服务,公用事业,广东省,东莞市,,东莞市黄龙街石美公寓东南侧约180米,f4b59b0c500a061cf32d8320,1,0,113.736581,23.060389,(0769)85191111,life,http://api.map.baidu.com/place/detail?uid=f4b59b0c500a061cf32d8320&output=html&source=placeapi_v2,,,5,,,,,,,13,3,,,,,,,113.73649595008,23.060401649629,0
1e6b0823cdcd3b2e4f6d46c6,中液石油气,生活服务,公用事业,广东省,东莞市,,东莞市周屋围四巷梨川综合市场西北侧约160米,1e6b0823cdcd3b2e4f6d46c6,1,0,113.760029,23.062617,,life,http://api.map.baidu.com/place/detail?uid=1e6b0823cdcd3b2e4f6d46c6&output=html&source=placeapi_v2,,,,,,,,,,3,,,,,,,,113.7599212012,23.062484159979,0
c2b37ab965f0469c28d7abdd,广东电网东莞供电局试验研究所(可园南路),生活服务,公用事业,广东省,东莞市,,广东省东莞市莞城区可园南路41号,c2b37ab965f0469c28d7abdd,1,1,113.752348,23.044356,,life,http://api.map.baidu.com/place/detail?uid=c2b37ab965f0469c28d7abdd&output=html&source=placeapi_v2,,,,,,,,,,0,,,,,,,,113.75236240859,23.044614398461,1
fff63f93a5f47874b426559c,兴华燃气连锁(万江客户服务中心),生活服务,公用事业,广东省,东莞市,,东莞市金联路江滨花园-翠欣苑东侧,fff63f93a5f47874b426559c,1,0,113.735711,23.045063,,life,http://api.map.baidu.com/place/detail?uid=fff63f93a5f47874b426559c&output=html&source=placeapi_v2,,07:30-19:00,,,,,,,,6,,,,,,,,113.73568230268,23.045191755495,0
b9ada47818bead056c47606b,长城宽带授权办理点,生活服务,公用事业,广东省,东莞市,,东莞市长宁路花园新村西侧,b9ada47818bead056c47606b,1,0,113.764852,23.057649,,life,http://api.map.baidu.com/place/detail?uid=b9ada47818bead056c47606b&output=html&source=placeapi_v2,,,,,,,,,,2,,,,,,,,113.76491009535,23.05762291254,0
8406b0dd8f4b5f9bcf06a4f5,广东江河水务集团有限公司,生活服务,公用事业,广东省,东莞市,,广东省东莞市莞城区可园南路33号福禧大厦19楼,8406b0dd8f4b5f9bcf06a4f5,1,0,113.75234,23.043868,,life,http://api.map.baidu.com/place/detail?uid=8406b0dd8f4b5f9bcf06a4f5&output=html&source=placeapi_v2,,,,,,,,,,,,,,,,,,,,0
4741aea6aec21dd4223bf23d,广东中民燃气公司,生活服务,公用事业,广东省,东莞市,,广东省东莞市万高路1号第2栋第3层306室,4741aea6aec21dd4223bf23d,1,0,113.730739,23.053608,,life,http://api.map.baidu.com/place/detail?uid=4741aea6aec21dd4223bf23d&output=html&source=placeapi_v2,,,,,,,,,,,,,,,,,,113.73048551997,23.05369085827,0
1d8017c2b8ba7630593ac876,兴华燃气连锁,生活服务,公用事业,广东省,东莞市,,广东省东莞市沿河路8号,1d8017c2b8ba7630593ac876,1,0,113.76392,23.062857,,life,http://api.map.baidu.com/place/detail?uid=1d8017c2b8ba7630593ac876&output=html&source=placeapi_v2,,07:30-19:00,,,,,,,,8,,,,,,,,113.76397377984,23.062815885211,0
805afee61edfbddec91b9513,长城宽带(下高桥店),生活服务,公用事业,广东省,东莞市,,东莞市下高桥2-16号附近,805afee61edfbddec91b9513,1,0,113.748402,23.044895,,life,http://api.map.baidu.com/place/detail?uid=805afee61edfbddec91b9513&output=html&source=placeapi_v2,,,,,,,,,,2,,,,,,,,,,0
21d70f9d55f34e9149fc8d73,东城兴华燃气有限公司(博厦供应站),生活服务,公用事业,广东省,东莞市,,东莞市博厦工农街安安幼儿园(博厦二甲店)西南侧约170米,21d70f9d55f34e9149fc8d73,1,0,113.745102,23.042525,,life,http://api.map.baidu.com/place/detail?uid=21d70f9d55f34e9149fc8d73&output=html&source=placeapi_v2,,,,,,,,,,,,,,,,,,,,0
67ba42e0eeaf8d35f82d6107,兴华燃气连锁,生活服务,公用事业,广东省,东莞市,,广东省东莞市创业振兴街7号,67ba42e0eeaf8d35f82d6107,1,0,113.750304,23.039127,"(0769)22481759,18925558288",life,http://api.map.baidu.com/place/detail?uid=67ba42e0eeaf8d35f82d6107&output=html&source=placeapi_v2,,09:00-18:00,,,,,,,,5,,,,,,,,113.75020993743,23.039154856617,0
9548ae63652df4b36f4760ce,兴华燃气连锁,生活服务,公用事业,广东省,东莞市,,东莞市博厦工农街安安幼儿园(博厦二甲店)西南侧约190米,9548ae63652df4b36f4760ce,1,0,113.745289,23.042495,,life,http://api.map.baidu.com/place/detail?uid=9548ae63652df4b36f4760ce&output=html&source=placeapi_v2,,07:30-19:00,,,,,,,,7,,,,,,,,113.74498566028,23.042685506479,0
fb9a8230319558fbee74f8bb,中国南方电网,生活服务,公用事业,广东省,东莞市,,广东东莞市上江城581号,fb9a8230319558fbee74f8bb,1,0,113.749012,23.072317,,life,http://api.map.baidu.com/place/detail?uid=fb9a8230319558fbee74f8bb&output=html&source=placeapi_v2,,09:00-18:00,,,,,,,,3,,,,,,,,113.74881318735,23.072295251127,0
bc4414f3b833af0af6c59c50,中国南方电网广东电网有限责任公司东莞城区供电分局,生活服务,公用事业,广东省,东莞市,,广东省东莞市莞温路205号,bc4414f3b833af0af6c59c50,1,1,113.792974,23.052572,95598,life,http://api.map.baidu.com/place/detail?uid=bc4414f3b833af0af6c59c50&output=html&source=placeapi_v2,,09:00-18:00,2,,,,,,,14,3,,,,,,,113.79297073585,23.051407700558,1
084475a3ddcdf1694e776e36,中国南方电网广东电网有限责任公司东莞城区供电分局-南门,生活服务,公用事业,广东省,东莞市,,广东省东莞市莞温路205号,084475a3ddcdf1694e776e36,1,0,113.792983,23.051434,,life,http://api.map.baidu.com/place/detail?uid=084475a3ddcdf1694e776e36&output=html&source=placeapi_v2,,,,,,,,,,,,,,,,,,,,0
f21ddfed63c175a9601c672a,中国南方电网广东电网公司东莞供电局变电管理二所,生活服务,公用事业,广东省,东莞市,,广东省东莞市东宝路221号,f21ddfed63c175a9601c672a,1,0,113.791905,23.051186,,life,http://api.map.baidu.com/place/detail?uid=f21ddfed63c175a9601c672a&output=html&source=placeapi_v2,,09:00-18:00,0,,,,,,,5,1,,,,,,,113.79211730339,23.051178524638,0
b533ea4ae1a2983f4f6d4673,广东省广播电视网络股份有限公司东莞东城分公司(东城营业厅),生活服务,公用事业,广东省,东莞市,,广东省东莞市东宝路207号高峰楼c座11号,b533ea4ae1a2983f4f6d4673,1,0,113.79179,23.048872,(0769)22628796,life,http://api.map.baidu.com/place/detail?uid=b533ea4ae1a2983f4f6d4673&output=html&source=placeapi_v2,,09:00-18:30,0.0,,,,,,,6,2,,,,,,,113.79178695603,23.048793961611,0
6eddc4b22e66bfeca1d230dc,中国南方电网广东电网东莞供电局变电管理一所,生活服务,公用事业,广东省,东莞市,,广东省东莞市东宝路219号,6eddc4b22e66bfeca1d230dc,1,0,113.791831,23.050001,,life,http://api.map.baidu.com/place/detail?uid=6eddc4b22e66bfeca1d230dc&output=html&source=placeapi_v2,,"08:30-12:00,14:00-17:30",,,,,,,,5,,,,,,,,113.79209632886,23.050090047318,0
207db6d4f54509384054d704,润民市场收费处,生活服务,公用事业,广东省,东莞市,,东莞市华兴路盛远建材城东侧约40米,,1,0,113.787407,23.06429,,life,http://api.map.baidu.com/place/detail?uid=207db6d4f54509384054d704&output=html&source=placeapi_v2,,,,,,,,,,,,,,,,,,,,0
543af22fa0f55f17f942b287,东江自来水东城分公司,生活服务,公用事业,广东省,东莞市,,广东省东莞市银岭街9号,543af22fa0f55f17f942b287,1,0,113.79406,23.069817,(0769)22299852,life,http://api.map.baidu.com/place/detail?uid=543af22fa0f55f17f942b287&output=html&source=placeapi_v2,,,,,,,,,,,,,,,,,,113.79393702602,23.06972915843,0
f0be46acf903ba6c58f6be6d,深圳超鸿达电力建设有限公司,生活服务,公用事业,广东省,东莞市,,东莞市东城中路恒福大厦3楼312号,f0be46acf903ba6c58f6be6d,1,0,113.784826,23.053784,,life,http://api.map.baidu.com/place/detail?uid=f0be46acf903ba6c58f6be6d&output=html&source=placeapi_v2,,,,,,,,,,,,,,,,,,,,0
94f9b53a4db4f13e5ed4fe62,广东长城宽带网络服务有限公司(东莞分公司),生活服务,公用事业,广东省,东莞市,,广东省东莞市莞城区学院路21号东润文创园二期2楼,94f9b53a4db4f13e5ed4fe62,1,0,113.776189,23.053618,(0769)88988685,life,http://api.map.baidu.com/place/detail?uid=94f9b53a4db4f13e5ed4fe62&output=html&source=placeapi_v2,,09:00-21:00,0,,,,,,,0,0,,,,,,,113.7763282932,23.053653451875,0
4b131364c5b4db8bb8bd63f7,然然锂电站,生活服务,公用事业,广东省,东莞市,,东莞市高田坊新村一巷高盛楼,,1,0,113.79073,23.048903,,life,http://api.map.baidu.com/place/detail?uid=4b131364c5b4db8bb8bd63f7&output=html&source=placeapi_v2,,,,,,,,,,1,,,,,,,,113.79053344166,23.048832175296,0
fb4c2aac2ca3ec4b78f7962f,湖北水总水利水电建设股份有限公司东莞分公司,生活服务,公用事业,广东省,东莞市,,广东省东莞市东城中路恒泰大厦2层,fb4c2aac2ca3ec4b78f7962f,1,0,113.784483,23.049798,,life,http://api.map.baidu.com/place/detail?uid=fb4c2aac2ca3ec4b78f7962f&output=html&source=placeapi_v2,,,,,,,,,,,,,,,,,,113.78450974088,23.049368616139,0
24d05508c6dcafaf12882413,东莞市东江自来水有限公司东城供水分公司,生活服务,公用事业,广东省,东莞市,,广东省东莞市银岭街10号,24d05508c6dcafaf12882413,1,1,113.792575,23.071734,(0769)22299852,life,http://api.map.baidu.com/place/detail?uid=24d05508c6dcafaf12882413&output=html&source=placeapi_v2,,09:00-18:00,,,,,,,,4,,,,,,,,113.79223956187,23.07134770253,1
b6f9f5872bb8dd2d38221ce0,厂家直销燃气灶,生活服务,公用事业,广东省,东莞市,,东莞市塘中路小塘坣村综合市场东南侧约120米,b6f9f5872bb8dd2d38221ce0,1,0,113.803027,23.056982,,life,http://api.map.baidu.com/place/detail?uid=b6f9f5872bb8dd2d38221ce0&output=html&source=placeapi_v2,,,,,,,,,,,,,,,,,,,,0
4e0213c52cfd028fae080ffe,云清人力服务点,生活服务,公用事业,广东省,东莞市,,广东省东莞市塘兴路珑恩育晟幼儿园西侧,,1,0,113.80321,23.058922,18938520083,life,http://api.map.baidu.com/place/detail?uid=4e0213c52cfd028fae080ffe&output=html&source=placeapi_v2,,,,,,,,,,3,,,,,,,,,,0
67460613566ff4025e0d0218,兴华燃气连锁,生活服务,公用事业,广东省,东莞市,,东莞市银珠街侨苑山庄东南侧约130米,,1,0,113.799347,23.060025,,life,http://api.map.baidu.com/place/detail?uid=67460613566ff4025e0d0218&output=html&source=placeapi_v2,,09:00-18:00,,,,,,,,4,,,,,,,,,,0
cff83a509e793187441a32e2,东莞市乐盈纸品有限公司,生活服务,公用事业,广东省,东莞市,,广东省东莞市横街2号3楼,cff83a509e793187441a32e2,1,0,113.801273,23.045491,"(0769)23608928,(0769)23608968",life,http://api.map.baidu.com/place/detail?uid=cff83a509e793187441a32e2&output=html&source=placeapi_v2,,,,,,,,,,5,,,,,,,,,,0
78c7e6057060fd1f04026fb6,振兴路智慧社区服务厅,生活服务,公用事业,广东省,东莞市,,东莞市振兴路华御酒店(万达店)东南侧约60米,78c7e6057060fd1f04026fb6,1,0,113.800522,23.045524,,life,http://api.map.baidu.com/place/detail?uid=78c7e6057060fd1f04026fb6&output=html&source=placeapi_v2,,,,,,,,,,9,,,,,,,,113.80044730386,23.045508946066,0
8634b9fb9d1c557c28201ada,东江自来水有限公司东城供水分公司全民创安联防点,生活服务,公用事业,广东省,东莞市,,东莞市东城自来水公司(银岭街),,1,0,113.792223,23.071023,,life,http://api.map.baidu.com/place/detail?uid=8634b9fb9d1c557c28201ada&output=html&source=placeapi_v2,,,,,,,,,,,,,,,,,,,,0
fe2d928d978eeee288fc06e2,顺能电力实业有限公司,生活服务,公用事业,广东省,东莞市,,广东省东莞市大塘边路23号101室,fe2d928d978eeee288fc06e2,1,0,113.838987,23.041849,,life,http://api.map.baidu.com/place/detail?uid=fe2d928d978eeee288fc06e2&output=html&source=placeapi_v2,,,,,,,,,,3,,,,,,,,113.83908677242,23.041828669054,0
40fd1cfb485fcd1a9d82ea54,喜威石油气(温塘服务站),生活服务,公用事业,广东省,东莞市,,广东省东莞市温竹路79号,40fd1cfb485fcd1a9d82ea54,1,1,113.834278,23.042401,(0769)22171717,life,http://api.map.baidu.com/place/detail?uid=40fd1cfb485fcd1a9d82ea54&output=html&source=placeapi_v2,,00:00-24:00,,,,,,,,10,,,,,,,,113.8340634474,23.042286036967,1
2bc072d1a7fa8d2e7c29bd30,长城宽带(温竹路店),生活服务,公用事业,广东省,东莞市,,东莞市昌隆新街温塘永建市场(大塘边路)西侧约30米,2bc072d1a7fa8d2e7c29bd30,1,0,113.836589,23.041944,,life,http://api.map.baidu.com/place/detail?uid=2bc072d1a7fa8d2e7c29bd30&output=html&source=placeapi_v2,,,,,,,,,,1,,,,,,,,,,0
978a498f93857e51c03644ca,兴华燃气连锁,生活服务,公用事业,广东省,东莞市,,东莞市圃园东路与桑圃北路交叉路口往东北约120米,978a498f93857e51c03644ca,1,0,113.823791,23.063033,(0769)22257527,life,http://api.map.baidu.com/place/detail?uid=978a498f93857e51c03644ca&output=html&source=placeapi_v2,,07:30-19:00,,,,,,,,1,,,,,,,,,,0
c9247afbc8344bbe3617dc38,供电公司东城仓库,生活服务,公用事业,广东省,东莞市,,东莞市大塘边一横路德睿工业园东侧约100米,c9247afbc8344bbe3617dc38,1,0,113.844357,23.041227,,life,http://api.map.baidu.com/place/detail?uid=c9247afbc8344bbe3617dc38&output=html&source=placeapi_v2,,,,,,,,,,3,,,,,,,,113.84452018886,23.041174071382,0
203c47ce4672fb5d4f6d46ad,和资劳务派遣,生活服务,公用事业,广东省,东莞市,,东莞市温周路欣瑞工业园西南侧约140米,,1,0,113.832997,23.062276,13925736773,life,http://api.map.baidu.com/place/detail?uid=203c47ce4672fb5d4f6d46ad&output=html&source=placeapi_v2,,,,,,,,,,6,,,,,,,,113.83287057135,23.062280787468,0
494ca8dd3430928da1d2303f,喜威石油气(茶山卢边服务点),生活服务,公用事业,广东省,东莞市,,广东省东莞市爱民路112号,494ca8dd3430928da1d2303f,1,0,113.872274,23.051888,(0769)22171717,life,http://api.map.baidu.com/place/detail?uid=494ca8dd3430928da1d2303f&output=html&source=placeapi_v2,,00:00-24:00,,,,,,,,9,,,,,,,,113.87218900017,23.05191300969,0
bee957641c22de4d8f1a895a,智能光宽带,生活服务,公用事业,广东省,东莞市,,东莞市茶兴路小精英幼儿园东南侧约110米,bee957641c22de4d8f1a895a,1,0,113.886979,23.072119,,life,http://api.map.baidu.com/place/detail?uid=bee957641c22de4d8f1a895a&output=html&source=placeapi_v2,,,,,,,,,,1,,,,,,,,113.88716623773,23.0722615887,0
5bdfea9618cea847d4851f84,东莞市中堂溢源水务有限公司(北控水务集团),生活服务,公用事业,广东省,东莞市,,广东省东莞市滨河东路62号,,1,0,113.653757,23.082378,(0769)88118653,life,http://api.map.baidu.com/place/detail?uid=5bdfea9618cea847d4851f84&output=html&source=placeapi_v2,,09:00-18:00,,,,,,,,2,,,,,,,,113.6538540647,23.082079164849,0
be09880b9cb2f7312efaa7ba,红苹果饮水公司,生活服务,公用事业,广东省,东莞市,,广东省东莞市新东路东向市场11号铺,,1,0,113.653327,23.090024,"(0769)88127362,13168919878",life,http://api.map.baidu.com/place/detail?uid=be09880b9cb2f7312efaa7ba&output=html&source=placeapi_v2,,,,,,,,,,5,,,,,,,,,,0
592d5f9659ecfa3ad7851fa5,天天活力水乐源,生活服务,公用事业,广东省,东莞市,,中堂公安局分局对面,,1,0,113.651052,23.093906,(0769)88888777,life,http://api.map.baidu.com/place/detail?uid=592d5f9659ecfa3ad7851fa5&output=html&source=placeapi_v2,,08:00-22:30,,,,,,,,8,,,,,,,,113.65093411815,23.093933230425,0
acbe973bc52657c81e5800fe,中堂新奥燃气有限公司,生活服务,公用事业,广东省,东莞市,,广东省东莞市振兴路45号,acbe973bc52657c81e5800fe,1,0,113.659453,23.100605,,life,http://api.map.baidu.com/place/detail?uid=acbe973bc52657c81e5800fe&output=html&source=placeapi_v2,,,,,,,,,,,,,,,,,,113.6594979682,23.100695729808,0
8795c9b3d05eed51e607389f,兴华燃气连锁,生活服务,公用事业,广东省,东莞市,,广东省东莞市X885(北环路),,1,0,113.666406,23.070288,,life,http://api.map.baidu.com/place/detail?uid=8795c9b3d05eed51e607389f&output=html&source=placeapi_v2,,07:30-19:00,,,,,,,,8,1,,,,,,,113.66634604215,23.070067077974,0
fc1634503d9beff916a1906c,喜威石油气(聚龙江供应站),生活服务,公用事业,广东省,东莞市,,广东省东莞市新东路25号,,1,0,113.664213,23.070745,(0769)22497388,life,http://api.map.baidu.com/place/detail?uid=fc1634503d9beff916a1906c&output=html&source=placeapi_v2,,00:00-24:00,,,,,,,,5,,,,,,,,,,0
bd13386544f6f321471a32d0,中国南方电网,生活服务,公用事业,广东省,东莞市,,东莞市蕉利路祥泰门业(工厂店)东南侧,,1,0,113.67709,23.085271,,life,http://api.map.baidu.com/place/detail?uid=bd13386544f6f321471a32d0&output=html&source=placeapi_v2,,,,,,,,,,,,,,,,,,,,0
2bea13229e1e9bdda1a9346a,东莞市中梦燃气设备有限公司,生活服务,公用事业,广东省,东莞市,,广东省东莞市一横路十二巷3号,2bea13229e1e9bdda1a9346a,1,0,113.703306,23.087263,13510505927,life,http://api.map.baidu.com/place/detail?uid=2bea13229e1e9bdda1a9346a&output=html&source=placeapi_v2,,08:00-24:00,,,,,,,,3,,,,,,,,,,0
e345081e1e2aea5f9122e0f6,鲸山团购自提点,生活服务,公用事业,广东省,东莞市,,广东省东莞市东二巷8号,e345081e1e2aea5f9122e0f6,1,0,113.711859,23.09239,,life,http://api.map.baidu.com/place/detail?uid=e345081e1e2aea5f9122e0f6&output=html&source=placeapi_v2,,,,,,,,,,,,,,,,,,113.71185174331,23.092460461933,0
99be36287a292b18f8f0cbc2,东莞市凌力电池有限公司,生活服务,公用事业,广东省,东莞市,,广东省东莞市蚬涌工业路兴安筛网东北侧,99be36287a292b18f8f0cbc2,1,1,113.712637,23.076825,,life,http://api.map.baidu.com/place/detail?uid=99be36287a292b18f8f0cbc2&output=html&source=placeapi_v2,,,,,,,,,,5,,,,,,,,113.71257497177,23.07682345045,1
16f77b8edde4b38d22022009,广东电网能源发展有限公司输电运检公司东莞运检站,生活服务,公用事业,广东省,东莞市,,广东省东莞市万江区小享四坊街12号,,1,0,113.698526,23.071286,,life,http://api.map.baidu.com/place/detail?uid=16f77b8edde4b38d22022009&output=html&source=placeapi_v2,,,,,,,,,,2,,,,,,,,,,0
04dc3e16c824884dd618b7e3,东莞市高埗自来水有限公司,生活服务,公用事业,广东省,东莞市,,东莞市高埗镇沿江南路15号,04dc3e16c824884dd618b7e3,1,0,113.724448,23.086271,(0769)88871399,life,http://api.map.baidu.com/place/detail?uid=04dc3e16c824884dd618b7e3&output=html&source=placeapi_v2,,,,,,,,,,1,,,,,,,,113.72429074409,23.086310911333,0
b05cc09ee18da2116849f37b,供电公司(高埗镇),生活服务,公用事业,广东省,东莞市,,广东省东莞市振源一横路7号,b05cc09ee18da2116849f37b,1,0,113.724025,23.091388,(0769)88781518,life,http://api.map.baidu.com/place/detail?uid=b05cc09ee18da2116849f37b&output=html&source=placeapi_v2,,09:00-18:00,,,,,,,,,,,,,,,,113.72376877559,23.09131221312,0
8274ebfb40c772a34e2fdfd5,东莞市丰盟电力工程有限公司,生活服务,公用事业,广东省,东莞市,,广东省东莞市凤冲三分二巷8号,8274ebfb40c772a34e2fdfd5,1,0,113.702745,23.103688,(0769)88812028,life,http://api.map.baidu.com/place/detail?uid=8274ebfb40c772a34e2fdfd5&output=html&source=placeapi_v2,,,,,,,,,,6,1,,,,,,,113.70286717906,23.103794658999,0
33dc75f43309f62502897293,中国南方电网(高埗营业厅),生活服务,公用事业,广东省,东莞市,,广东省东莞市振源一横路7号,33dc75f43309f62502897293,1,1,113.723917,23.091261,,life,http://api.map.baidu.com/place/detail?uid=33dc75f43309f62502897293&output=html&source=placeapi_v2,,09:00-18:00,,,,,,,,15,,,,,,,,113.72379769743,23.09126226895,1
375c40d02cd4b9c3fb2d61bc,东江水务,生活服务,公用事业,广东省,东莞市,,东莞市沿江南路与莞潢南路交叉路口往东北约190米,375c40d02cd4b9c3fb2d61bc,1,0,113.756733,23.076101,,life,http://api.map.baidu.com/place/detail?uid=375c40d02cd4b9c3fb2d61bc&output=html&source=placeapi_v2,,,,,,,,,,,,,,,,,,113.75655548581,23.075869369668,0
d1b3fa411a4618bd420245a9,广东明电电力设备有限公司,生活服务,公用事业,广东省,东莞市,,广东省东莞市祁屋洲路1号,d1b3fa411a4618bd420245a9,1,1,113.742799,23.100596,"(0769)81309787,(0769)81309788",life,http://api.map.baidu.com/place/detail?uid=d1b3fa411a4618bd420245a9&output=html&source=placeapi_v2,,,,,,,,,,5,1,,,,,,,113.74255436768,23.100371109688,1
41986d4cdcd692833517dc60,广东广电网络东莞高埗营业厅(高埗大道店),生活服务,公用事业,广东省,东莞市,,高埗大道中文化广电大楼,41986d4cdcd692833517dc60,1,0,113.734625,23.091919,(0769)88873444,life,http://api.map.baidu.com/place/detail?uid=41986d4cdcd692833517dc60&output=html&source=placeapi_v2,,09:00-18:00,,,,,,,,3,,,,,,,,113.73466863947,23.09182874528,0
4813634801a39a55eee4a5c2,长城宽带(绿化路店),生活服务,公用事业,广东省,东莞市,,东莞市绿化路凌屋工业园区东侧约90米,4813634801a39a55eee4a5c2,1,0,113.745135,23.084415,13302616661,life,http://api.map.baidu.com/place/detail?uid=4813634801a39a55eee4a5c2&output=html&source=placeapi_v2,,,,,,,,,,7,,,,,,,,113.74514799128,23.084314138913,0
72ba84d9e83a85c53586f493,中国南方电网(广东电网公司东莞供电局),生活服务,公用事业,广东省,东莞市,,东莞市高龙路高埗镇人民政府北侧约200米,72ba84d9e83a85c53586f493,1,0,113.752555,23.10045,95598,life,http://api.map.baidu.com/place/detail?uid=72ba84d9e83a85c53586f493&output=html&source=placeapi_v2,,,,,,,,,,1,,,,,,,,113.75271680718,23.100486538375,0
123760e39dc2d7c888db73ff,东莞市高埗自来水有限公司(南片营业所),生活服务,公用事业,广东省,东莞市,,东莞市振兴东七横路高埗北联鸿运民生综合市场西侧,123760e39dc2d7c888db73ff,1,0,113.73221,23.09014,(0769)88871399,life,http://api.map.baidu.com/place/detail?uid=123760e39dc2d7c888db73ff&output=html&source=placeapi_v2,,00:00-24:00,,,,,,,,7,,,,,,,,,,0
49c8a2fcf53d0c1b3a13fdb2,永安燃气,生活服务,公用事业,广东省,东莞市,,东莞市高埗老广场对面,49c8a2fcf53d0c1b3a13fdb2,1,0,113.736062,23.090127,(0769)88787278,life,http://api.map.baidu.com/place/detail?uid=49c8a2fcf53d0c1b3a13fdb2&output=html&source=placeapi_v2,,07:00-19:00,,,,,,,,7,,,,,,,,,,0
c89eda4d24f53148a2d2307b,雪风冷气,生活服务,公用事业,广东省,东莞市,,广东省东莞市振兴东五横路138号,c89eda4d24f53148a2d2307b,1,0,113.733857,23.085844,"(0769)22170187,(0769)81308076,13711889702",life,http://api.map.baidu.com/place/detail?uid=c89eda4d24f53148a2d2307b&output=html&source=placeapi_v2,,,,,,,,,,19,,,,,,,,113.73391375293,23.085763050074,0
7a3bf439e7035eb9f4b91680,罗浮山水源取水点,生活服务,公用事业,广东省,东莞市,,东莞市振兴东七横路东莞市高埗弘正学校西北侧约30米,7a3bf439e7035eb9f4b91680,1,0,113.730568,23.087205,,life,http://api.map.baidu.com/place/detail?uid=7a3bf439e7035eb9f4b91680&output=html&source=placeapi_v2,,,,,,,,,,5,,,,,,,,,,0
155cee2cfdfcf2a500ec013b,中国南方电网(广东电网东莞供电局广东创成建设监理咨询有限公司监理项目部),生活服务,公用事业,广东省,东莞市,,东莞市中心中路汇涌市场东北侧约260米,,1,0,113.741525,23.102299,95598,life,http://api.map.baidu.com/place/detail?uid=155cee2cfdfcf2a500ec013b&output=html&source=placeapi_v2,,09:00-18:00,,,,,,,,,,,,,,,,113.7416348936,23.102495630734,0
91b8eaa2370661cd45e2742a,中国南方电网广东电网东莞供电局东莞市高宝电气安装工程有限公司施工项目部,生活服务,公用事业,广东省,东莞市,,东莞市振兴东九横路高埗北联鸿运民生综合市场西侧约120米,91b8eaa2370661cd45e2742a,1,0,113.7313,23.090408,,life,http://api.map.baidu.com/place/detail?uid=91b8eaa2370661cd45e2742a&output=html&source=placeapi_v2,,,,,,,,,,1,,,,,,,,,,0
596da77f1fefa84af942b282,三坊海力公司,生活服务,公用事业,广东省,东莞市,,广东省东莞市高埗镇冼沙管理区三坊海力公司,596da77f1fefa84af942b282,1,0,113.757448,23.10232,,life,http://api.map.baidu.com/place/detail?uid=596da77f1fefa84af942b282&output=html&source=placeapi_v2,,,,,,,,,,,,,,,,,,,,0
fb9a8230319558fbee74f8bb,中国南方电网,生活服务,公用事业,广东省,东莞市,,广东东莞市上江城581号,fb9a8230319558fbee74f8bb,1,0,113.749012,23.072317,,life,http://api.map.baidu.com/place/detail?uid=fb9a8230319558fbee74f8bb&output=html&source=placeapi_v2,,09:00-18:00,,,,,,,,3,,,,,,,,113.74881318735,23.072295251127,0
4c49241bca2465f9d22dd660,东莞市水务集团管网有限公司,生活服务,公用事业,广东省,东莞市,,广东省东莞市运河路5号,4c49241bca2465f9d22dd660,1,0,113.78208,23.073002,(0769)22001316,life,http://api.map.baidu.com/place/detail?uid=4c49241bca2465f9d22dd660&output=html&source=placeapi_v2,,08:30-17:30,,,,,,,,1,1,,,,,,,,,0
5f6487dd74afeb56f2193764,中国南方电网,生活服务,公用事业,广东省,东莞市,,东莞市甲塘十街合盛科技园东侧约150米,5f6487dd74afeb56f2193764,1,0,113.792658,23.093346,,life,http://api.map.baidu.com/place/detail?uid=5f6487dd74afeb56f2193764&output=html&source=placeapi_v2,,,,,,,,,,1,,,,,,,,113.79277266936,23.093390484017,0
543af22fa0f55f17f942b287,东江自来水东城分公司,生活服务,公用事业,广东省,东莞市,,广东省东莞市银岭街9号,543af22fa0f55f17f942b287,1,0,113.79406,23.069817,(0769)22299852,life,http://api.map.baidu.com/place/detail?uid=543af22fa0f55f17f942b287&output=html&source=placeapi_v2,,,,,,,,,,,,,,,,,,113.79393702602,23.06972915843,0
24d05508c6dcafaf12882413,东莞市东江自来水有限公司东城供水分公司,生活服务,公用事业,广东省,东莞市,,广东省东莞市银岭街10号,24d05508c6dcafaf12882413,1,1,113.792575,23.071734,(0769)22299852,life,http://api.map.baidu.com/place/detail?uid=24d05508c6dcafaf12882413&output=html&source=placeapi_v2,,09:00-18:00,,,,,,,,4,,,,,,,,113.79223956187,23.07134770253,1
9f0efab07714d1f4950319c3,广东电网公司东莞供电局技术技能实操基地,生活服务,公用事业,广东省,东莞市,,广东省东莞市莞龙路东城段210号,9f0efab07714d1f4950319c3,1,0,113.807927,23.078404,,life,http://api.map.baidu.com/place/detail?uid=9f0efab07714d1f4950319c3&output=html&source=placeapi_v2,,,,,,,,,,,,,,,,,,113.80690892319,23.079659612677,0
aea759c58f0a3905f6c59c75,广东电网公司仓库,生活服务,公用事业,广东省,东莞市,,东莞市富华路富华工业园北侧约250米,aea759c58f0a3905f6c59c75,1,0,113.77774,23.092886,,life,http://api.map.baidu.com/place/detail?uid=aea759c58f0a3905f6c59c75&output=html&source=placeapi_v2,,,,,,,,,,1,,,,,,,,,,0
8634b9fb9d1c557c28201ada,东江自来水有限公司东城供水分公司全民创安联防点,生活服务,公用事业,广东省,东莞市,,东莞市东城自来水公司(银岭街),,1,0,113.792223,23.071023,,life,http://api.map.baidu.com/place/detail?uid=8634b9fb9d1c557c28201ada&output=html&source=placeapi_v2,,,,,,,,,,,,,,,,,,,,0
98f21fa821b8067bf82d61fd,兴华燃气连锁,生活服务,公用事业,广东省,东莞市,,东莞市闸门头一巷东城上桥幼儿园南侧约50米,98f21fa821b8067bf82d61fd,1,0,113.796933,23.07503,,life,http://api.map.baidu.com/place/detail?uid=98f21fa821b8067bf82d61fd&output=html&source=placeapi_v2,,07:30-19:00,,,,,,,,6,,,,,,,,,,0
0ecbf609fdb913fedeee8b9d,兴华燃气连锁(基二横路),生活服务,公用事业,广东省,东莞市,,广东省东莞市基二横路鳌峙塘综合市场,0ecbf609fdb913fedeee8b9d,1,0,113.844171,23.09708,,life,http://api.map.baidu.com/place/detail?uid=0ecbf609fdb913fedeee8b9d&output=html&source=placeapi_v2,,09:00-18:00,,,,,,,,17,,,,,,,,,,0
75f2f46f0fa9afa11c38947f,东莞市力鹏电池有限公司,生活服务,公用事业,广东省,东莞市,,广东省东莞市三路5号永佳商贸大厦7层,,1,0,113.847243,23.092554,(0769)89918600,life,http://api.map.baidu.com/place/detail?uid=75f2f46f0fa9afa11c38947f&output=html&source=placeapi_v2,,,,,,,,,,,,,,,,,,,,0
8beabd4234ed00a73be4a60f,兴华燃气连锁(周屋路),生活服务,公用事业,广东省,东莞市,,温周路与周屋路交叉口旁,8beabd4234ed00a73be4a60f,1,0,113.831381,23.078394,,life,http://api.map.baidu.com/place/detail?uid=8beabd4234ed00a73be4a60f&output=html&source=placeapi_v2,,07:30-19:00,,,,,,,,14,,,,,,,,113.83136184209,23.078340666315,0
64967db29f6b9ff66cc02c1a,家佳冷气热水工程,生活服务,公用事业,广东省,东莞市,,东莞市周屋路利民小学西北侧约180米,64967db29f6b9ff66cc02c1a,1,0,113.830254,23.078805,13794879865,life,http://api.map.baidu.com/place/detail?uid=64967db29f6b9ff66cc02c1a&output=html&source=placeapi_v2,,08:30-20:30,,,,,,,,6,,,,,,,,113.83022457205,23.078736040604,0
426b73e1df77abe11d580095,东莞市东城区峡口社区人力资源服务站,生活服务,公用事业,广东省,东莞市,,广东省东莞市综合楼2楼,426b73e1df77abe11d580095,1,0,113.828011,23.093482,,life,http://api.map.baidu.com/place/detail?uid=426b73e1df77abe11d580095&output=html&source=placeapi_v2,,"08:30-12:00,14:00-17:30",,,,,,,,,,,,,,,,,,0
eec237341011d3f1f7eafcd4,广东电网公司,生活服务,公用事业,广东省,东莞市,,东莞市茶兴北路茶山镇政府西南侧约60米,eec237341011d3f1f7eafcd4,1,0,113.874533,23.082589,,life,http://api.map.baidu.com/place/detail?uid=eec237341011d3f1f7eafcd4&output=html&source=placeapi_v2,,,,,,,,,,7,,,,,,,,113.87468698747,23.082713612392,0
fc2223ee3b75fc872fb17ed9,粤安电力工程有限公司,生活服务,公用事业,广东省,东莞市,,广东省东莞市温泉南路33号5楼,fc2223ee3b75fc872fb17ed9,1,0,113.875825,23.093284,(0769)86182038,life,http://api.map.baidu.com/place/detail?uid=fc2223ee3b75fc872fb17ed9&output=html&source=placeapi_v2,,09:00-18:00,,,,,,,,,,,,,,,,113.87601689284,23.093349527333,0
7575820b5e9cb4ce41e19249,东莞市茶山自来水公司-营业部,生活服务,公用事业,广东省,东莞市,,广东省东莞市东岳路108号,7575820b5e9cb4ce41e19249,1,0,113.882242,23.075268,(0769)86642448,life,http://api.map.baidu.com/place/detail?uid=7575820b5e9cb4ce41e19249&output=html&source=placeapi_v2,,,,,,,,,,,,,,,,,,113.88210715357,23.07539180027,0
bee957641c22de4d8f1a895a,智能光宽带,生活服务,公用事业,广东省,东莞市,,东莞市茶兴路小精英幼儿园东南侧约110米,bee957641c22de4d8f1a895a,1,0,113.886979,23.072119,,life,http://api.map.baidu.com/place/detail?uid=bee957641c22de4d8f1a895a&output=html&source=placeapi_v2,,,,,,,,,,1,,,,,,,,113.88716623773,23.0722615887,0
97ef60348631c783593ac819,中国南方电网(茶山营业厅),生活服务,公用事业,广东省,东莞市,,广东省东莞市新马莲水围村南方电网,97ef60348631c783593ac819,1,0,113.87453,23.082325,,life,http://api.map.baidu.com/place/detail?uid=97ef60348631c783593ac819&output=html&source=placeapi_v2,,09:00-18:00,,,,,,,,7,,,,,,,,113.87459302202,23.082405397805,0
dd280e834c821ee6601c67e5,茶山自来水公司,生活服务,公用事业,广东省,东莞市,,广东省东莞市东岳路108号,dd280e834c821ee6601c67e5,1,0,113.882071,23.075272,(0769)86641237,life,http://api.map.baidu.com/place/detail?uid=dd280e834c821ee6601c67e5&output=html&source=placeapi_v2,,09:00-18:30,0,,,,,,,14,1,,,,,,,113.88199566128,23.07533210971,0
3c0292111c41c502774ff18b,空气能热水工程,生活服务,公用事业,广东省,东莞市,,东莞市茶兴北路东莞方中假日酒店东侧约70米,,1,0,113.867643,23.088121,(0769)86640159,life,http://api.map.baidu.com/place/detail?uid=3c0292111c41c502774ff18b&output=html&source=placeapi_v2,,,,,,,,,,14,1,,,,,,,113.8677334812,23.088199784477,0
fd4926d5d7ac53e9f842b2a8,喜威石油气(下朗服务部),生活服务,公用事业,广东省,东莞市,,东莞市桐山路桐乐园西侧,fd4926d5d7ac53e9f842b2a8,1,0,113.874813,23.074945,(0769)22171717,life,http://api.map.baidu.com/place/detail?uid=fd4926d5d7ac53e9f842b2a8&output=html&source=placeapi_v2,,00:00-24:00,,,,,,,,6,,,,,,,,,,0
ed421fd7fcbd09db33169b55,喜威茶山贮配站(茶山门市部),生活服务,公用事业,广东省,东莞市,,广东省东莞市南塘路17号,ed421fd7fcbd09db33169b55,1,0,113.896031,23.078875,,life,http://api.map.baidu.com/place/detail?uid=ed421fd7fcbd09db33169b55&output=html&source=placeapi_v2,,,4,,,,,,,8,5,,,,,,,113.89615291389,23.079007534693,0
74a6e5abc550aa9021f017a3,塘角气站喜威公司,生活服务,公用事业,广东省,东莞市,,东莞市茶山镇塘角工业区南塘路5至7号,74a6e5abc550aa9021f017a3,1,0,113.896236,23.079045,,life,http://api.map.baidu.com/place/detail?uid=74a6e5abc550aa9021f017a3&output=html&source=placeapi_v2,,,,,,,,,,,,,,,,,,113.89618542986,23.078996751678,0
