"as_of_date","complaint_id","incident_date","incident_hour","ccrb_received_date","close_date","borough_of_incident_occurrence","precinct_of_incident_occurrence","location_type_of_incident","reason_for_police_contact","outcome_of_police_encounter","ccrb_complaint_disposition"
"2023-08-28T00:00:00.000","202306543",,"10","2023-07-17T13:52:00.000","2023-08-08T10:30:20.000",,,,"Other","No arrest made or summons issued","Complainant Unavailable"
"2023-08-28T00:00:00.000","202306432",,,"2023-07-13T16:03:00.000","2023-08-02T15:15:20.000",,,,,"No arrest made or summons issued","Alleged Victim Unavailable"
"2023-08-28T00:00:00.000","202306371","2023-06-22","16","2023-06-26T10:07:00.000","2023-08-02T15:14:46.000","Queens","113","Police building","Report-dispute","No arrest made or summons issued","Complaint Withdrawn"
"2023-08-28T00:00:00.000","202306140",,,"2023-07-05T11:11:00.000","2023-08-08T10:30:20.000","Staten Island",,"Police building",,"No arrest made or summons issued","Complainant Unavailable"
"2023-08-28T00:00:00.000","202306045",,,"2023-07-03T15:41:00.000","2023-07-25T13:45:23.000","Brooklyn","75","Other","C/V telephoned PCT","No arrest made or summons issued","Victim Unidentified"
"2023-08-28T00:00:00.000","202305952",,,"2023-06-28T19:22:00.000","2023-07-25T13:45:19.000",,"Precinct 0",,"Other","No arrest made or summons issued","Complainant Uncooperative"
"2023-08-28T00:00:00.000","202305936","2023-06-14","12","2023-06-29T12:11:00.000","2023-07-24T10:37:40.000","Manhattan","06","Street/highway","Other violation of VTL","Other VTL violation summons issued","Complaint Withdrawn"
"2023-08-28T00:00:00.000","202305926","2023-06-18","7","2023-06-28T19:42:00.000","2023-07-28T13:36:43.000","Manhattan","28","Street/highway","C/V requested info from officer","No arrest made or summons issued","Complainant Uncooperative"
"2023-08-28T00:00:00.000","202305873",,,"2023-06-28T14:36:00.000","2023-07-24T10:38:04.000",,,,"EDP aided case","No arrest made or summons issued","Complaint Withdrawn"
"2023-08-28T00:00:00.000","202305837","2022-06-29","19","2023-06-28T00:01:00.000","2023-07-24T10:38:04.000","Staten Island","120","Apartment/house","Report-dispute","Arrest - other violation/crime","Closed - Pending Litigation"
"2023-08-28T00:00:00.000","202305792","2022-06-02","22","2022-06-02T23:46:00.000","2023-08-23T11:12:57.000","Bronx","42","Police building","C/V at PCT to file complaint of officer misconduct","No arrest made or summons issued","Unable to Determine"
"2023-08-28T00:00:00.000","202305660",,,"2023-06-21T16:30:00.000","2023-07-25T13:44:10.000",,,,"Other","No arrest made or summons issued","Victim Unidentified"
"2023-08-28T00:00:00.000","202305655","2023-06-11","11","2023-06-21T16:33:00.000","2023-08-17T13:12:14.000","Manhattan","18","Street/highway","Parade/special event","No arrest made or summons issued","Complaint Withdrawn"
"2023-08-28T00:00:00.000","202305635","2023-06-09","11","2023-06-21T16:32:00.000","2023-08-17T13:12:14.000","Manhattan","13","Subway station/train","PD suspected C/V of violation/crime - subway","No arrest made or summons issued","Complaint Withdrawn"
"2023-08-28T00:00:00.000","202305620",,,"2023-06-21T21:20:00.000","2023-07-25T13:45:11.000",,"Precinct 0","Other","C/V requested investigation of crime","No arrest made or summons issued","Complainant Uncooperative"
"2023-08-28T00:00:00.000","202305607","2023-06-07","11","2023-06-21T12:39:00.000","2023-08-17T13:12:14.000","Manhattan","14","Street/highway","PD suspected C/V of violation/crime - street","No arrest made or summons issued","Complainant Uncooperative"
"2023-08-28T00:00:00.000","202305605","2023-06-07","12","2023-06-21T12:34:00.000","2023-08-02T15:14:45.000","Manhattan","14","Subway station/train","PD suspected C/V of violation/crime - subway","Summons - other violation/crime","Complaint Withdrawn"
"2023-08-28T00:00:00.000","202305579",,,"2023-06-20T14:40:00.000","2023-07-25T13:44:22.000","Queens","104",,,,"Complainant Unavailable"
"2023-08-28T00:00:00.000","202305553","2023-03-17","19","2023-06-19T09:38:00.000","2023-08-17T13:12:13.000","Brooklyn","67","Apartment/house","Report-gun possession/shots fired","No arrest made or summons issued","Complainant Uncooperative"
"2023-08-28T00:00:00.000","202305550",,,"2023-06-16T21:52:00.000","2023-07-25T13:45:00.000","Manhattan","34","Street/highway","PD suspected C/V of violation/crime - street","No arrest made or summons issued","Complainant Unavailable"
"2023-08-28T00:00:00.000","202305462","2023-06-05","1","2023-06-15T12:42:00.000","2023-08-17T13:12:13.000","Queens","110","Street/highway","Report of other crime","No arrest made or summons issued","Complaint Withdrawn"
"2023-08-28T00:00:00.000","202305454","2023-06-03","21","2023-06-14T12:12:00.000","2023-08-02T15:15:06.000","Queens","113","Street/highway","Report of other crime","No arrest made or summons issued","Mediated"
"2023-08-28T00:00:00.000","202305437","2023-06-15",,"2023-06-15T10:16:00.000","2023-08-17T13:12:13.000","Bronx","47","Police building","Execution of arrest/bench warrant","Arrest - other violation/crime","Closed - Pending Litigation"
"2023-08-28T00:00:00.000","202305435","2023-06-09","11","2023-06-14T15:25:00.000","2023-08-17T13:12:12.000","Manhattan","24","Police building","C/V at PCT to obtain information","No arrest made or summons issued","Complaint Withdrawn"
"2023-08-28T00:00:00.000","202305401",,,"2023-06-14T12:13:00.000","2023-07-11T11:36:56.000","Manhattan","34","Street/highway","C/V intervened on behalf of/observed encounter w/3rd party","Summons - other violation/crime","Closed - Pending Litigation"
"2023-08-28T00:00:00.000","202305360","2023-06-__",,"2023-06-13T14:14:00.000","2023-08-17T13:12:12.000","Brooklyn","75","Other","C/V telephoned PCT","No arrest made or summons issued","Complaint Withdrawn"
"2023-08-28T00:00:00.000","202305355","2023-06-03","0","2023-06-12T06:19:00.000","2023-08-02T15:15:04.000","Manhattan","13","Street/highway","Other","No arrest made or summons issued","Mediated"
"2023-08-28T00:00:00.000","202305332",,,"2023-06-12T20:42:00.000","2023-07-25T13:45:06.000","Brooklyn","71","Hospital",,"Summons - disorderly conduct","Complainant Unavailable"
"2023-08-28T00:00:00.000","202305322","2023-06-09","22","2023-06-12T12:33:00.000","2023-08-17T13:12:12.000","Brooklyn","60","Street/highway","PD suspected C/V of violation/crime - street","No arrest made or summons issued","Complainant Uncooperative"
"2023-08-28T00:00:00.000","202305311","2022-04-16","18","2023-04-24T10:43:00.000","2023-08-23T11:12:57.000","Brooklyn","60","Residential building","C/V requested investigation of crime","No arrest made or summons issued","Unfounded"
"2023-08-28T00:00:00.000","202305307","2023-06-11","14","2023-06-11T20:35:00.000","2023-08-17T13:12:12.000","Queens","100",,,,"Complaint Withdrawn"
"2023-08-28T00:00:00.000","202305242","2023-05-27","2","2023-06-08T18:58:00.000","2023-08-17T13:12:11.000","Bronx","42","Street/highway","Moving violation","Arrest - resisting arrest","Closed - Pending Litigation"
"2023-08-28T00:00:00.000","202305223","2023-05-29","15","2023-06-08T18:55:00.000","2023-08-17T13:12:11.000","Bronx","48","Police building","C/V requested info from officer","No arrest made or summons issued","Complainant Uncooperative"
"2023-08-28T00:00:00.000","202305217","2023-05-26","1","2023-06-08T11:27:00.000","2023-08-17T13:12:11.000","Manhattan","05","Street/highway","PD suspected C/V of violation/crime - street","Arrest - other violation/crime","Alleged Victim Unavailable"
"2023-08-28T00:00:00.000","202305184","2023-05-30","7","2023-06-08T08:59:00.000","2023-08-02T15:15:04.000","Brooklyn","67","Street/highway","C/V at PCT to file complaint of crime","No arrest made or summons issued","Mediated"
"2023-08-28T00:00:00.000","202305169",,,"2023-06-08T08:38:00.000","2023-07-24T10:38:05.000","Bronx","45","Police building","C/V at PCT to file complaint of crime","No arrest made or summons issued","Complainant Unavailable"
"2023-08-28T00:00:00.000","202305131",,,"2023-06-07T14:43:00.000","2023-07-24T10:38:05.000",,,"Other","C/V telephoned PCT","No arrest made or summons issued","Complainant Unavailable"
"2023-08-28T00:00:00.000","202305121","2023-06-06","0","2023-06-07T09:02:00.000","2023-08-17T13:12:11.000","Manhattan","07","Other","C/V requested investigation of crime","No arrest made or summons issued","Complaint Withdrawn"
"2023-08-28T00:00:00.000","202305099","2023-06-06","10","2023-06-07T10:16:00.000","2023-08-17T13:12:11.000","Bronx","47","Other","PD telephones CV","No arrest made or summons issued","Complainant Uncooperative"
"2023-08-28T00:00:00.000","202305098","2023-__-__",,"2023-06-06T16:22:00.000","2023-08-17T13:12:10.000","Manhattan","28","Street/highway","C/V requested investigation of crime","No arrest made or summons issued","Complainant Unavailable"
"2023-08-28T00:00:00.000","202305044","2023-06-06","8","2023-06-06T09:14:00.000","2023-07-17T15:32:10.000","Queens","103","Police building","C/V at PCT to file complaint of crime","No arrest made or summons issued","Mediated"
"2023-08-28T00:00:00.000","202305028","2023-05-28","21","2023-06-05T15:14:00.000","2023-08-17T13:12:10.000","Bronx","41","Street/highway","Parking violation","Arrest - other violation/crime","Closed - Pending Litigation"
"2023-08-28T00:00:00.000","202305010",,,"2023-06-05T09:12:00.000","2023-07-11T09:54:07.000",,,,,,"Complainant Uncooperative"
"2023-08-28T00:00:00.000","202305002","2023-03-23","13","2023-04-06T11:49:00.000","2023-07-25T13:43:40.000","Bronx","50","Police building","Report-domestic dispute","No arrest made or summons issued","Complainant Uncooperative"
"2023-08-28T00:00:00.000","202304987","2023-06-04","15","2023-06-05T11:04:00.000","2023-07-25T13:43:40.000","Queens","112","Street/highway","Report of other crime","No arrest made or summons issued","Complaint Withdrawn"
"2023-08-28T00:00:00.000","202304969","2023-06-03","1","2023-06-03T05:01:00.000","2023-08-17T13:12:10.000","Brooklyn","71","Street/highway","Parking violation","Parking summons issued","Complainant Unavailable"
"2023-08-28T00:00:00.000","202304952","2023-05-25","18","2023-06-01T18:13:00.000","2023-07-25T13:43:40.000","Manhattan","32","Street/highway","PD suspected C/V of violation/crime - street","Arrest - assault (against a PO)","Closed - Pending Litigation"
"2023-08-28T00:00:00.000","202304947",,,"2023-06-02T11:28:00.000","2023-07-11T09:54:41.000","Manhattan","30",,"Assist ACS or other agency","No arrest made or summons issued","Complainant Uncooperative"
"2023-08-28T00:00:00.000","202304915","2023-05-24","5","2023-06-01T16:00:00.000","2023-08-17T13:12:10.000","Brooklyn","83","Apartment/house","Execution of arrest/bench warrant","No arrest made or summons issued","Complainant Uncooperative"
"2023-08-28T00:00:00.000","202304908","2023-05-29","9","2023-06-01T13:17:00.000","2023-08-17T13:12:10.000","Brooklyn","90","Subway station/train","Report of other crime","Arrest - other violation/crime","Closed - Pending Litigation"
"2023-08-28T00:00:00.000","202304899","2023-05-24","21","2023-06-01T13:56:00.000","2023-08-17T13:12:09.000","Bronx","41","Street/highway","C/V requested investigation of crime","No arrest made or summons issued","Complainant Unavailable"
"2023-08-28T00:00:00.000","202304884","2022-08-05","23","2023-05-31T16:25:00.000","2023-07-24T10:40:43.000","Queens","105","Street/highway","Other","Arrest - other violation/crime","Closed - Pending Litigation"
"2023-08-28T00:00:00.000","202304860","2023-05-22","11","2023-05-31T15:51:00.000","2023-07-25T13:43:39.000","Bronx","48","Street/highway","PD suspected C/V of violation/crime - street","No arrest made or summons issued","Closed - Pending Litigation"
"2023-08-28T00:00:00.000","202304837","2023-05-21","22","2023-05-31T04:32:00.000","2023-07-25T13:43:39.000","Manhattan","14","Street/highway","EDP aided case","No arrest made or summons issued","Complaint Withdrawn"
"2023-08-28T00:00:00.000","202304825","2023-05-27",,"2023-05-31T10:43:00.000","2023-08-17T13:12:09.000","Bronx","47","Park","Report-domestic dispute","No arrest made or summons issued","Complaint Withdrawn"
"2023-08-28T00:00:00.000","202304823","2023-03-__",,"2023-05-30T22:32:00.000","2023-08-17T13:12:09.000","Manhattan",,"Other","Other","No arrest made or summons issued","Complaint Withdrawn"
"2023-08-28T00:00:00.000","202304795","2023-05-17","23","2023-05-27T01:43:00.000","2023-07-25T13:43:39.000","Bronx","49","Street/highway","C/V requested info from officer","No arrest made or summons issued","Complainant Unavailable"
"2023-08-28T00:00:00.000","202304789","2022-06-03","10","2023-05-30T10:56:00.000","2023-06-26T14:00:07.000","Queens","112","Commercial building","Other","No arrest made or summons issued","Complainant Unavailable"
"2023-08-28T00:00:00.000","202304769",,,"2023-05-27T10:38:00.000","2023-07-24T10:38:04.000",,,,"No contact","No arrest made or summons issued","Complainant Unavailable"
"2023-08-28T00:00:00.000","202304733","2023-05-25",,"2023-05-28T11:36:00.000","2023-08-02T15:15:48.000","Staten Island","122",,"C/V requested investigation of crime","No arrest made or summons issued","Complaint Withdrawn"
"2023-08-28T00:00:00.000","202304729","2023-05-19","21","2023-05-28T16:12:00.000","2023-08-02T15:15:03.000","Brooklyn","67","Residential building","PD suspected C/V of violation/crime - bldg","Arrest - other violation/crime","Mediated"
"2023-08-28T00:00:00.000","202304713","2023-05-17","19","2023-05-25T16:12:00.000","2023-08-17T13:12:09.000","Bronx","44","Street/highway","Parking violation","No arrest made or summons issued","Complainant Uncooperative"
"2023-08-28T00:00:00.000","202304688","2023-05-23","11","2023-05-25T13:46:00.000","2023-07-25T13:43:38.000","Staten Island","120",,,"No arrest made or summons issued","Complainant Uncooperative"
"2023-08-28T00:00:00.000","202304679","2023-05-14","19","2023-05-25T13:30:00.000","2023-08-02T15:15:45.000","Bronx","46","Street/highway","PD suspected C/V of violation/crime - street","Arrest - other violation/crime","Alleged Victim Unavailable"
"2023-08-28T00:00:00.000","202304675","2023-05-19","17","2023-05-25T13:39:00.000","2023-08-02T15:15:44.000","Manhattan","23","Street/highway","Report of other crime","Arrest - other violation/crime","Closed - Pending Litigation"
"2023-08-28T00:00:00.000","202304671","2023-04-20","23","2023-05-25T13:35:00.000","2023-07-25T13:43:38.000","Brooklyn","90","Street/highway","PD suspected C/V of violation/crime - street","Arrest - other violation/crime","Complainant Uncooperative"
"2023-08-28T00:00:00.000","202304667","2023-05-16","22","2023-05-25T13:16:00.000","2023-08-17T13:12:09.000","Brooklyn","75","Commercial building","Report-dispute","No arrest made or summons issued","Complainant Uncooperative"
"2023-08-28T00:00:00.000","202304666","2023-05-24","6","2023-05-25T14:04:00.000","2023-07-25T13:43:38.000","Brooklyn","60","NYCHA","Execution of arrest/bench warrant","Arrest - other violation/crime","Closed - Pending Litigation"
"2023-08-28T00:00:00.000","202304653","2023-05-19","12","2023-05-25T13:38:00.000","2023-07-25T13:43:38.000","Brooklyn","83","Apartment/house","Other","No arrest made or summons issued","Complaint Withdrawn"
"2023-08-28T00:00:00.000","202304651","2023-05-13","9","2023-05-25T13:27:00.000","2023-08-02T15:15:41.000","Queens","103","Street/highway","EDP aided case","No arrest made or summons issued","Complainant Uncooperative"
"2023-08-28T00:00:00.000","202304633","2023-05-22","19","2023-05-25T08:38:00.000","2023-07-12T08:46:08.000","Bronx","44","Street/highway","Moving violation","Other VTL violation summons issued","Mediated"
"2023-08-28T00:00:00.000","202304629","2023-05-23","13","2023-05-25T10:49:00.000","2023-07-25T13:43:37.000",,,"Other","C/V telephoned PCT","No arrest made or summons issued","Complainant Uncooperative"
"2023-08-28T00:00:00.000","202304623","2022-04-02","21","2023-05-25T10:05:00.000","2023-08-21T13:26:19.000","Manhattan","25","Public space/building","PD suspected C/V of violation/crime - street","No arrest made or summons issued","Substantiated (Command Discipline B)"
"2023-08-28T00:00:00.000","202304616","2023-05-24","8","2023-05-25T09:23:00.000","2023-07-25T13:43:37.000",,,"Other","C/V telephoned PCT","No arrest made or summons issued","Complaint Withdrawn"
"2023-08-28T00:00:00.000","202304606","2022-__-__",,"2023-05-24T13:02:00.000","2023-07-11T11:36:57.000",,,,"PD suspected C/V of violation/crime - street","Arrest - other violation/crime","Complainant Uncooperative"
"2023-08-28T00:00:00.000","202304573","2023-05-21","19","2023-05-24T09:46:00.000","2023-08-02T15:15:41.000","Brooklyn","67","Street/highway","PD suspected C/V of violation/crime - auto","Arrest - resisting arrest","Closed - Pending Litigation"
"2023-08-28T00:00:00.000","202304572","2023-05-16","21","2023-05-23T13:48:00.000","2023-08-17T13:12:08.000","Manhattan","33","Street/highway","Parking violation","Parking summons issued","Complainant Uncooperative"
"2023-08-28T00:00:00.000","202304571","2023-05-23","19","2023-05-24T09:38:00.000","2023-08-17T13:12:08.000","Queens","104","Street/highway","Traffic accident","No arrest made or summons issued","Complainant Uncooperative"
"2023-08-28T00:00:00.000","202304566","2023-03-09","21","2023-05-23T15:04:00.000","2023-08-02T15:15:39.000","Brooklyn","83","Street/highway","PD suspected C/V of violation/crime - auto","Arrest - OGA","Closed - Pending Litigation"
"2023-08-28T00:00:00.000","202304558","2023-05-15","23","2023-05-22T13:01:00.000","2023-07-25T13:43:37.000","Staten Island","120","Residential building","Report-domestic dispute","No arrest made or summons issued","Complaint Withdrawn"
"2023-08-28T00:00:00.000","202304554","2023-05-18","7","2023-05-24T15:39:00.000","2023-07-25T13:43:37.000","Manhattan","20","NYCHA","Execution of search warrant","Arrest - other violation/crime","Closed - Pending Litigation"
"2023-08-28T00:00:00.000","202304547","2023-05-13","3","2023-05-22T11:37:00.000","2023-07-25T13:43:36.000","Brooklyn","69","Street/highway","Moving violation","Arrest - resisting arrest","Closed - Pending Litigation"
"2023-08-28T00:00:00.000","202304506",,,"2023-05-16T14:11:00.000","2023-06-26T13:57:43.000",,"Precinct 0",,,,"Alleged Victim Unavailable"
"2023-08-28T00:00:00.000","202304467","2023-05-10","22","2023-05-19T16:12:00.000","2023-07-11T09:55:28.000","Bronx","40","Police building","C/V at PCT to retrieve property","No arrest made or summons issued","Complaint Withdrawn"
"2023-08-28T00:00:00.000","202304464","2023-05-11","13","2023-05-19T16:12:00.000","2023-07-25T13:43:36.000","Brooklyn","60","NYCHA","Report-domestic dispute","Arrest - other violation/crime","Closed - Pending Litigation"
"2023-08-28T00:00:00.000","202304462","2022-11-22",,"2023-05-19T16:11:00.000","2023-07-25T13:43:36.000",,,,,"No arrest made or summons issued","Complainant Uncooperative"
"2023-08-28T00:00:00.000","202304457","2023-05-15","9","2023-05-19T20:54:00.000","2023-07-25T13:43:35.000","Bronx","47","Commercial building","Other","No arrest made or summons issued","Complaint Withdrawn"
"2023-08-28T00:00:00.000","202304445","2023-05-10","6","2023-05-19T16:09:00.000","2023-08-17T13:12:08.000","Brooklyn","73","NYCHA","Execution of search warrant","Arrest - other violation/crime","Closed - Pending Litigation"
"2023-08-28T00:00:00.000","202304443","2023-05-19","1","2023-05-19T17:24:00.000","2023-07-25T13:43:35.000","Bronx","48","Street/highway","PD suspected C/V of violation/crime - street","No arrest made or summons issued","Complainant Uncooperative"
"2023-08-28T00:00:00.000","202304437","2023-05-18","17","2023-05-19T13:58:00.000","2023-07-11T09:55:28.000","Manhattan","24","Police building","C/V at PCT to file complaint of crime","No arrest made or summons issued","Complaint Withdrawn"
"2023-08-28T00:00:00.000","202304419","2023-04-04","20","2023-05-18T16:48:00.000","2023-08-17T13:12:07.000","Queens","105","Street/highway","PD suspected C/V of violation/crime - auto","No arrest made or summons issued","Closed - Pending Litigation"
"2023-08-28T00:00:00.000","202304415","2023-05-18","17","2023-05-18T23:29:00.000","2023-08-17T13:12:07.000","Brooklyn","73","Street/highway","PD suspected C/V of violation/crime - auto","Summons - other violation/crime","Complainant Uncooperative"
"2023-08-28T00:00:00.000","202304401","2023-05-06","23","2023-05-16T14:22:00.000","2023-08-17T13:12:07.000","Brooklyn","79","NYCHA","PD suspected C/V of violation/crime - bldg","Arrest - other violation/crime","Closed - Pending Litigation"
"2023-08-28T00:00:00.000","202304398","2023-04-21","1","2023-05-17T16:33:00.000","2023-07-25T13:43:35.000","Bronx","52","Street/highway","Other","No arrest made or summons issued","Complainant Uncooperative"
"2023-08-28T00:00:00.000","202304370","2023-05-15","18","2023-05-16T21:50:00.000","2023-07-25T13:43:35.000","Brooklyn","84","NYCHA","PD suspected C/V of violation/crime - street","No arrest made or summons issued","Complainant Uncooperative"
"2023-08-28T00:00:00.000","202304366","2023-05-08","23","2023-05-17T14:13:00.000","2023-08-17T13:12:06.000","Queens","109","Police building","CV already in custody","Arrest - other violation/crime","Closed - Pending Litigation"
"2023-08-28T00:00:00.000","202304359","2023-05-17","13","2023-05-17T13:41:00.000","2023-07-24T10:41:29.000","Queens","114","Apartment/house","Aided case","No arrest made or summons issued","Complaint Withdrawn"
"2023-08-28T00:00:00.000","202304354","2023-05-09","11","2023-05-16T14:12:00.000","2023-07-11T09:55:28.000","Brooklyn","72","Street/highway","C/V telephoned PCT","No arrest made or summons issued","Complaint Withdrawn"
"2023-08-28T00:00:00.000","202304338","2023-05-09","17","2023-05-17T09:32:00.000","2023-08-17T13:12:06.000","Queens","107","Apartment/house","Other","No arrest made or summons issued","Complainant Uncooperative"
"2023-08-28T00:00:00.000","202304328","2023-01-14","17","2023-05-16T13:56:00.000","2023-08-17T13:12:06.000","Manhattan","30","Subway station/train","PD suspected C/V of violation/crime - subway","Summons - other violation/crime","Closed - Pending Litigation"
"2023-08-28T00:00:00.000","202304324","2023-05-11","22","2023-05-16T16:04:00.000","2023-07-12T08:46:08.000","Brooklyn","62","Street/highway","C/V requested investigation of crime","No arrest made or summons issued","Mediated"
"2023-08-28T00:00:00.000","202304321","2023-05-04","17","2023-05-16T06:00:00.000","2023-08-17T13:12:06.000","Brooklyn","67","Police building","C/V at PCT to retrieve property","Arrest - other violation/crime","Complainant Uncooperative"
"2023-08-28T00:00:00.000","202304319","2023-05-06","22","2023-05-16T07:05:00.000","2023-07-11T09:55:27.000","Queens","108","Street/highway","Moving violation","Arrest - OGA","Closed - Pending Litigation"
"2023-08-28T00:00:00.000","202304315","2023-05-07","1","2023-05-16T05:59:00.000","2023-08-17T13:12:06.000","Manhattan","25","Apartment/house","Report of other crime","No arrest made or summons issued","Alleged Victim Unavailable"
"2023-08-28T00:00:00.000","202304314","2023-05-16","12","2023-05-16T13:27:00.000","2023-08-17T13:12:05.000","Brooklyn","75","Subway station/train","PD suspected C/V of violation/crime - subway","Arrest - other violation/crime","Complainant Unavailable"
"2023-08-28T00:00:00.000","202304296","2023-05-14","12","2023-05-15T14:34:00.000","2023-07-11T09:55:27.000","Brooklyn","73","Street/highway","Moving violation","No arrest made or summons issued","Complaint Withdrawn"
"2023-08-28T00:00:00.000","202304286","2023-05-07","2","2023-05-15T12:31:00.000","2023-08-17T13:12:05.000","Manhattan","06","Subway station/train","PD suspected C/V of violation/crime - subway","No arrest made or summons issued","Complainant Uncooperative"
"2023-08-28T00:00:00.000","202304285","2023-05-15","12","2023-05-15T13:08:00.000","2023-07-25T13:43:34.000","Manhattan","09","Police building","C/V at PCT to file complaint of crime","No arrest made or summons issued","Complaint Withdrawn"
"2023-08-28T00:00:00.000","202304271","2023-05-15","13","2023-05-15T13:42:00.000","2023-07-25T13:43:34.000","Manhattan","14","Commercial building","Report-dispute","No arrest made or summons issued","Complainant Unavailable"
"2023-08-28T00:00:00.000","202304268","2023-05-06","3","2023-05-15T12:32:00.000","2023-08-17T13:12:05.000","Bronx","46","Police building","C/V at PCT to retrieve property","No arrest made or summons issued","Complainant Unavailable"
"2023-08-28T00:00:00.000","202304267","2023-05-15","10","2023-05-15T11:53:00.000","2023-07-11T09:55:27.000","Brooklyn","61","Street/highway","C/V at PCT to obtain information","No arrest made or summons issued","Complaint Withdrawn"
"2023-08-28T00:00:00.000","202304259","2023-05-06","20","2023-05-13T08:57:00.000","2023-06-26T13:56:47.000","Bronx","46","Subway station/train","Other","No arrest made or summons issued","Mediated"
"2023-08-28T00:00:00.000","202304252","2023-05-08",,"2023-05-15T09:23:00.000","2023-07-25T13:43:34.000","Queens","107","Other","C/V telephoned PCT","No arrest made or summons issued","Complainant Uncooperative"
"2023-08-28T00:00:00.000","202304239",,,"2023-05-13T02:58:00.000","2023-06-12T08:04:25.000",,,"Police building","Other","Arrest - other violation/crime","Complainant Unavailable"
"2023-08-28T00:00:00.000","202304232","2023-05-12","20","2023-05-14T01:10:00.000","2023-07-11T09:55:26.000","Bronx",,"Street/highway","PD suspected C/V of violation/crime - street","Arrest - other violation/crime","Closed - Pending Litigation"
"2023-08-28T00:00:00.000","202304231","2023-05-12","23","2023-05-13T10:13:00.000","2023-07-25T13:43:34.000","Manhattan","28","Subway station/train","PD suspected C/V of violation/crime - subway","Arrest - other violation/crime","Complainant Unavailable"
"2023-08-28T00:00:00.000","202304230","2023-05-13","9","2023-05-13T09:11:00.000","2023-07-25T13:43:34.000","Queens",,,"Other","No arrest made or summons issued","Complainant Uncooperative"
"2023-08-28T00:00:00.000","202304222","2023-05-10","19","2023-05-12T14:52:00.000","2023-07-25T13:43:33.000","Staten Island","120","Street/highway","Report of other crime","Arrest - other violation/crime","Closed - Pending Litigation"
"2023-08-28T00:00:00.000","202304216","2023-05-11","22","2023-05-12T13:27:00.000","2023-07-24T10:41:12.000","Brooklyn","75","Street/highway","PD suspected C/V of violation/crime - street","Arrest - other violation/crime","Closed - Pending Litigation"
"2023-08-28T00:00:00.000","202304208","2023-05-05","20","2023-05-11T13:58:00.000","2023-08-17T13:12:04.000","Queens","109","Street/highway","Traffic accident","Arrest - resisting arrest","Complaint Withdrawn"
"2023-08-28T00:00:00.000","202304207","2022-06-__","8","2023-05-12T11:17:00.000","2023-08-02T15:15:20.000","Bronx","44","Police building","Other","No arrest made or summons issued","Officer(s) Unidentified"
"2023-08-28T00:00:00.000","202304200","2023-04-__",,"2023-04-07T14:39:00.000","2023-07-11T09:55:26.000",,,,"Other","No arrest made or summons issued","Complainant Uncooperative"
"2023-08-28T00:00:00.000","202304199","2023-03-__",,"2023-04-07T14:39:00.000","2023-07-11T09:55:26.000","Bronx","44","Street/highway","PD suspected C/V of violation/crime - street","No arrest made or summons issued","Complainant Uncooperative"
"2023-08-28T00:00:00.000","202304196","2023-05-05","17","2023-05-12T06:46:00.000","2023-07-25T13:43:33.000","Manhattan","23","Police building","C/V at PCT to retrieve property","No arrest made or summons issued","Complainant Uncooperative"
"2023-08-28T00:00:00.000","202304180",,,"2023-05-10T15:54:00.000","2023-06-28T09:07:00.000","Bronx",,"Street/highway",,"No arrest made or summons issued","Complainant Unavailable"
"2023-08-28T00:00:00.000","202304179","2023-05-10","12","2023-05-10T12:09:00.000","2023-06-26T13:56:47.000","Brooklyn","63","Police building","C/V at PCT to obtain information","No arrest made or summons issued","Mediated"
"2023-08-28T00:00:00.000","202304166","2023-05-09","18","2023-05-10T19:33:00.000","2023-07-25T13:43:33.000","Brooklyn","77","Police building","C/V at PCT to obtain information","No arrest made or summons issued","Complainant Uncooperative"
"2023-08-28T00:00:00.000","202304165",,,"2023-05-11T11:25:00.000","2023-06-12T08:04:21.000","Manhattan","05","Public space/building","CV already in custody","Arrest - other violation/crime","Closed - Pending Litigation"
"2023-08-28T00:00:00.000","202304164","2023-05-04","23","2023-05-11T11:09:00.000","2023-07-24T10:41:14.000","Queens","114","Commercial building","Other","No arrest made or summons issued","Complaint Withdrawn"
"2023-08-28T00:00:00.000","202304160","2022-12-21","16","2023-05-11T11:38:00.000","2023-07-11T09:55:26.000","Queens","105","Public space/building","Report-dispute","No arrest made or summons issued","Complainant Unavailable"
"2023-08-28T00:00:00.000","202304136",,,"2023-05-10T14:49:00.000","2023-07-25T13:45:44.000","Brooklyn","67","Other","C/V telephoned PCT","No arrest made or summons issued","Complainant Unavailable"
"2023-08-28T00:00:00.000","202304135","2023-05-04","15","2023-05-10T14:27:00.000","2023-07-25T13:43:33.000","Manhattan","32","Subway station/train","Aided case","No arrest made or summons issued","Complainant Unavailable"
"2023-08-28T00:00:00.000","202304122","2023-04-27","19","2023-05-10T14:29:00.000","2023-07-24T10:41:32.000","Brooklyn","83","Street/highway","PD suspected C/V of violation/crime - auto","No arrest made or summons issued","Complaint Withdrawn"
"2023-08-28T00:00:00.000","202304118","2023-05-10","14","2023-05-10T14:49:00.000","2023-08-02T15:15:01.000","Queens","109","Other","C/V telephoned PCT","No arrest made or summons issued","Mediated"
"2023-08-28T00:00:00.000","202304116","2023-05-04","12","2023-05-10T14:23:00.000","2023-06-12T08:11:31.000","Manhattan","23","Other","C/V telephoned PCT","No arrest made or summons issued","Mediated"
"2023-08-28T00:00:00.000","202304109","2023-05-09","23","2023-05-10T00:07:00.000","2023-06-12T08:11:31.000","Staten Island","122","Commercial building","Moving violation","Summons - other violation/crime","Mediated"
"2023-08-28T00:00:00.000","202304104","2023-04-05","15","2023-05-08T18:11:00.000","2023-06-28T10:17:53.000","Bronx","42","Street/highway","Parking violation","Parking summons issued","Mediated"
"2023-08-28T00:00:00.000","202304103","2023-05-09","22","2023-05-10T00:20:00.000","2023-07-25T13:43:33.000","Brooklyn","75","Street/highway","PD suspected C/V of violation/crime - street","No arrest made or summons issued","Complainant Uncooperative"
"2023-08-28T00:00:00.000","202304061","2023-05-05","14","2023-05-08T14:47:00.000","2023-07-25T13:43:32.000",,"Precinct 0",,,"No arrest made or summons issued","Complainant Uncooperative"
"2023-08-28T00:00:00.000","202304059","2023-05-06","21","2023-05-09T00:00:00.000","2023-07-24T10:41:30.000","Brooklyn","77","Street/highway","Report-dispute","Arrest - other violation/crime","Closed - Pending Litigation"
"2023-08-28T00:00:00.000","202304057","2023-04-24","15","2023-05-08T11:55:00.000","2023-07-24T10:41:30.000","Manhattan","33","Other","CV already in custody","Arrest - other violation/crime","Closed - Pending Litigation"
"2023-08-28T00:00:00.000","202304050","2023-04-20","15","2023-05-08T11:56:00.000","2023-08-17T13:12:04.000","Queens","113","Street/highway","Traffic accident","Arrest - other violation/crime","Complainant Unavailable"
"2023-08-28T00:00:00.000","202304045","2023-04-25","16","2023-05-08T11:41:00.000","2023-07-25T13:43:32.000","Brooklyn","60","Police building","Other","Arrest - resisting arrest","Complainant Uncooperative"
"2023-08-28T00:00:00.000","202304043","2023-04-28","2","2023-05-08T11:45:00.000","2023-07-24T10:41:31.000","Bronx","46","Other","C/V requested investigation of crime","No arrest made or summons issued","Complaint Withdrawn"
"2023-08-28T00:00:00.000","202304041","2023-05-08",,"2023-05-09T10:20:00.000","2023-07-11T09:55:25.000","Staten Island",,"Other","C/V telephoned PCT","No arrest made or summons issued","Complainant Uncooperative"
"2023-08-28T00:00:00.000","202304039","2023-05-07","19","2023-05-08T10:23:00.000","2023-07-24T10:41:32.000","Manhattan","13","Commercial building","Report-dispute","No arrest made or summons issued","Complainant Uncooperative"
"2023-08-28T00:00:00.000","202304033","2023-04-25","12","2023-05-08T11:58:00.000","2023-07-11T09:55:25.000","Brooklyn","84","School","Report-dispute","Juvenile Report","Complaint Withdrawn"
"2023-08-28T00:00:00.000","202304019","2023-04-28","1","2023-05-08T11:25:00.000","2023-07-25T13:43:32.000","Staten Island","120","Police building","CV already in custody","Arrest - other violation/crime","Closed - Pending Litigation"
"2023-08-28T00:00:00.000","202303987","2023-05-06","19","2023-05-08T10:14:00.000","2023-08-02T15:15:43.000","Manhattan","19","Street/highway","Demonstration/protest","Arrest - other violation/crime","Closed - Pending Litigation"
"2023-08-28T00:00:00.000","202303969","2022-10-31","17","2023-05-06T05:25:00.000","2023-08-02T15:15:38.000","Queens",,"Apartment/house","C/V telephoned PCT","No arrest made or summons issued","Complainant Unavailable"
"2023-08-28T00:00:00.000","202303967","2023-05-04","20","2023-05-05T15:04:00.000","2023-07-11T09:55:25.000","Bronx","44","Street/highway","Other violation of VTL","Arrest - other violation/crime","Complainant Uncooperative"
"2023-08-28T00:00:00.000","202303963","2023-05-03","17","2023-05-05T15:20:00.000","2023-07-11T09:55:24.000","Staten Island","120","Street/highway","Other violation of VTL","No arrest made or summons issued","Complainant Unavailable"
"2023-08-28T00:00:00.000","202303955","2023-04-28","19","2023-05-05T09:55:00.000","2023-08-02T15:15:38.000","Manhattan","25","Street/highway","PD suspected C/V of violation/crime - street","Arrest - other violation/crime","Complainant Unavailable"
"2023-08-28T00:00:00.000","202303939","2023-05-02","21","2023-05-04T17:10:00.000","2023-08-02T15:15:39.000","Brooklyn","73","Street/highway","Other violation of VTL","Other VTL violation summons issued","Complainant Unavailable"
"2023-08-28T00:00:00.000","202303935","2023-04-21","15","2023-05-04T12:19:00.000","2023-07-24T10:41:31.000","Queens","111","Apartment/house","Aided case","No arrest made or summons issued","Complaint Withdrawn"
"2023-08-28T00:00:00.000","202303929","2023-05-04","2","2023-05-04T16:09:00.000","2023-08-02T15:15:39.000","Manhattan","18","Subway station/train","PD suspected C/V of violation/crime - subway","Summons - other violation/crime","Complainant Uncooperative"
"2023-08-28T00:00:00.000","202303910","2023-04-30","1","2023-05-04T11:20:00.000","2023-08-17T13:12:04.000","Manhattan","19","Street/highway","PD suspected C/V of violation/crime - subway","No arrest made or summons issued","Complainant Unavailable"
"2023-08-28T00:00:00.000","202303906","2023-__-__",,"2023-05-03T17:46:00.000","2023-08-02T15:15:41.000","Bronx",,,"Other","Arrest - other violation/crime","Complainant Unavailable"
"2023-08-28T00:00:00.000","202303897","2023-03-23","14","2023-03-23T15:52:00.000","2023-05-26T11:17:33.000","Brooklyn","84","Police building","C/V at PCT to file complaint of crime","No arrest made or summons issued","Complaint Withdrawn"
"2023-08-28T00:00:00.000","202303884","2023-04-27","0","2023-05-04T10:29:00.000","2023-07-25T13:43:31.000","Manhattan","34","Street/highway","Other violation of VTL","Arrest - OGA","Complainant Uncooperative"
"2023-08-28T00:00:00.000","202303883","2023-04-25","15","2023-05-04T10:16:00.000","2023-07-17T15:30:08.000","Brooklyn","76","Commercial building","PD suspected C/V of violation/crime - bldg","Arrest - other violation/crime","Closed - Pending Litigation"
"2023-08-28T00:00:00.000","202303876","2023-04-23","5","2023-05-04T06:06:00.000","2023-07-11T09:55:24.000","Brooklyn","90","NYCHA","Report-domestic dispute","Arrest - resisting arrest","Complainant Uncooperative"
"2023-08-28T00:00:00.000","202303872","2023-04-09","14","2023-05-04T06:07:00.000","2023-06-29T12:34:56.000","Manhattan","28","Street/highway","PD suspected C/V of violation/crime - auto","Summons - other violation/crime","Complaint Withdrawn"
"2023-08-28T00:00:00.000","202303868","2023-04-23","22","2023-05-04T06:03:00.000","2023-08-02T15:15:43.000","Staten Island","120","Hospital","Report of other crime","Arrest - other violation/crime","Complainant Unavailable"
"2023-08-28T00:00:00.000","202303866","2023-04-24","16","2023-05-04T06:03:00.000","2023-06-29T12:34:56.000","Queens","101","Hospital","CV already in custody","Arrest - other violation/crime","Complaint Withdrawn"
"2023-08-28T00:00:00.000","202303865","2023-04-24",,"2023-05-04T05:59:00.000","2023-07-11T09:55:24.000","Bronx",,"Subway station/train","C/V requested info from officer","No arrest made or summons issued","Complainant Unavailable"
"2023-08-28T00:00:00.000","202303857","2023-05-02","18","2023-05-03T13:26:00.000","2023-07-11T09:55:24.000","Brooklyn","81","Subway station/train","PD suspected C/V of violation/crime - subway","No arrest made or summons issued","Complainant Uncooperative"
"2023-08-28T00:00:00.000","202303852","2023-04-28","12","2023-05-03T08:10:00.000","2023-06-29T12:34:56.000",,,"Street/highway","C/V telephoned PCT","No arrest made or summons issued","Complaint Withdrawn"
"2023-08-28T00:00:00.000","202303829","2023-05-02","16","2023-05-02T17:47:00.000","2023-07-11T09:55:24.000","Queens","104","Street/highway","Moving violation","No arrest made or summons issued","Complainant Unavailable"
"2023-08-28T00:00:00.000","202303822",,,"2023-05-02T04:12:00.000","2023-06-12T08:04:24.000",,,,"PD suspected C/V of violation/crime - street","Arrest - assault (against a PO)","Complainant Uncooperative"
"2023-08-28T00:00:00.000","202303821","2023-05-01","11","2023-05-01T13:42:00.000","2023-07-11T09:55:23.000","Manhattan","14","Subway station/train","PD suspected C/V of violation/crime - subway","Summons - other violation/crime","Complainant Uncooperative"
"2023-08-28T00:00:00.000","202303818","2023-04-12","2","2023-05-02T07:15:00.000","2023-07-25T13:43:30.000","Bronx","47","Street/highway","PD auto checkpoint","Other VTL violation summons issued","Complainant Uncooperative"
"2023-08-28T00:00:00.000","202303815","2023-04-21","21","2023-05-02T07:12:00.000","2023-08-02T15:15:45.000","Manhattan","28","Street/highway","Report-domestic dispute","Arrest - other violation/crime","Closed - Pending Litigation"
"2023-08-28T00:00:00.000","202303792","2023-04-16","4","2023-05-01T13:52:00.000","2023-07-11T09:55:23.000","Manhattan","07","Street/highway","C/V requested investigation of crime","No arrest made or summons issued","Complainant Unavailable"
"2023-08-28T00:00:00.000","202303788","2023-04-17","13","2023-05-01T13:47:00.000","2023-07-11T09:55:23.000","Brooklyn","69","Street/highway","PD suspected C/V of violation/crime - street","Arrest - other violation/crime","Complainant Unavailable"
"2023-08-28T00:00:00.000","202303777","2023-04-20","14","2023-05-01T12:43:00.000","2023-07-24T10:41:28.000","Bronx","52","Street/highway","Other violation of VTL","Arrest - other violation/crime","Complainant Uncooperative"
"2023-08-28T00:00:00.000","202303776","2023-04-19","20","2023-05-01T12:36:00.000","2023-07-11T09:55:23.000","Manhattan","10","Residential building","Aided case","No arrest made or summons issued","Complainant Uncooperative"
"2023-08-28T00:00:00.000","202303771","2023-04-15","10","2023-05-01T14:04:00.000","2023-07-25T13:43:30.000","Queens","112","Apartment/house","C/V requested investigation of crime","No arrest made or summons issued","Complainant Unavailable"
"2023-08-28T00:00:00.000","202303766","2023-04-18","17","2023-05-01T12:56:00.000","2023-07-17T15:30:05.000","Brooklyn","75","Street/highway","Report of other crime","Arrest - other violation/crime","Closed - Pending Litigation"
"2023-08-28T00:00:00.000","202303765","2023-04-20","21","2023-05-01T12:42:00.000","2023-06-29T12:34:56.000","Queens","102","Apartment/house","C/V requested investigation of crime","No arrest made or summons issued","Complaint Withdrawn"
"2023-08-28T00:00:00.000","202303763","2022-08-20","19","2023-05-01T12:31:00.000","2023-07-11T09:55:22.000","Brooklyn","90","Street/highway","C/V intervened on behalf of/observed encounter w/3rd party","Arrest - other violation/crime","Alleged Victim Unavailable"
"2023-08-28T00:00:00.000","202303750","2023-04-18","18","2023-05-01T13:34:00.000","2023-07-24T10:41:32.000","Brooklyn","67","Street/highway","Parking violation","Other VTL violation summons issued","Complainant Uncooperative"
"2023-08-28T00:00:00.000","202303747","2023-04-19","22","2023-05-01T12:57:00.000","2023-07-17T15:30:05.000","Brooklyn","83","Street/highway","PD suspected C/V of violation/crime - auto","Arrest - other violation/crime","Closed - Pending Litigation"
"2023-08-28T00:00:00.000","202303743",,,"2023-05-01T12:25:00.000","2023-06-28T09:07:00.000","Bronx","42","Street/highway","Other violation of VTL","No arrest made or summons issued","Complaint Withdrawn"
"2023-08-28T00:00:00.000","202303738","2023-05-01","9","2023-05-01T12:51:00.000","2023-07-17T15:30:07.000","Brooklyn","78","Other","C/V telephoned PCT","No arrest made or summons issued","Complaint Withdrawn"
"2023-08-28T00:00:00.000","202303734","2023-01-17","7","2023-05-01T11:47:00.000","2023-06-29T12:34:55.000","Manhattan","01","Commercial building","Execution of arrest/bench warrant","Arrest - other violation/crime","Closed - Pending Litigation"
"2023-08-28T00:00:00.000","202303733","2023-04-15","20","2023-05-01T11:15:00.000","2023-07-24T10:41:12.000","Manhattan","32","Street/highway","Parking violation","Parking summons issued","Complainant Uncooperative"
"2023-08-28T00:00:00.000","202303717","2023-04-02","14","2023-04-30T14:54:00.000","2023-07-11T09:55:22.000","Queens","105","Street/highway","Report-dispute","Arrest - other violation/crime","Complainant Unavailable"
"2023-08-28T00:00:00.000","202303715","2023-04-28","19","2023-05-01T08:30:00.000","2023-06-29T12:34:55.000","Bronx","47","Apartment/house","PD suspected C/V of violation/crime - street","Arrest - other violation/crime","Complaint Withdrawn"
"2023-08-28T00:00:00.000","202303705","2023-04-30","10","2023-04-30T11:51:00.000","2023-07-25T13:43:30.000","Brooklyn","83","Subway station/train","Other","No arrest made or summons issued","Complainant Unavailable"
"2023-08-28T00:00:00.000","202303703","2023-04-21","22","2023-04-28T17:57:00.000","2023-07-11T09:55:22.000","Brooklyn","62","Street/highway","Other","No arrest made or summons issued","Complainant Uncooperative"
"2023-08-28T00:00:00.000","202303698","2023-04-24","22","2023-04-25T09:15:00.000","2023-06-28T09:05:49.000","Manhattan","24","Street/highway","PD suspected C/V of violation/crime - auto","Arrest - other violation/crime","Complaint Withdrawn"
"2023-08-28T00:00:00.000","202303668","2023-04-26","12","2023-04-27T14:19:00.000","2023-07-25T13:43:30.000","Manhattan","32","Street/highway","Report-dispute","Arrest - other violation/crime","Closed - Pending Litigation"
"2023-08-28T00:00:00.000","202303659","2023-04-08","18","2023-04-27T08:06:00.000","2023-07-24T10:41:09.000","Brooklyn","60","Street/highway","Traffic accident","Moving violation summons issued","Closed - Pending Litigation"
"2023-08-28T00:00:00.000","202303655","2023-04-27","9","2023-04-27T11:20:00.000","2023-07-25T13:43:30.000","Bronx",,"Street/highway","Moving violation","Moving violation summons issued","Complainant Uncooperative"
"2023-08-28T00:00:00.000","202303642","2023-04-25","18","2023-04-26T21:34:00.000","2023-06-12T17:28:31.000","Bronx","43","Street/highway","Other violation of VTL","Arrest - resisting arrest","Closed - Pending Litigation"
"2023-08-28T00:00:00.000","202303640",,,"2023-04-26T17:01:00.000","2023-06-28T09:06:33.000","Bronx","43","Street/highway","PD suspected C/V of violation/crime - subway","No arrest made or summons issued","Complainant Unavailable"
"2023-08-28T00:00:00.000","202303635","2023-04-13","3","2023-04-25T13:28:00.000","2023-06-12T17:27:39.000","Manhattan","25","NYCHA","C/V intervened on behalf of/observed encounter w/3rd party","Arrest - assault (against a PO)","Closed - Pending Litigation"
"2023-08-28T00:00:00.000","202303633","2023-04-10","20","2023-04-25T13:27:00.000","2023-06-12T17:27:35.000","Bronx","46","Street/highway","Report of other crime","Arrest - other violation/crime","Complainant Uncooperative"
"2023-08-28T00:00:00.000","202303632","2023-04-11","2","2023-04-24T12:18:00.000","2023-07-24T10:41:29.000","Queens","112","Street/highway","C/V requested investigation of crime","No arrest made or summons issued","Complaint Withdrawn"
"2023-08-28T00:00:00.000","202303629","2023-04-15","16","2023-04-25T13:14:00.000","2023-07-24T10:41:32.000","Brooklyn","70","Street/highway","Report-dispute","Arrest - other violation/crime","Complainant Unavailable"
"2023-08-28T00:00:00.000","202303617","2023-04-15","1","2023-04-25T13:11:00.000","2023-07-25T13:43:29.000","Bronx",,,"PD suspected C/V of violation/crime - street","No arrest made or summons issued","Complainant Uncooperative"
"2023-08-28T00:00:00.000","202303612","2023-04-13","4","2023-04-25T13:27:00.000","2023-07-11T09:55:22.000","Queens","103","Subway station/train","PD suspected C/V of violation/crime - subway","No arrest made or summons issued","Complainant Uncooperative"
"2023-08-28T00:00:00.000","202303606","2023-04-11","19","2023-04-25T13:21:00.000","2023-07-25T13:43:29.000","Bronx","40","Street/highway",,"Arrest - resisting arrest","Complainant Uncooperative"
"2023-08-28T00:00:00.000","202303603","2023-04-25","13","2023-04-26T07:20:00.000","2023-06-29T12:34:55.000","Manhattan","18","Commercial building","Other","No arrest made or summons issued","Complainant Unavailable"
"2023-08-28T00:00:00.000","202303579","2023-04-15","0","2023-04-25T12:42:00.000","2023-07-24T10:41:33.000","Bronx","48","Street/highway","PD suspected C/V of violation/crime - auto","Arrest - other violation/crime","Complainant Unavailable"
"2023-08-28T00:00:00.000","202303577","2023-04-13","6","2023-04-25T13:27:00.000","2023-07-25T13:43:29.000","Staten Island","120","Apartment/house","Execution of search warrant","Arrest - other violation/crime","Closed - Pending Litigation"
"2023-08-28T00:00:00.000","202303573","2023-04-14","19","2023-04-25T13:20:00.000","2023-07-11T09:55:21.000","Manhattan","33","Street/highway","PD suspected C/V of violation/crime - street","Arrest - other violation/crime","Complainant Unavailable"
"2023-08-28T00:00:00.000","202303572","2023-04-14","2","2023-04-20T17:56:00.000","2023-07-17T15:30:27.000","Queens","114","Police vehicle","CV already in custody","Arrest - assault (against a PO)","Closed - Pending Litigation"
"2023-08-28T00:00:00.000","202303571","2023-04-15","22","2023-04-25T15:12:00.000","2023-06-12T08:11:48.000","Brooklyn","70","Street/highway","PD suspected C/V of violation/crime - street","No arrest made or summons issued","Complaint Withdrawn"
"2023-08-28T00:00:00.000","202303568","2023-04-15","21","2023-04-25T13:01:00.000","2023-07-24T10:37:49.000","Bronx","52","Apartment/house","Report-domestic dispute","No arrest made or summons issued","Mediated"
"2023-08-28T00:00:00.000","202303567","2023-04-11","22","2023-04-25T12:49:00.000","2023-07-17T15:30:28.000","Bronx","48","Police building","CV already in custody","Arrest - other violation/crime","Closed - Pending Litigation"
"2023-08-28T00:00:00.000","202303566","2023-04-15","17","2023-04-25T13:00:00.000","2023-06-29T12:34:55.000","Queens","112","Street/highway","Report-dispute","Arrest - other violation/crime","Complaint Withdrawn"
"2023-08-28T00:00:00.000","202303565","2023-04-22","0","2023-04-24T14:53:00.000","2023-06-29T12:34:54.000","Manhattan","14",,,"No arrest made or summons issued","Complainant Uncooperative"
"2023-08-28T00:00:00.000","202303559","2023-03-28","22","2023-04-25T11:54:00.000","2023-07-24T10:41:33.000","Bronx","42","Street/highway","PD suspected C/V of violation/crime - street","No arrest made or summons issued","Complainant Unavailable"
"2023-08-28T00:00:00.000","202303545","2023-04-12","19","2023-04-25T10:41:00.000","2023-07-11T09:55:21.000","Bronx","40","Street/highway","PD suspected C/V of violation/crime - street","No arrest made or summons issued","Closed - Pending Litigation"
"2023-08-28T00:00:00.000","202303544",,,"2023-04-24T12:42:00.000","2023-06-28T09:06:25.000","Brooklyn","Precinct 0",,"C/V telephoned PCT","No arrest made or summons issued","Complainant Unavailable"
"2023-08-28T00:00:00.000","202303542","2023-04-24","17","2023-04-24T18:05:00.000","2023-07-24T10:41:09.000","Manhattan",,"Subway station/train","C/V requested info from officer","No arrest made or summons issued","Complainant Unavailable"
"2023-08-28T00:00:00.000","202303530","2023-04-23","17","2023-04-24T07:31:00.000","2023-07-24T10:41:09.000","Manhattan",,,"Other","No arrest made or summons issued","Alleged Victim Unavailable"
"2023-08-28T00:00:00.000","202303526","2023-04-16","21","2023-04-24T12:27:00.000","2023-07-17T15:30:30.000","Bronx","40","Street/highway","Other","Arrest - assault (against a PO)","Closed - Pending Litigation"
"2023-08-28T00:00:00.000","202303523","2023-04-13","17","2023-04-20T17:36:00.000","2023-06-28T09:05:49.000","Queens","109","Police building","C/V telephoned PCT","No arrest made or summons issued","Complaint Withdrawn"
"2023-08-28T00:00:00.000","202303520","2023-04-22","13","2023-04-24T13:08:00.000","2023-07-12T08:46:18.000","Staten Island",,"Police building","Other","No arrest made or summons issued","Miscellaneous - Subject Retired"
"2023-08-28T00:00:00.000","202303512","2023-04-12","0","2023-04-24T12:13:00.000","2023-06-28T09:05:49.000","Bronx","42","Street/highway","Report of other crime","Arrest - other violation/crime","Closed - Pending Litigation"
"2023-08-28T00:00:00.000","202303511",,,"2023-04-22T16:50:00.000","2023-05-10T13:37:47.000","Staten Island",,"Police building","Other",,"Complainant Uncooperative"
"2023-08-28T00:00:00.000","202303509","2023-04-19","8","2023-04-24T08:14:00.000","2023-07-24T10:41:10.000","Queens","103","Subway station/train","PD suspected C/V of violation/crime - subway","No arrest made or summons issued","Complainant Unavailable"
"2023-08-28T00:00:00.000","202303508","2022-12-05","19","2023-04-24T07:34:00.000","2023-07-24T10:41:10.000","Brooklyn","79","Street/highway","Parking violation","Parking summons issued","Complainant Uncooperative"
"2023-08-28T00:00:00.000","202303485","2023-04-23","13","2023-04-24T09:50:00.000","2023-07-17T15:30:25.000","Staten Island",,"Other","C/V telephoned PCT","No arrest made or summons issued","Complainant Uncooperative"
"2023-08-28T00:00:00.000","202303480",,"23","2023-04-24T00:15:00.000","2023-06-28T09:07:25.000","Brooklyn","75","Residential building","C/V requested investigation of crime","No arrest made or summons issued","Complainant Uncooperative"
"2023-08-28T00:00:00.000","202303476","2023-03-18",,"2023-04-23T12:03:00.000","2023-06-28T09:05:48.000","Queens","107","Apartment/house","Aided case","No arrest made or summons issued","Complaint Withdrawn"
"2023-08-28T00:00:00.000","202303474","2023-04-21","18","2023-04-21T19:01:00.000","2023-07-24T10:41:10.000","Brooklyn","68","Subway station/train","PD suspected C/V of violation/crime - subway","No arrest made or summons issued","Complainant Uncooperative"
"2023-08-28T00:00:00.000","202303468","2023-__-__",,"2023-04-21T10:59:00.000","2023-07-17T15:30:09.000","Manhattan","34","Apartment/house","Report-domestic dispute","No arrest made or summons issued","Alleged Victim Unavailable"
"2023-08-28T00:00:00.000","202303466","2023-02-10","20","2023-04-21T13:01:00.000","2023-07-17T15:30:10.000","Brooklyn","90","Street/highway","PD suspected C/V of violation/crime - auto","Arrest - other violation/crime","Closed - Pending Litigation"
"2023-08-28T00:00:00.000","202303465","2023-04-01","16","2023-04-21T14:10:00.000","2023-07-24T10:41:10.000","Brooklyn","67","Street/highway","Other violation of VTL","Arrest - resisting arrest","Complainant Uncooperative"
"2023-08-28T00:00:00.000","202303462","2023-04-21",,"2023-04-21T14:18:00.000","2023-07-17T15:30:11.000","Brooklyn","77","Other","C/V telephoned PCT","No arrest made or summons issued","Complaint Withdrawn"
"2023-08-28T00:00:00.000","202303459","2023-04-11","20","2023-04-21T10:29:00.000","2023-06-29T12:34:54.000","Brooklyn","79","Street/highway","PD suspected C/V of violation/crime - street","Arrest - other violation/crime","Closed - Pending Litigation"
"2023-08-28T00:00:00.000","202303455","2023-02-24","10","2023-04-21T12:52:00.000","2023-07-24T10:41:11.000","Queens","101","Hospital","Aided case","No arrest made or summons issued","Closed - Pending Litigation"
"2023-08-28T00:00:00.000","202303453","2023-04-20","18","2023-04-21T12:36:00.000","2023-06-26T13:56:47.000","Manhattan","14","Other","C/V telephoned PCT","No arrest made or summons issued","Mediated"
"2023-08-28T00:00:00.000","202303436","2023-04-13","22","2023-04-20T17:46:00.000","2023-07-17T15:30:11.000","Bronx","40","Street/highway","Execution of arrest/bench warrant","Arrest - other violation/crime","Closed - Pending Litigation"
"2023-08-28T00:00:00.000","202303414","2023-04-16","22","2023-04-20T07:16:00.000","2023-07-17T15:30:09.000","Brooklyn",,"Street/highway","Traffic accident","No arrest made or summons issued","Closed - Pending Litigation"
"2023-08-28T00:00:00.000","202303406","2023-04-11",,"2023-04-20T10:43:00.000","2023-06-26T14:00:53.000","Brooklyn","67","Apartment/house","Report-dispute","No arrest made or summons issued","Complainant Uncooperative"
"2023-08-28T00:00:00.000","202303403","2023-04-20","1","2023-04-20T10:13:00.000","2023-05-26T11:17:45.000","Brooklyn","68","Street/highway","Other violation of VTL","No arrest made or summons issued","Mediated"
"2023-08-28T00:00:00.000","202303394","2023-04-19","16","2023-04-19T16:44:00.000","2023-06-28T10:17:54.000","Bronx","43","Other","C/V telephoned PCT","No arrest made or summons issued","Mediated"
"2023-08-28T00:00:00.000","202303380","2023-04-19","11","2023-04-19T14:18:00.000","2023-07-11T09:55:21.000","Manhattan","09","Park","PD suspected C/V of violation/crime - street","No arrest made or summons issued","Complaint Withdrawn"
"2023-08-28T00:00:00.000","202303379","2023-04-10","22","2023-04-19T06:08:00.000","2023-07-24T10:41:11.000","Brooklyn","75","NYCHA","Report of other crime","Other VTL violation summons issued","Complainant Uncooperative"
"2023-08-28T00:00:00.000","202303376","2023-04-12",,"2023-04-19T06:05:00.000","2023-06-29T12:34:54.000","Brooklyn","73","Street/highway","Other violation of VTL","Moving violation summons issued","Complainant Uncooperative"
"2023-08-28T00:00:00.000","202303374","2022-09-04","18","2023-04-19T13:03:00.000","2023-05-03T13:35:04.000","Brooklyn","62","Police building","C/V at PCT to file complaint of officer misconduct","Summons - other violation/crime","Unable to Determine"
"2023-08-28T00:00:00.000","202303371","2023-04-07","18","2023-04-18T20:23:00.000","2023-07-11T09:55:21.000","Manhattan","14","Street/highway","C/V intervened on behalf of/observed encounter w/3rd party","Summons - other violation/crime","Complainant Unavailable"
"2023-08-28T00:00:00.000","202303368","2023-04-11","1","2023-04-19T06:15:00.000","2023-07-24T10:41:11.000","Manhattan","13","Subway station/train","PD suspected C/V of violation/crime - subway","Summons - other violation/crime","Complainant Unavailable"
"2023-08-28T00:00:00.000","202303367","2023-04-19","11","2023-04-19T11:38:00.000","2023-06-29T12:34:54.000","Bronx","47","Other","C/V telephoned PCT","No arrest made or summons issued","Complainant Unavailable"
"2023-08-28T00:00:00.000","202303365","2023-04-11","14","2023-04-19T06:12:00.000","2023-06-26T13:56:47.000","Queens","105","Other","C/V telephoned PCT","No arrest made or summons issued","Mediated"
"2023-08-28T00:00:00.000","202303363","2022-03-05","4","2023-04-18T12:10:00.000","2023-06-26T13:57:12.000","Outside NYC",,"Street/highway","Other","No arrest made or summons issued","Closed - Pending Litigation"
"2023-08-28T00:00:00.000","202303362","2023-04-14","22","2023-04-18T19:28:00.000","2023-07-17T15:30:45.000","Bronx","40","Street/highway","PD suspected C/V of violation/crime - street","Arrest - resisting arrest","Closed - Pending Litigation"
"2023-08-28T00:00:00.000","202303361","2023-04-11","9","2023-04-19T06:10:00.000","2023-07-24T10:41:11.000","Bronx","43","Apartment/house","Report-noise/disturbance","No arrest made or summons issued","Complainant Uncooperative"
"2023-08-28T00:00:00.000","202303360","2023-04-04","19","2023-04-18T13:44:00.000","2023-07-24T10:41:33.000","Manhattan","23","Police vehicle","PD suspected C/V of violation/crime - street","Arrest - other violation/crime","Closed - Pending Litigation"
"2023-08-28T00:00:00.000","202303359","2023-04-08","6","2023-04-18T13:44:00.000","2023-06-12T08:20:46.000","Queens","108","Street/highway","Report of other crime","No arrest made or summons issued","Closed - Pending Litigation"
"2023-08-28T00:00:00.000","202303350","2023-04-09","6","2023-04-18T13:40:00.000","2023-06-29T12:34:54.000","Queens","110","Police building","CV already in custody","Arrest - other violation/crime","Complaint Withdrawn"
"2023-08-28T00:00:00.000","202303335","2023-04-07","1","2023-04-17T13:40:00.000","2023-06-28T09:05:48.000","Brooklyn","90","Street/highway","Moving violation","Arrest - other violation/crime","Closed - Pending Litigation"
"2023-08-28T00:00:00.000","202303323","2023-04-08","23","2023-04-17T13:48:00.000","2023-07-17T15:30:24.000","Manhattan","19","Commercial building","Report of other crime","Arrest - assault (against a PO)","Complainant Unavailable"
"2023-08-28T00:00:00.000","202303317",,,"2023-04-17T13:22:00.000","2023-06-12T08:04:24.000",,,"Other","Other","No arrest made or summons issued","Complainant Uncooperative"
"2023-08-28T00:00:00.000","202303315","2023-04-06","13","2023-04-17T13:43:00.000","2023-07-11T09:55:21.000","Bronx","44","Apartment/house","C/V requested investigation of crime","No arrest made or summons issued","Complainant Unavailable"
"2023-08-28T00:00:00.000","202303314","2023-04-04","22","2023-04-17T09:11:00.000","2023-07-24T10:41:11.000","Brooklyn","67","Street/highway","Other violation of VTL","Arrest - other violation/crime","Complainant Uncooperative"
"2023-08-28T00:00:00.000","202303313","2023-04-09","23","2023-04-17T13:35:00.000","2023-06-29T12:34:53.000","Queens","105","Other","C/V telephoned PCT","No arrest made or summons issued","Complainant Unavailable"
"2023-08-28T00:00:00.000","202303312","2023-04-05","22","2023-04-17T13:14:00.000","2023-07-17T15:30:27.000","Brooklyn","60","Subway station/train","Report-noise/disturbance","No arrest made or summons issued","Complaint Withdrawn"
"2023-08-28T00:00:00.000","202303306","2023-03-22","21","2023-03-31T00:00:00.000","2023-06-28T09:05:48.000","Brooklyn","75","Apartment/house",,,"Complaint Withdrawn"
"2023-08-28T00:00:00.000","202303299","2023-03-30","20","2023-04-17T13:34:00.000","2023-06-28T09:05:48.000","Staten Island","120","NYCHA","C/V requested investigation of crime","Arrest - resisting arrest","Closed - Pending Litigation"
"2023-08-28T00:00:00.000","202303291","2023-04-16","16","2023-04-18T10:45:00.000","2023-06-26T14:00:53.000","Queens","113","Street/highway","Moving violation","Arrest - other violation/crime","Closed - Pending Litigation"
"2023-08-28T00:00:00.000","202303283","2023-04-05","20","2023-04-17T13:17:00.000","2023-06-29T12:34:53.000","Queens","114","Apartment/house","Report-domestic dispute","Arrest - other violation/crime","Closed - Pending Litigation"
"2023-08-28T00:00:00.000","202303280","2023-04-15","0","2023-04-16T22:23:00.000","2023-06-12T08:20:48.000","Brooklyn","88","Street/highway","PD suspected C/V of violation/crime - auto","Arrest - resisting arrest","Closed - Pending Litigation"
"2023-08-28T00:00:00.000","202303277","2023-04-05",,"2023-04-17T13:19:00.000","2023-06-26T14:00:48.000","Brooklyn","79","Street/highway","Other","No arrest made or summons issued","Complaint Withdrawn"
"2023-08-28T00:00:00.000","202303275","2023-04-06","0","2023-04-17T13:01:00.000","2023-06-28T09:05:47.000","Brooklyn","63","Street/highway","C/V intervened on behalf of/observed encounter w/3rd party","Arrest - other violation/crime","Closed - Pending Litigation"
"2023-08-28T00:00:00.000","202303273","2023-04-15","3","2023-04-18T04:21:00.000","2023-06-29T12:34:53.000","Brooklyn","94","Apartment/house","Report-dispute","No arrest made or summons issued","Complainant Uncooperative"
"2023-08-28T00:00:00.000","202303272","2023-04-17","10","2023-04-17T13:57:00.000","2023-06-29T12:34:53.000","Brooklyn","84","Subway station/train","Other","No arrest made or summons issued","Complainant Unavailable"
"2023-08-28T00:00:00.000","202303271","2023-04-17","15","2023-04-17T16:27:00.000","2023-07-25T13:43:28.000","Brooklyn","75",,"Other","Summons - other violation/crime","Complainant Uncooperative"
"2023-08-28T00:00:00.000","202303269","2023-04-07","23","2023-04-17T12:57:00.000","2023-07-24T10:41:13.000","Bronx",,"Street/highway","PD suspected C/V of violation/crime - auto","Arrest - other violation/crime","Complainant Unavailable"
"2023-08-28T00:00:00.000","202303268","2023-04-04","17","2023-04-17T12:09:00.000","2023-06-26T13:56:47.000","Manhattan","24","Street/highway","PD suspected C/V of violation/crime - street","Summons - other violation/crime","Mediated"
"2023-08-28T00:00:00.000","202303261","2023-04-05","0","2023-04-17T12:49:00.000","2023-06-29T12:34:53.000","Bronx","46","Street/highway","Traffic accident","Arrest - other violation/crime","Closed - Pending Litigation"
"2023-08-28T00:00:00.000","202303259","2023-04-02","20","2023-04-17T12:38:00.000","2023-08-17T13:12:04.000","Brooklyn","73","NYCHA","PD suspected C/V of violation/crime - bldg","Arrest - other violation/crime","Closed - Pending Litigation"
"2023-08-28T00:00:00.000","202303256","2023-04-03","1","2023-04-17T12:39:00.000","2023-06-29T12:34:52.000","Manhattan","26","Subway station/train","PD suspected C/V of violation/crime - subway","No arrest made or summons issued","Complainant Uncooperative"
"2023-08-28T00:00:00.000","202303255","2023-04-13","0","2023-04-14T16:03:00.000","2023-06-29T12:34:52.000","Bronx","41","Street/highway",,,"Complainant Unavailable"
"2023-08-28T00:00:00.000","202303253","2023-04-15","3","2023-04-17T10:48:00.000","2023-06-29T12:34:52.000","Brooklyn","70","Commercial building","Report of other crime","Arrest - resisting arrest","Closed - Pending Litigation"
"2023-08-28T00:00:00.000","202303241","2023-04-16","17","2023-04-16T20:49:00.000","2023-07-24T10:41:14.000","Staten Island",,"Other","C/V telephoned PCT","No arrest made or summons issued","Complainant Unavailable"
"2023-08-28T00:00:00.000","202303240",,"19","2023-04-14T16:31:00.000","2023-06-28T09:07:00.000","Manhattan","14","Commercial building","C/V intervened on behalf of/observed encounter w/3rd party","No arrest made or summons issued","Complainant Unavailable"
"2023-08-28T00:00:00.000","202303236","2023-04-08","1","2023-04-17T12:30:00.000","2023-07-24T10:41:14.000","Manhattan","32","Police building","C/V at PCT to obtain information","Arrest - resisting arrest","Complainant Unavailable"
"2023-08-28T00:00:00.000","202303234","2023-04-04","8","2023-04-17T12:00:00.000","2023-07-24T10:41:14.000","Manhattan","05","Street/highway","Other violation of VTL","No arrest made or summons issued","Complainant Unavailable"
"2023-08-28T00:00:00.000","202303232","2023-04-04","11","2023-04-17T11:59:00.000","2023-06-28T09:05:47.000","Bronx","47","Apartment/house","Other","No arrest made or summons issued","Complainant Uncooperative"
"2023-08-28T00:00:00.000","202303227","2023-04-04","10","2023-04-17T11:50:00.000","2023-06-29T12:34:52.000","Bronx","40","Subway station/train","C/V intervened on behalf of/observed encounter w/3rd party","No arrest made or summons issued","Complainant Unavailable"
"2023-08-28T00:00:00.000","202303218","2023-04-14","20","2023-04-14T21:38:00.000","2023-07-11T09:55:20.000",,,"Police building",,,"Alleged Victim Unavailable"
"2023-08-28T00:00:00.000","202303215","2023-04-15","0","2023-04-17T11:27:00.000","2023-08-17T13:12:04.000","Queens",,,"C/V intervened on behalf of/observed encounter w/3rd party","Summons - other violation/crime","Closed - Pending Litigation"
"2023-08-28T00:00:00.000","202303214","2023-04-14","20","2023-04-17T11:24:00.000","2023-06-29T12:34:52.000","Manhattan","34","Street/highway","PD suspected C/V of violation/crime - street","No arrest made or summons issued","Complainant Uncooperative"
"2023-08-28T00:00:00.000","202303211","2023-04-12","21","2023-04-14T14:00:00.000","2023-08-17T13:12:03.000","Bronx","52","Street/highway","Moving violation","Moving violation summons issued","Closed - Pending Litigation"
"2023-08-28T00:00:00.000","202303210","2023-__-__",,"2023-04-16T18:16:00.000","2023-07-18T12:16:25.000","Staten Island",,"Police building","C/V at PCT to obtain information","No arrest made or summons issued","Within NYPD Guidelines"
"2023-08-28T00:00:00.000","202303189","2023-04-__",,"2023-04-17T09:07:00.000","2023-07-24T10:41:13.000","Bronx","48","Apartment/house","Execution of arrest/bench warrant","No arrest made or summons issued","Complainant Uncooperative"
"2023-08-28T00:00:00.000","202303188","2023-04-14","17","2023-04-14T22:10:00.000","2023-06-28T09:05:47.000","Bronx","49","Commercial building","Report-possession/sale of narcotics","Arrest - other violation/crime","Closed - Pending Litigation"
"2023-08-28T00:00:00.000","202303180","2023-04-14","1","2023-04-14T07:26:00.000","2023-06-29T12:34:51.000","Queens","115","Apartment/house","Aided case","No arrest made or summons issued","Complainant Unavailable"
"2023-08-28T00:00:00.000","202303171","2023-04-13","17","2023-04-13T19:33:00.000","2023-06-29T12:34:51.000","Brooklyn","83","Police building","C/V at PCT to obtain information","No arrest made or summons issued","Complainant Unavailable"
"2023-08-28T00:00:00.000","202303163","2023-04-13","11","2023-04-13T16:31:00.000","2023-05-26T11:17:45.000","Queens","105","Other","C/V telephoned PCT","No arrest made or summons issued","Mediated"
"2023-08-28T00:00:00.000","202303152","2023-04-13","12","2023-04-13T14:50:00.000","2023-07-17T15:30:46.000","Brooklyn","75","Subway station/train","PD suspected C/V of violation/crime - subway","Arrest - other violation/crime","Closed - Pending Litigation"
"2023-08-28T00:00:00.000","202303150",,,"2023-04-13T09:54:00.000","2023-06-12T08:04:24.000","Queens","114","Apartment/house","Other","No arrest made or summons issued","Officer(s) Unidentified"
"2023-08-28T00:00:00.000","202303138","2023-03-10","10","2023-04-13T11:58:00.000","2023-06-29T12:34:51.000","Staten Island","120","Apartment/house","Execution of search warrant","Arrest - other violation/crime","Complainant Uncooperative"
"2023-08-28T00:00:00.000","202303130",,,"2023-04-12T22:03:00.000","2023-07-11T11:36:56.000",,,"Police building","C/V intervened on behalf of/observed encounter w/3rd party","No arrest made or summons issued","Alleged Victim Unavailable"
"2023-08-28T00:00:00.000","202303124",,,"2023-04-12T20:40:00.000","2023-06-28T09:07:21.000","Brooklyn","79","Residential building","Report-domestic dispute","No arrest made or summons issued","Complaint Withdrawn"
"2023-08-28T00:00:00.000","202303119","2023-04-12",,"2023-04-12T14:26:00.000","2023-06-26T14:00:53.000","Queens","114","Street/highway","Traffic accident","No arrest made or summons issued","Complaint Withdrawn"
"2023-08-28T00:00:00.000","202303118","2023-04-01",,"2023-04-12T14:11:00.000","2023-06-26T14:00:53.000","Bronx","48","Street/highway","Report of other crime","Summons - other violation/crime","Closed - Pending Litigation"
"2023-08-28T00:00:00.000","202303116","2023-04-04","3","2023-04-12T14:11:00.000","2023-07-17T15:30:30.000","Queens","106","Subway station/train","PD suspected C/V of violation/crime - subway","No arrest made or summons issued","Complainant Unavailable"
"2023-08-28T00:00:00.000","202303114",,,"2023-04-12T14:10:00.000","2023-06-12T08:04:23.000","Brooklyn","84","Apartment/house","EDP aided case","No arrest made or summons issued","Complainant Unavailable"
"2023-08-28T00:00:00.000","202303113","2023-04-04","2","2023-04-12T14:11:00.000","2023-07-17T15:30:45.000","Brooklyn","75","Police building","CV already in custody","Arrest - other violation/crime","Complainant Unavailable"
"2023-08-28T00:00:00.000","202303111","2023-04-02","3","2023-04-12T13:55:00.000","2023-07-17T15:30:44.000","Manhattan","23","Apartment/house","PD suspected C/V of violation/crime - bldg","Arrest - other violation/crime","Alleged Victim Unavailable"
"2023-08-28T00:00:00.000","202303110","2023-03-27","13","2023-04-12T14:06:00.000","2023-07-17T15:30:44.000","Manhattan","17","Public space/building","Report of other crime","No arrest made or summons issued","Complaint Withdrawn"
"2023-08-28T00:00:00.000","202303108","2023-04-11","18","2023-04-12T14:46:00.000","2023-06-29T12:34:51.000","Bronx","46","Street/highway","Report-gun possession/shots fired","No arrest made or summons issued","Complainant Uncooperative"
"2023-08-28T00:00:00.000","202303107","2023-04-04","18","2023-04-12T14:03:00.000","2023-07-11T09:55:20.000","Manhattan","18","Street/highway","PD suspected C/V of violation/crime - subway","No arrest made or summons issued","Complaint Withdrawn"
"2023-08-28T00:00:00.000","202303106","2023-04-01","7","2023-04-12T14:07:00.000","2023-07-17T15:30:44.000","Queens","101","Police building","C/V at PCT to file complaint of crime","No arrest made or summons issued","Complainant Uncooperative"
"2023-08-28T00:00:00.000","202303103","2023-03-31","17","2023-04-12T13:50:00.000","2023-07-17T15:30:43.000","Brooklyn","67","Street/highway","PD suspected C/V of violation/crime - street","Summons - other violation/crime","Complainant Uncooperative"
"2023-08-28T00:00:00.000","202303099","2023-04-02","11","2023-04-12T13:50:00.000","2023-06-29T12:34:50.000","Manhattan",,"Subway station/train","PD suspected C/V of violation/crime - subway","Summons - disorderly conduct","Complainant Unavailable"
"2023-08-28T00:00:00.000","202303097","2023-03-29","18","2023-04-12T13:51:00.000","2023-07-24T10:41:13.000","Manhattan","25","Street/highway","Execution of arrest/bench warrant","Arrest - other violation/crime","Closed - Pending Litigation"
"2023-08-28T00:00:00.000","202303083","2023-04-11","21","2023-04-12T11:53:00.000","2023-07-24T10:41:13.000","Bronx","42","Street/highway","PD suspected C/V of violation/crime - street","Arrest - other violation/crime","Complainant Uncooperative"
"2023-08-28T00:00:00.000","202303080","2023-04-12","11","2023-04-12T11:20:00.000","2023-06-26T14:00:52.000","Queens","112","Other","C/V telephoned PCT","No arrest made or summons issued","Complaint Withdrawn"
"2023-08-28T00:00:00.000","202303077","2023-04-01","19","2023-04-12T05:17:00.000","2023-07-17T15:30:11.000","Brooklyn","81","Street/highway","PD suspected C/V of violation/crime - street","Arrest - other violation/crime","Complainant Unavailable"
"2023-08-28T00:00:00.000","202303055","2023-04-02","18","2023-04-11T14:10:00.000","2023-07-24T10:41:13.000","Outside NYC","Precinct 0","Street/highway","Moving violation","Other VTL violation summons issued","Complainant Uncooperative"
"2023-08-28T00:00:00.000","202303044","2023-04-05","16","2023-04-11T10:56:00.000","2023-06-29T12:34:50.000","Brooklyn","75","Subway station/train","PD suspected C/V of violation/crime - subway","Arrest - other violation/crime","Complainant Uncooperative"
"2023-08-28T00:00:00.000","202303036","2023-04-06","15","2023-04-10T17:02:00.000","2023-06-12T08:20:52.000","Bronx","49","Apartment/house","EDP aided case","No arrest made or summons issued","Complainant Unavailable"
"2023-08-28T00:00:00.000","202303027","2022-11-22",,"2023-04-07T15:07:00.000","2023-06-26T14:00:52.000","Queens","103","Street/highway",,,"Complainant Unavailable"
"2023-08-28T00:00:00.000","202303018","2022-07-16","9","2023-04-10T15:05:00.000","2023-06-28T10:19:38.000","Queens","106","Street/highway","Report of other crime","Arrest - other violation/crime","Complainant Uncooperative"
"2023-08-28T00:00:00.000","202303016","2023-04-08","16","2023-04-10T14:21:00.000","2023-06-26T13:56:46.000","Bronx","42","Police building","C/V at PCT to file complaint of officer misconduct","No arrest made or summons issued","Mediated"
"2023-08-28T00:00:00.000","202303015","2023-04-07","14","2023-04-07T15:01:00.000","2023-05-25T09:09:47.000","Brooklyn","63","Police building","C/V at PCT to obtain information","No arrest made or summons issued","Complaint Withdrawn"
"2023-08-28T00:00:00.000","202303003","2023-04-07","22","2023-04-08T11:00:00.000","2023-07-24T10:41:12.000","Manhattan","25","Street/highway","Other","No arrest made or summons issued","Complainant Uncooperative"
"2023-08-28T00:00:00.000","202302994","2023-01-10","20","2023-04-08T00:38:00.000","2023-06-26T14:00:52.000","Manhattan","18","Commercial building","Other","No arrest made or summons issued","Complaint Withdrawn"
"2023-08-28T00:00:00.000","202302977","2023-04-02","0","2023-04-08T09:42:00.000","2023-07-17T15:30:11.000","Brooklyn","81","Other","PD telephones CV","No arrest made or summons issued","Complainant Unavailable"
"2023-08-28T00:00:00.000","202302969","2023-04-01","17","2023-04-07T16:49:00.000","2023-07-24T10:41:12.000","Brooklyn","72","Apartment/house","Report-domestic dispute","Arrest - other violation/crime","Complainant Uncooperative"
"2023-08-28T00:00:00.000","202302968","2023-04-__","15","2023-04-09T22:54:00.000","2023-06-28T09:05:46.000","Queens","105","Police building","C/V at PCT to file complaint of officer misconduct","No arrest made or summons issued","Complainant Unavailable"
"2023-08-28T00:00:00.000","202302961","2023-04-07","15","2023-04-07T17:46:00.000","2023-07-17T15:30:10.000","Manhattan","23","Police building","CV already in custody","Summons - other violation/crime","Complainant Uncooperative"
"2023-08-28T00:00:00.000","202302959","2023-04-02","2","2023-04-08T09:42:00.000","2023-07-24T10:41:11.000","Queens","106","Apartment/house","C/V requested investigation of crime","No arrest made or summons issued","Complaint Withdrawn"
"2023-08-28T00:00:00.000","202302957","2023-01-__","19","2023-04-07T15:11:00.000","2023-07-17T15:29:24.000","Queens","102","Street/highway","Other","No arrest made or summons issued","Officer(s) Unidentified"
"2023-08-28T00:00:00.000","202302949","2023-04-01","18","2023-04-07T13:20:00.000","2023-05-25T09:09:47.000","Manhattan","28","Street/highway","PD suspected C/V of violation/crime - street","Arrest - other violation/crime","Closed - Pending Litigation"
"2023-08-28T00:00:00.000","202302937","2023-04-07","10","2023-04-07T10:43:00.000","2023-06-28T09:05:46.000","Bronx","47","Apartment/house","PD suspected C/V of violation/crime - bldg","No arrest made or summons issued","Complainant Uncooperative"
"2023-08-28T00:00:00.000","202302933","2023-04-05","2","2023-04-06T18:07:00.000","2023-06-28T09:05:46.000","Brooklyn","79","Apartment/house","Report-dispute","Arrest - other violation/crime","Closed - Pending Litigation"
"2023-08-28T00:00:00.000","202302928","2023-03-31","1","2023-04-07T06:55:00.000","2023-06-28T09:05:46.000","Queens","114","Street/highway","Aided case","No arrest made or summons issued","Complaint Withdrawn"
"2023-08-28T00:00:00.000","202302922","2023-03-22",,"2023-04-05T19:23:00.000","2023-07-24T10:41:29.000","Brooklyn","84","Police building","PD suspected C/V of violation/crime - auto","Arrest - other violation/crime","Complainant Uncooperative"
"2023-08-28T00:00:00.000","202302921","2023-03-27","9","2023-04-06T11:49:00.000","2023-07-25T13:43:28.000","Bronx","50","Apartment/house","Report-domestic dispute","No arrest made or summons issued","Complaint Withdrawn"
"2023-08-28T00:00:00.000","202302920","2023-03-30","6","2023-04-06T13:54:00.000","2023-07-17T15:30:24.000","Queens","108","Apartment/house","Report-domestic dispute","Arrest - other violation/crime","Complainant Uncooperative"
"2023-08-28T00:00:00.000","202302908","2023-03-30","21","2023-04-06T13:45:00.000","2023-06-29T12:34:49.000","Queens","106","Street/highway","Other violation of VTL","Arrest - OGA","Closed - Pending Litigation"
"2023-08-28T00:00:00.000","202302904","2023-04-05","14","2023-04-05T18:46:00.000","2023-06-26T14:00:52.000",,,"Other","C/V telephoned PCT","No arrest made or summons issued","Complainant Unavailable"
"2023-08-28T00:00:00.000","202302903","2023-03-27","3","2023-04-06T11:42:00.000","2023-06-26T14:00:52.000","Queens","102","Street/highway","Report of other crime","Arrest - other violation/crime","Closed - Pending Litigation"
"2023-08-28T00:00:00.000","202302901","2023-03-29","16","2023-04-06T09:29:00.000","2023-05-25T09:09:46.000","Bronx","40","Street/highway","Other violation of VTL","Other VTL violation summons issued","Complaint Withdrawn"
"2023-08-28T00:00:00.000","202302899","2023-03-25","0","2023-04-05T20:45:00.000","2023-05-25T09:09:46.000","Bronx","47","Street/highway","Report of other crime","Arrest - assault (against a PO)","Closed - Pending Litigation"
"2023-08-28T00:00:00.000","202302892","2023-04-06","3","2023-04-06T08:51:00.000","2023-06-26T14:00:49.000","Bronx","44","Street/highway","PD suspected C/V of violation/crime - auto","Arrest - other violation/crime","Closed - Pending Litigation"
"2023-08-28T00:00:00.000","202302888","2023-03-31","15","2023-04-06T11:00:00.000","2023-06-26T14:00:51.000","Brooklyn","77","Apartment/house","Report-domestic dispute","Arrest - other violation/crime","Closed - Pending Litigation"
"2023-08-28T00:00:00.000","202302882","2023-04-05","17","2023-04-06T10:11:00.000","2023-06-12T08:11:48.000","Queens","103","Street/highway","C/V requested info from officer","No arrest made or summons issued","Complaint Withdrawn"
"2023-08-28T00:00:00.000","202302876","2023-03-30","17","2023-04-05T19:08:00.000","2023-06-12T08:20:48.000","Queens","105","Street/highway","PD suspected C/V of violation/crime - auto","Arrest - other violation/crime","Closed - Pending Litigation"
"2023-08-28T00:00:00.000","202302871","2023-03-26","17","2023-04-05T16:57:00.000","2023-07-17T15:30:44.000","Manhattan","14","Street/highway",,"Arrest - resisting arrest","Complainant Uncooperative"
"2023-08-28T00:00:00.000","202302868","2023-03-26","9","2023-04-05T17:06:00.000","2023-06-28T09:05:45.000","Queens","103","Subway station/train","PD suspected C/V of violation/crime - subway","Arrest - other violation/crime","Complainant Uncooperative"
"2023-08-28T00:00:00.000","202302865","2023-03-24","4","2023-04-05T18:29:00.000","2023-06-29T12:34:49.000","Manhattan","13","Hospital","CV already in custody","Arrest - assault (against a PO)","Complaint Withdrawn"
"2023-08-28T00:00:00.000","202302864","2022-07-22","20","2023-04-05T20:13:00.000","2023-06-29T12:34:49.000","Manhattan","28","Street/highway","Moving violation","Arrest - other violation/crime","Complainant Uncooperative"
"2023-08-28T00:00:00.000","202302861","2023-03-27",,"2023-04-05T15:38:00.000","2023-06-28T09:05:45.000","Brooklyn","72","Hospital","C/V intervened on behalf of/observed encounter w/3rd party","No arrest made or summons issued","Complainant Unavailable"
"2023-08-28T00:00:00.000","202302858","2023-03-24","21","2023-04-05T15:42:00.000","2023-07-17T15:30:25.000","Bronx","40","Street/highway","PD suspected C/V of violation/crime - street","No arrest made or summons issued","Complainant Uncooperative"
"2023-08-28T00:00:00.000","202302856","2023-03-27","11","2023-04-05T15:43:00.000","2023-06-29T12:34:49.000","Bronx","47","Street/highway","Report of other crime","Arrest - other violation/crime","Closed - Pending Litigation"
"2023-08-28T00:00:00.000","202302853","2023-03-28","17","2023-04-05T15:06:00.000","2023-06-28T09:05:44.000","Brooklyn","67","Street/highway","Report of other crime","No arrest made or summons issued","Complainant Unavailable"
"2023-08-28T00:00:00.000","202302851","2023-03-24","15","2023-04-05T15:01:00.000","2023-06-12T16:53:51.000","Manhattan","06","Street/highway","Report-domestic dispute","Arrest - other violation/crime","Closed - Pending Litigation"
"2023-08-28T00:00:00.000","202302845","2023-03-26","2","2023-04-05T13:58:00.000","2023-05-25T09:09:46.000","Brooklyn","83","Street/highway","Parking violation","Arrest - other violation/crime","Closed - Pending Litigation"
"2023-08-28T00:00:00.000","202302843","2023-03-27",,"2023-04-05T13:49:00.000","2023-07-24T10:41:29.000","Bronx","42","Street/highway","Report-gun possession/shots fired","Summons - disorderly conduct","Complainant Uncooperative"
"2023-08-28T00:00:00.000","202302837","2023-04-04","19","2023-04-05T13:57:00.000","2023-07-17T15:30:30.000","Bronx","43","Apartment/house","Execution of arrest/bench warrant","No arrest made or summons issued","Complainant Uncooperative"
"2023-08-28T00:00:00.000","202302836","2023-03-29","23","2023-04-05T14:02:00.000","2023-05-25T09:09:45.000","Brooklyn","75","Street/highway","Report of other crime","Arrest - other violation/crime","Closed - Pending Litigation"
"2023-08-28T00:00:00.000","202302835","2023-03-26","0","2023-04-05T13:06:00.000","2023-06-26T14:00:51.000","Bronx","50","Police building","C/V requested investigation of crime","No arrest made or summons issued","Complaint Withdrawn"
"2023-08-28T00:00:00.000","202302834","2023-03-26","4","2023-04-05T11:26:00.000","2023-05-25T09:09:45.000","Queens","115","Street/highway","C/V requested investigation of crime","No arrest made or summons issued","Complaint Withdrawn"
"2023-08-28T00:00:00.000","202302832","2023-03-16","11","2023-04-04T21:43:00.000","2023-06-29T12:34:48.000","Bronx","47","Street/highway","Moving violation","Arrest - resisting arrest","Closed - Pending Litigation"
"2023-08-28T00:00:00.000","202302830","2023-03-26","0","2023-04-05T12:13:00.000","2023-06-28T09:05:44.000","Bronx","52","Street/highway","Moving violation","Moving violation summons issued","Complainant Uncooperative"
"2023-08-28T00:00:00.000","202302820","2023-03-30","0","2023-04-05T08:20:00.000","2023-06-29T12:34:48.000","Brooklyn","77","Commercial building","Report of other crime","Arrest - other violation/crime","Complainant Uncooperative"
"2023-08-28T00:00:00.000","202302818","2023-03-28","14","2023-04-05T08:19:00.000","2023-07-17T15:30:30.000","Brooklyn","83","Apartment/house","Execution of search warrant","No arrest made or summons issued","Closed - Pending Litigation"
"2023-08-28T00:00:00.000","202302799","2023-04-04","12","2023-04-04T14:41:00.000","2023-06-12T08:11:31.000","Manhattan",,"Commercial building","PD suspected C/V of violation/crime - bldg","No arrest made or summons issued","Mediated"
"2023-08-28T00:00:00.000","202302795","2023-04-02","19","2023-04-04T14:05:00.000","2023-05-25T09:09:45.000","Manhattan","32","Apartment/house","Report-domestic dispute","Arrest - other violation/crime","Closed - Pending Litigation"
"2023-08-28T00:00:00.000","202302789","2023-04-02","22","2023-04-04T09:09:00.000","2023-06-29T12:34:48.000","Bronx","40","Apartment/house","Report-domestic dispute","Arrest - other violation/crime","Complainant Uncooperative"
"2023-08-28T00:00:00.000","202302781","2023-03-24","17","2023-04-04T09:26:00.000","2023-06-29T12:34:48.000","Manhattan","14","Commercial building","Report of other crime","Arrest - other violation/crime","Complainant Uncooperative"
"2023-08-28T00:00:00.000","202302780","2023-04-02","16","2023-04-03T13:41:00.000","2023-07-24T10:41:28.000","Manhattan","07","Apartment/house","Report-domestic dispute","No arrest made or summons issued","Complainant Uncooperative"
"2023-08-28T00:00:00.000","202302771","2023-03-27",,"2023-04-02T02:21:00.000","2023-07-25T13:43:28.000","Manhattan","05","Street/highway","C/V requested investigation of crime","No arrest made or summons issued","Complainant Uncooperative"
"2023-08-28T00:00:00.000","202302769","2023-04-02","12","2023-04-03T15:45:00.000","2023-05-26T11:17:33.000","Brooklyn","75","Street/highway","PD suspected C/V of violation/crime - auto","No arrest made or summons issued","Complaint Withdrawn"
"2023-08-28T00:00:00.000","202302758","2023-03-31","15","2023-03-31T18:49:00.000","2023-06-28T09:05:44.000","Bronx","44","Street/highway","PD suspected C/V of violation/crime - street","No arrest made or summons issued","Complaint Withdrawn"
"2023-08-28T00:00:00.000","202302756","2023-04-02","4","2023-04-03T03:46:00.000","2023-06-26T14:00:51.000","Bronx",,"Street/highway","PD suspected C/V of violation/crime - street","No arrest made or summons issued","Complainant Uncooperative"
"2023-08-28T00:00:00.000","202302746","2023-04-01","18","2023-04-01T18:44:00.000","2023-06-29T12:34:48.000","Manhattan","18","Subway station/train","C/V intervened on behalf of/observed encounter w/3rd party","No arrest made or summons issued","Complainant Unavailable"
"2023-08-28T00:00:00.000","202302742","2023-03-30","19","2023-04-01T15:14:00.000","2023-06-26T14:00:50.000","Brooklyn","69","Street/highway","C/V requested investigation of crime","Arrest - other violation/crime","Closed - Pending Litigation"
"2023-08-28T00:00:00.000","202302740","2023-04-01","15","2023-04-03T10:53:00.000","2023-05-26T11:17:45.000","Manhattan","05","Street/highway","C/V requested investigation of crime","No arrest made or summons issued","Mediated"
"2023-08-28T00:00:00.000","202302737","2023-03-23","21","2023-04-01T16:20:00.000","2023-06-26T14:00:50.000","Bronx","48","Street/highway","Other","No arrest made or summons issued","Complainant Uncooperative"
"2023-08-28T00:00:00.000","202302727","2023-03-25","19","2023-04-02T11:09:00.000","2023-06-26T14:00:50.000","Brooklyn","70","Apartment/house","Report-dispute","No arrest made or summons issued","Complainant Uncooperative"
"2023-08-28T00:00:00.000","202302725","2023-03-31","19","2023-03-31T19:57:00.000","2023-05-25T09:09:45.000","Manhattan","01","Public space/building","C/V requested investigation of crime","No arrest made or summons issued","Complainant Uncooperative"
"2023-08-28T00:00:00.000","202302724","2023-03-31","17","2023-03-31T17:57:00.000","2023-07-24T10:41:28.000","Brooklyn","88","Street/highway","PD suspected C/V of violation/crime - street","Summons - other violation/crime","Complainant Unavailable"
"2023-08-28T00:00:00.000","202302720","2023-03-25","0","2023-04-02T11:18:00.000","2023-06-12T17:33:32.000","Brooklyn","70","Street/highway","Report-dispute","Summons - other violation/crime","Complaint Withdrawn"
"2023-08-28T00:00:00.000","202302719","2023-03-21","21","2023-04-01T08:42:00.000","2023-05-25T09:09:44.000","Queens","109","Street/highway","PD suspected C/V of violation/crime - auto","Arrest - resisting arrest","Closed - Pending Litigation"
"2023-08-28T00:00:00.000","202302718","2023-03-24","21","2023-04-02T11:17:00.000","2023-06-26T14:00:54.000","Bronx","44","Street/highway","Report-domestic dispute","Arrest - other violation/crime","Complainant Uncooperative"
"2023-08-28T00:00:00.000","202302716","2022-07-19","8","2023-04-02T10:37:00.000","2023-06-12T16:53:52.000","Queens","105","Street/highway","Report of other crime","Arrest - other violation/crime","Complainant Uncooperative"
"2023-08-28T00:00:00.000","202302714","2023-03-05","0","2023-03-29T11:23:00.000","2023-06-26T14:00:49.000","Staten Island","123","Street/highway","PD auto checkpoint","No arrest made or summons issued","Complainant Uncooperative"
"2023-08-28T00:00:00.000","202302707","2023-03-21","19","2023-03-31T12:05:00.000","2023-06-26T14:00:53.000","Queens","114","Subway station/train","EDP aided case","No arrest made or summons issued","Victim Unidentified"
"2023-08-28T00:00:00.000","202302695","2023-03-28","15","2023-03-30T19:20:00.000","2023-06-29T12:34:48.000","Brooklyn","75","Street/highway","PD suspected C/V of violation/crime - street","Summons - disorderly conduct","Complainant Uncooperative"
"2023-08-28T00:00:00.000","202302684","2023-03-12","22","2023-03-31T00:00:00.000","2023-05-09T14:15:49.000","Bronx",,,"Other","No arrest made or summons issued","Mediated"
"2023-08-28T00:00:00.000","202302682","2023-03-30","13","2023-03-30T16:47:00.000","2023-05-25T09:09:44.000","Brooklyn","62","Apartment/house","Report of other crime","No arrest made or summons issued","Complainant Uncooperative"
"2023-08-28T00:00:00.000","202302663","2023-03-23","1","2023-03-30T12:04:00.000","2023-07-17T15:30:29.000","Manhattan","33","Subway station/train","C/V requested info from officer","No arrest made or summons issued","Complainant Uncooperative"
"2023-08-28T00:00:00.000","202302662","2023-03-23","1","2023-03-30T12:09:00.000","2023-07-17T15:30:29.000","Bronx","52","Street/highway","PD suspected C/V of violation/crime - street","No arrest made or summons issued","Complainant Uncooperative"
"2023-08-28T00:00:00.000","202302661","2023-03-23","10","2023-03-30T12:17:00.000","2023-07-17T15:30:28.000","Bronx","43","Police building","C/V at PCT to file complaint of officer misconduct","No arrest made or summons issued","Complaint Withdrawn"
"2023-08-28T00:00:00.000","202302657","2023-03-23","3","2023-03-30T12:23:00.000","2023-05-25T09:09:44.000","Staten Island",,"Apartment/house","Report-gun possession/shots fired","Arrest - other violation/crime","Closed - Pending Litigation"
"2023-08-28T00:00:00.000","202302655","2023-03-28","22","2023-03-30T12:23:00.000","2023-05-25T09:09:43.000","Bronx","44","Police building","C/V at PCT to file complaint of crime","No arrest made or summons issued","Complaint Withdrawn"
"2023-08-28T00:00:00.000","202302636","2023-03-21","16","2023-03-29T13:06:00.000","2023-05-25T09:09:43.000","Queens","113","Street/highway","PD suspected C/V of violation/crime - street","No arrest made or summons issued","Complaint Withdrawn"
"2023-08-28T00:00:00.000","202302626","2023-03-18","23","2023-03-29T13:04:00.000","2023-05-25T09:09:43.000","Brooklyn","76","Street/highway","PD suspected C/V of violation/crime - street","Arrest - other violation/crime","Complaint Withdrawn"
"2023-08-28T00:00:00.000","202302618","2023-03-29","10","2023-03-29T11:33:00.000","2023-05-25T09:09:43.000","Bronx",,"Subway station/train","PD suspected C/V of violation/crime - subway","No arrest made or summons issued","Complaint Withdrawn"
"2023-08-28T00:00:00.000","202302610","2023-03-27","12","2023-03-29T09:59:00.000","2023-06-12T17:33:05.000","Manhattan","23","Commercial building","Report-dispute","Arrest - other violation/crime","Closed - Pending Litigation"
"2023-08-28T00:00:00.000","202302607","2023-03-28","18","2023-03-29T09:19:00.000","2023-06-26T14:00:52.000","Bronx","41","Street/highway","PD suspected C/V of violation/crime - street","Summons - other violation/crime","Closed - Pending Litigation"
"2023-08-28T00:00:00.000","202302606","2022-10-19","20","2023-03-29T09:06:00.000","2023-06-29T12:34:47.000","Manhattan","17","Residential building","C/V requested investigation of crime","No arrest made or summons issued","Complainant Unavailable"
"2023-08-28T00:00:00.000","202302603","2022-05-07","18","2023-03-28T20:41:00.000","2023-06-12T08:04:42.000","Manhattan","28","Police building","Report-possession/sale of narcotics","Arrest - other violation/crime","Closed - Pending Litigation"
"2023-08-28T00:00:00.000","202302588","2023-03-12","1","2023-03-28T07:03:00.000","2023-07-17T15:30:28.000","Manhattan","18","Street/highway","PD suspected C/V of violation/crime - auto","Other VTL violation summons issued","Complainant Uncooperative"
"2023-08-28T00:00:00.000","202302584","2022-12-16","21","2023-03-27T17:13:00.000","2023-07-17T15:30:28.000","Bronx","52","Hospital","Other","No arrest made or summons issued","Complainant Uncooperative"
"2023-08-28T00:00:00.000","202302576","2023-03-22","14","2023-03-28T08:06:00.000","2023-06-26T14:00:54.000","Brooklyn","76","Street/highway","PD suspected C/V of violation/crime - auto","Arrest - other violation/crime","Closed - Pending Litigation"
"2023-08-28T00:00:00.000","202302575","2023-03-__",,"2023-03-28T08:13:00.000","2023-06-12T17:28:44.000","Queens","105","Other","C/V intervened on behalf of/observed encounter w/3rd party","No arrest made or summons issued","Complaint Withdrawn"
"2023-08-28T00:00:00.000","202302571","2023-03-20","0","2023-03-28T07:33:00.000","2023-07-24T10:41:29.000","Bronx","52","Street/highway","Other","No arrest made or summons issued","Complainant Uncooperative"
"2023-08-28T00:00:00.000","202302569","2023-03-17","22","2023-03-28T07:58:00.000","2023-06-28T09:05:44.000","Brooklyn","73","Street/highway","PD suspected C/V of violation/crime - street","No arrest made or summons issued","Complainant Unavailable"
"2023-08-28T00:00:00.000","202302568","2022-12-08","17","2023-03-27T15:26:00.000","2023-06-28T09:05:44.000","Brooklyn","70","Residential building","PD suspected C/V of violation/crime - bldg","No arrest made or summons issued","Closed - Pending Litigation"
"2023-08-28T00:00:00.000","202302563","2023-03-19","13","2023-03-27T07:38:00.000","2023-05-25T09:09:43.000","Brooklyn","73","Street/highway","Moving violation","Moving violation summons issued","Closed - Pending Litigation"
"2023-08-28T00:00:00.000","202302557","2023-03-18","15","2023-03-27T06:52:00.000","2023-06-26T14:01:06.000","Bronx","48","Street/highway","C/V requested investigation of crime","No arrest made or summons issued","Complainant Uncooperative"
"2023-08-28T00:00:00.000","202302553",,,"2023-03-27T13:12:00.000","2023-05-25T09:09:42.000",,,,"Other","No arrest made or summons issued","Complaint Withdrawn"
"2023-08-28T00:00:00.000","202302545","2023-03-19","10","2023-03-27T07:34:00.000","2023-06-28T09:05:43.000","Brooklyn","67","Police building","CV already in custody","Arrest - other violation/crime","Closed - Pending Litigation"
"2023-08-28T00:00:00.000","202302531","2023-03-18","3","2023-03-26T12:50:00.000","2023-06-12T17:27:31.000","Brooklyn","67","Apartment/house","Report-domestic dispute","No arrest made or summons issued","Complainant Uncooperative"
"2023-08-28T00:00:00.000","202302529","2023-03-21","2","2023-03-27T08:52:00.000","2023-06-26T14:01:06.000","Bronx","52","Street/highway","Other","No arrest made or summons issued","Complainant Uncooperative"
"2023-08-28T00:00:00.000","202302524","2023-03-26","20","2023-03-27T00:41:00.000","2023-06-26T14:01:06.000","Queens","108","Street/highway","PD suspected C/V of violation/crime - auto","No arrest made or summons issued","Complainant Unavailable"
"2023-08-28T00:00:00.000","202302520","2023-03-24","17","2023-03-25T14:15:00.000","2023-06-26T14:00:57.000","Manhattan","01","Apartment/house","EDP aided case","No arrest made or summons issued","Complainant Unavailable"
"2023-08-28T00:00:00.000","202302514","2023-03-18","18","2023-03-26T12:39:00.000","2023-06-12T16:54:25.000","Manhattan","23","Police building","C/V at PCT to retrieve property","No arrest made or summons issued","Complainant Uncooperative"
"2023-08-28T00:00:00.000","202302513","2023-03-21","9","2023-03-24T19:29:00.000","2023-06-26T14:00:56.000","Brooklyn","75","Police building","C/V at PCT to retrieve property","Other VTL violation summons issued","Complainant Unavailable"
"2023-08-28T00:00:00.000","202302511","2023-03-24","18","2023-03-24T19:07:00.000","2023-06-29T12:34:47.000","Manhattan","13","Subway station/train","C/V intervened on behalf of/observed encounter w/3rd party","No arrest made or summons issued","Alleged Victim Unavailable"
"2023-08-28T00:00:00.000","202302507","2023-03-26","12","2023-03-26T16:55:00.000","2023-06-12T16:54:11.000","Manhattan","17","Commercial building","C/V intervened on behalf of/observed encounter w/3rd party","No arrest made or summons issued","Complaint Withdrawn"
"2023-08-28T00:00:00.000","202302500","2023-03-24","17","2023-03-24T19:02:00.000","2023-06-26T14:00:54.000","Brooklyn","77","Street/highway","Report-dispute","No arrest made or summons issued","Complaint Withdrawn"
"2023-08-28T00:00:00.000","202302496","2023-03-16","22","2023-03-26T09:52:00.000","2023-06-29T12:34:47.000","Queens","103","Subway station/train","C/V requested info from officer","No arrest made or summons issued","Complainant Uncooperative"
"2023-08-28T00:00:00.000","202302495","2023-03-16","13","2023-03-25T08:04:00.000","2023-06-12T16:54:11.000","Queens","114","Street/highway","Other violation of VTL","No arrest made or summons issued","Complaint Withdrawn"
"2023-08-28T00:00:00.000","202302494","2023-03-14","14","2023-03-25T08:24:00.000","2023-06-26T14:00:56.000","Bronx","49","Apartment/house","EDP aided case","No arrest made or summons issued","Complainant Unavailable"
"2023-08-28T00:00:00.000","202302487","2023-02-11","20","2023-03-24T14:45:00.000","2023-06-26T14:00:56.000","Brooklyn","79","Street/highway","Parking violation","Arrest - other violation/crime","Closed - Pending Litigation"
"2023-08-28T00:00:00.000","202302485","2023-03-__",,"2023-03-24T15:35:00.000","2023-05-25T09:09:42.000","Brooklyn","75","Police building","C/V at PCT to retrieve property","No arrest made or summons issued","Complainant Uncooperative"
"2023-08-28T00:00:00.000","202302481","2023-03-18","21","2023-03-24T15:46:00.000","2023-06-26T13:56:46.000","Brooklyn","90","Street/highway","Moving violation","No arrest made or summons issued","Mediated"
"2023-08-28T00:00:00.000","202302476","2023-03-17","21","2023-03-24T14:27:00.000","2023-06-12T16:53:34.000","Queens","113","Commercial building","Report-gun possession/shots fired","Arrest - resisting arrest","Complainant Unavailable"
"2023-08-28T00:00:00.000","202302469","2023-01-22","9","2023-03-24T13:02:00.000","2023-06-12T16:53:35.000","Queens","100","Street/highway","Report-dispute","Arrest - other violation/crime","Closed - Pending Litigation"
"2023-08-28T00:00:00.000","202302467","2022-03-24","5","2023-03-24T12:46:00.000","2023-05-25T09:10:14.000","Brooklyn","68","Other","PD suspected C/V of violation/crime - bldg","Arrest - other violation/crime","Closed - Pending Litigation"
"2023-08-28T00:00:00.000","202302464","2011-12-__","19","2023-03-24T09:11:00.000","2023-06-15T10:53:16.000","Queens","102","Apartment/house","Other","No arrest made or summons issued","Unfounded"
"2023-08-28T00:00:00.000","202302459","2023-03-22","9","2023-03-23T19:41:00.000","2023-06-12T16:53:49.000","Queens","103","Police building","CV already in custody","Arrest - other violation/crime","Closed - Pending Litigation"
"2023-08-28T00:00:00.000","202302453","2023-03-09","22","2023-03-24T08:52:00.000","2023-05-25T09:09:42.000","Bronx","43","Street/highway","Moving violation","No arrest made or summons issued","Complainant Uncooperative"
"2023-08-28T00:00:00.000","202302448","2023-03-23","17","2023-03-23T18:23:00.000","2023-06-26T14:00:56.000","Manhattan","06","Subway station/train","PD suspected C/V of violation/crime - subway",,"Complainant Unavailable"
"2023-08-28T00:00:00.000","202302430","2022-05-08","18","2023-03-23T12:44:00.000","2023-05-10T13:46:14.000","Brooklyn","79","NYCHA","PD suspected C/V of violation/crime - street","Arrest - other violation/crime","Complainant Uncooperative"
"2023-08-28T00:00:00.000","202302428","2023-03-14","11","2023-03-23T07:01:00.000","2023-04-19T13:05:53.000","Manhattan","28","Commercial building","Report-gun possession/shots fired","No arrest made or summons issued","Complaint Withdrawn"
"2023-08-28T00:00:00.000","202302417","2021-09-__","18","2023-03-23T09:14:00.000","2023-05-10T13:44:24.000","Outside NYC",,"Subway station/train","Other","No arrest made or summons issued","Officer(s) Unidentified"
"2023-08-28T00:00:00.000","202302412","2023-03-08","20","2023-03-23T07:01:00.000","2023-06-26T14:00:55.000","Brooklyn","81","Residential building","EDP aided case","No arrest made or summons issued","Complainant Uncooperative"
"2023-08-28T00:00:00.000","202302406","2023-03-16","1","2023-03-23T07:00:00.000","2023-05-09T14:15:49.000","Staten Island","120","Street/highway","Other violation of VTL","No arrest made or summons issued","Mediated"
"2023-08-28T00:00:00.000","202302405","2023-03-14","12","2023-03-23T06:54:00.000","2023-06-26T14:00:55.000","Brooklyn","78","Commercial building","Other","No arrest made or summons issued","Complaint Withdrawn"
"2023-08-28T00:00:00.000","202302393","2023-03-01","14","2023-03-22T13:07:00.000","2023-06-12T16:54:10.000","Brooklyn","94","Street/highway",,"Summons - other violation/crime","Closed - Pending Litigation"
"2023-08-28T00:00:00.000","202302391","2023-03-14","14","2023-03-22T05:56:00.000","2023-07-17T15:30:09.000","Brooklyn","73","Residential building","Report of other crime","Arrest - resisting arrest","Closed - Pending Litigation"
"2023-08-28T00:00:00.000","202302388","2022-07-22","21","2023-03-22T13:22:00.000","2023-08-23T18:05:08.000","Brooklyn","63","Other","Report of other crime","Arrest - other violation/crime","Within NYPD Guidelines"
"2023-08-28T00:00:00.000","202302382","2023-03-13",,"2023-03-22T05:47:00.000","2023-06-26T14:00:55.000","Bronx","47","Street/highway","PD suspected C/V of violation/crime - street","No arrest made or summons issued","Victim Unidentified"
"2023-08-28T00:00:00.000","202302381","2023-02-07","19","2023-03-22T05:59:00.000","2023-05-25T09:09:42.000","Bronx","44",,"PD telephones CV","No arrest made or summons issued","Complaint Withdrawn"
"2023-08-28T00:00:00.000","202302380",,"17","2023-03-21T22:20:00.000","2023-05-10T13:37:37.000","Manhattan","18","Commercial building","Other","No arrest made or summons issued","Complainant Unavailable"
"2023-08-28T00:00:00.000","202302379","2023-03-11","22","2023-03-22T05:23:00.000","2023-05-25T09:09:42.000","Queens","115","Commercial building","Aided case","No arrest made or summons issued","Complainant Unavailable"
"2023-08-28T00:00:00.000","202302372","2023-03-10","22","2023-03-22T05:18:00.000","2023-04-12T08:33:05.000","Brooklyn","72","Commercial building","EDP aided case","Arrest - assault (against a PO)","Closed - Pending Litigation"
"2023-08-28T00:00:00.000","202302370",,,"2023-03-22T09:35:00.000","2023-05-25T09:09:42.000","Bronx","41","Apartment/house","Report of other crime","No arrest made or summons issued","Complainant Uncooperative"
"2023-08-28T00:00:00.000","202302360","2023-03-12","3","2023-03-22T05:33:00.000","2023-06-12T16:53:52.000","Bronx","42","Apartment/house","Report-domestic dispute","Arrest - other violation/crime","Complainant Uncooperative"
"2023-08-28T00:00:00.000","202302359","2023-03-12","19","2023-03-22T05:14:00.000","2023-07-17T15:30:26.000",,,"Other","PD telephones CV","No arrest made or summons issued","Complainant Unavailable"
"2023-08-28T00:00:00.000","202302358","2023-03-21","16","2023-03-21T23:42:00.000","2023-06-29T12:34:47.000","Brooklyn","76","Hospital","Parking violation","Parking summons issued","Complaint Withdrawn"
"2023-08-28T00:00:00.000","202302355","2023-03-12","19","2023-03-21T12:11:00.000","2023-07-17T15:30:26.000","Bronx","46","Street/highway","PD suspected C/V of violation/crime - street","Arrest - other violation/crime","Complainant Uncooperative"
"2023-08-28T00:00:00.000","202302348","2023-03-21","14","2023-03-21T14:30:00.000","2023-06-26T14:00:55.000","Manhattan","17","Other","Other violation of VTL","Other VTL violation summons issued","Complaint Withdrawn"
"2023-08-28T00:00:00.000","202302345","2023-03-10","4","2023-03-21T12:55:00.000","2023-06-26T14:00:55.000","Bronx","52","Police building","CV already in custody","Summons - disorderly conduct","Complainant Unavailable"
"2023-08-28T00:00:00.000","202302344","2023-03-13","13","2023-03-21T12:51:00.000","2023-06-28T09:05:43.000","Manhattan","23","Street/highway","Other","No arrest made or summons issued","Complainant Unavailable"
"2023-08-28T00:00:00.000","202302334",,,"2023-03-21T12:01:00.000","2023-05-10T13:37:41.000","Queens","102","Apartment/house","C/V requested investigation of crime","No arrest made or summons issued","Complainant Uncooperative"
"2023-08-28T00:00:00.000","202302314",,,"2023-03-19T16:08:00.000","2023-05-25T09:09:41.000",,,,,,"Complainant Unavailable"
"2023-08-28T00:00:00.000","202302310","2023-03-11","3","2023-03-20T05:28:00.000","2023-07-17T15:30:26.000","Manhattan","22","Police building","CV already in custody","Arrest - other violation/crime","Closed - Pending Litigation"
"2023-08-28T00:00:00.000","202302307","2023-03-19","22","2023-03-20T15:43:00.000","2023-05-25T09:09:41.000","Bronx","42","Apartment/house","Report of other crime","No arrest made or summons issued","Complainant Unavailable"
"2023-08-28T00:00:00.000","202302300","2023-03-12","23","2023-03-20T14:01:00.000","2023-07-17T15:30:26.000","Bronx","49","Commercial building","Report-dispute","Arrest - other violation/crime","Complainant Uncooperative"
"2023-08-28T00:00:00.000","202302278","2023-03-16","21","2023-03-20T10:47:00.000","2023-05-09T14:15:48.000",,,"Other","PD telephones CV","No arrest made or summons issued","Mediated"
"2023-08-28T00:00:00.000","202302275","2023-02-15",,"2023-03-20T08:31:00.000","2023-06-12T16:54:10.000","Queens","102","Hospital","CV already in custody","Arrest - other violation/crime","Closed - Pending Litigation"
"2023-08-28T00:00:00.000","202302274","2023-03-18","22","2023-03-20T09:35:00.000","2023-04-19T13:05:53.000","Queens","102","Apartment/house","C/V requested investigation of crime","Arrest - other violation/crime","Closed - Pending Litigation"
"2023-08-28T00:00:00.000","202302266","2023-03-09","21","2023-03-17T12:15:00.000","2023-07-17T15:30:24.000","Brooklyn","90","NYCHA","Execution of arrest/bench warrant","No arrest made or summons issued","Complainant Uncooperative"
"2023-08-28T00:00:00.000","202302264","2023-03-18","17","2023-03-18T17:38:00.000","2023-06-26T14:00:54.000","Manhattan","01","Street/highway","C/V requested info from officer","No arrest made or summons issued","Complainant Uncooperative"
"2023-08-28T00:00:00.000","202302258",,"18","2023-03-17T16:59:00.000","2023-05-25T09:09:41.000","Queens","112","Apartment/house","Other","No arrest made or summons issued","Complainant Unavailable"
"2023-08-28T00:00:00.000","202302256","2023-03-09","23","2023-03-17T12:16:00.000","2023-06-12T16:54:25.000","Brooklyn","73","NYCHA","Report-possession/sale of narcotics","Arrest - other violation/crime","Closed - Pending Litigation"
"2023-08-28T00:00:00.000","202302255","2023-02-03","10","2023-03-17T11:24:00.000","2023-06-28T09:05:43.000","Bronx","47","Apartment/house","C/V intervened on behalf of/observed encounter w/3rd party","Arrest - other violation/crime","Alleged Victim Uncooperative"
"2023-08-28T00:00:00.000","202302252","2023-01-28","10","2023-03-17T15:15:00.000","2023-07-11T09:55:20.000","Manhattan","34","Apartment/house","EDP aided case","No arrest made or summons issued","Complainant Uncooperative"
"2023-08-28T00:00:00.000","202302248","2023-03-09","14","2023-03-17T14:04:00.000","2023-07-11T09:55:20.000","Manhattan","13","Street/highway","Report of other crime","Arrest - other violation/crime","Complainant Uncooperative"
"2023-08-28T00:00:00.000","202302235","2022-04-08","11","2023-03-17T11:13:00.000","2023-04-12T08:31:50.000","Manhattan","23","Residential building","C/V requested investigation of crime","No arrest made or summons issued","Miscellaneous - Subject Retired"
"2023-08-28T00:00:00.000","202302217","2023-02-24","0","2023-03-16T14:44:00.000","2023-06-12T16:54:10.000","Bronx","40","Street/highway","Moving violation","Moving violation summons issued","Complainant Unavailable"
"2023-08-28T00:00:00.000","202302214","2023-03-14","18","2023-03-16T14:21:00.000","2023-07-17T15:30:09.000","Staten Island","123","Apartment/house","Other","No arrest made or summons issued","Complainant Uncooperative"
"2023-08-28T00:00:00.000","202302210","2022-11-01","16","2023-03-16T13:19:00.000","2023-07-17T15:30:02.000","Staten Island","123","Apartment/house","Execution of search warrant","Arrest - other violation/crime","Complainant Uncooperative"
"2023-08-28T00:00:00.000","202302203","2023-03-14","16","2023-03-16T10:06:00.000","2023-06-12T16:54:10.000","Queens","113","Street/highway","Report of other crime","No arrest made or summons issued","Complainant Uncooperative"
"2023-08-28T00:00:00.000","202302199","2023-03-16","4","2023-03-16T09:27:00.000","2023-06-12T16:54:09.000","Brooklyn","71","Hospital","Report-domestic dispute","No arrest made or summons issued","Complainant Uncooperative"
"2023-08-28T00:00:00.000","202302192","2023-03-11","17","2023-03-16T08:08:00.000","2023-04-19T13:05:52.000","Brooklyn","90","Street/highway","Moving violation","Moving violation summons issued","Complaint Withdrawn"
"2023-08-28T00:00:00.000","202302190","2023-03-01","6","2023-03-15T15:20:00.000","2023-04-19T13:05:52.000","Manhattan","28","Apartment/house","Execution of arrest/bench warrant","No arrest made or summons issued","Complaint Withdrawn"
"2023-08-28T00:00:00.000","202302187",,,"2023-03-15T10:43:00.000","2023-05-10T13:37:47.000",,,"Subway station/train","C/V intervened on behalf of/observed encounter w/3rd party","No arrest made or summons issued","Complainant Unavailable"
"2023-08-28T00:00:00.000","202302184","2023-03-14","16","2023-03-15T15:03:00.000","2023-05-26T11:17:33.000","Brooklyn","75","Other","PD telephones CV","No arrest made or summons issued","Complaint Withdrawn"
"2023-08-28T00:00:00.000","202302176","2023-03-07","23","2023-03-15T11:33:00.000","2023-07-17T15:30:03.000","Brooklyn","73","Commercial building","C/V intervened on behalf of/observed encounter w/3rd party","No arrest made or summons issued","Complainant Uncooperative"
"2023-08-28T00:00:00.000","202302171","2023-03-05","9","2023-03-14T14:25:00.000","2023-04-19T13:05:52.000","Bronx","47","Police building","Execution of arrest/bench warrant","Arrest - other violation/crime","Complainant Uncooperative"
"2023-08-28T00:00:00.000","202302168","2023-03-13","11","2023-03-14T15:08:00.000","2023-05-25T09:09:41.000","Manhattan","25","Street/highway","PD auto checkpoint","Arrest - resisting arrest","Complainant Uncooperative"
"2023-08-28T00:00:00.000","202302163","2022-11-06","18","2023-03-14T06:48:00.000","2023-04-19T13:05:50.000","Queens","112","Apartment/house","C/V requested investigation of crime","No arrest made or summons issued","Complainant Uncooperative"
"2023-08-28T00:00:00.000","202302158","2023-03-13","2","2023-03-14T14:27:00.000","2023-06-12T16:54:09.000","Brooklyn","94","Street/highway","PD suspected C/V of violation/crime - street","Summons - disorderly conduct","Complainant Uncooperative"
"2023-08-28T00:00:00.000","202302150","2023-03-10","21","2023-03-10T23:04:00.000","2023-05-25T09:09:41.000","Brooklyn","79","NYCHA","Report-gun possession/shots fired","Arrest - other violation/crime","Closed - Pending Litigation"
"2023-08-28T00:00:00.000","202302135","2023-02-25","23","2023-03-13T11:56:00.000","2023-06-28T09:05:43.000","Brooklyn","90","Street/highway","PD suspected C/V of violation/crime - auto","Arrest - other violation/crime","Complainant Uncooperative"
"2023-08-28T00:00:00.000","202302133","2023-03-03","17","2023-03-13T11:55:00.000","2023-07-17T15:30:03.000","Bronx","41","Subway station/train","PD suspected C/V of violation/crime - subway","Arrest - other violation/crime","Complaint Withdrawn"
"2023-08-28T00:00:00.000","202302132","2023-02-22","1","2023-03-13T11:58:00.000","2023-04-19T13:05:51.000","Brooklyn","83","Street/highway","Report-dispute","Arrest - other violation/crime","Closed - Pending Litigation"
"2023-08-28T00:00:00.000","202302131","2023-03-06","10","2023-03-13T11:54:00.000","2023-05-09T14:15:48.000","Brooklyn","78","Subway station/train","PD suspected C/V of violation/crime - subway","No arrest made or summons issued","Mediated"
"2023-08-28T00:00:00.000","202302129","2023-02-28","19","2023-03-12T12:03:00.000","2023-04-12T08:33:00.000","Staten Island","122","Apartment/house","EDP aided case","No arrest made or summons issued","Complaint Withdrawn"
"2023-08-28T00:00:00.000","202302125","2023-02-27","12","2023-03-12T12:09:00.000","2023-05-25T09:09:40.000","Queens","103","Street/highway","Report-dispute","Arrest - OGA","Alleged Victim Unavailable"
"2023-08-28T00:00:00.000","202302119","2023-03-08","17","2023-03-11T13:50:00.000","2023-05-25T09:09:40.000","Queens","113","Apartment/house","EDP aided case","No arrest made or summons issued","Complaint Withdrawn"
"2023-08-28T00:00:00.000","202302118","2023-03-05","17","2023-03-12T12:09:00.000","2023-06-12T16:54:09.000","Brooklyn","83","Apartment/house","Report-domestic dispute","No arrest made or summons issued","Complainant Unavailable"
"2023-08-28T00:00:00.000","202302117","2023-03-03","17","2023-03-12T12:04:00.000","2023-04-12T08:32:11.000","Manhattan","01","Street/highway","PD suspected C/V of violation/crime - street","Arrest - resisting arrest","Complaint Withdrawn"
"2023-08-28T00:00:00.000","202302112","2023-__-__",,"2023-03-12T12:04:00.000","2023-06-12T16:54:09.000","Brooklyn","68",,"C/V requested investigation of crime","No arrest made or summons issued","Complainant Unavailable"
"2023-08-28T00:00:00.000","202302111",,,"2023-03-13T11:31:00.000","2023-05-10T13:37:47.000",,,"Subway station/train","PD suspected C/V of violation/crime - subway","No arrest made or summons issued","Victim Unidentified"
"2023-08-28T00:00:00.000","202302110","2023-03-03","21","2023-03-13T11:59:00.000","2023-05-25T09:09:40.000","Brooklyn","77","Street/highway","Report-dispute","Arrest - other violation/crime","Closed - Pending Litigation"
"2023-08-28T00:00:00.000","202302105","2023-03-03",,"2023-03-12T12:12:00.000","2023-06-12T16:53:52.000","Manhattan","34","Street/highway","Moving violation","Moving violation summons issued","Complainant Uncooperative"
"2023-08-28T00:00:00.000","202302102","2023-03-04","3","2023-03-12T12:12:00.000","2023-06-12T16:53:52.000","Brooklyn","94","Commercial building","Report of other crime","No arrest made or summons issued","Complainant Unavailable"
"2023-08-28T00:00:00.000","202302099","2023-03-02","22","2023-03-12T12:07:00.000","2023-07-17T15:30:04.000","Queens","103","Police building","CV already in custody","Arrest - other violation/crime","Closed - Pending Litigation"
"2023-08-28T00:00:00.000","202302097","2023-03-09","22","2023-03-10T20:09:00.000","2023-06-26T14:00:49.000","Bronx","47","Street/highway","PD suspected C/V of violation/crime - street","No arrest made or summons issued","Complainant Uncooperative"
"2023-08-28T00:00:00.000","202302090","2023-03-03","4","2023-03-12T12:10:00.000","2023-06-28T09:05:43.000","Manhattan","14","Street/highway","Report of other crime","Arrest - other violation/crime","Complainant Uncooperative"
"2023-08-28T00:00:00.000","202302085","2023-03-05","19","2023-03-12T12:11:00.000","2023-06-12T16:52:58.000","Bronx","41","Commercial building","Report of other crime","No arrest made or summons issued","Complainant Unavailable"
"2023-08-28T00:00:00.000","202302082","2023-03-05","7","2023-03-12T12:07:00.000","2023-04-19T13:05:51.000","Bronx","41","Street/highway","Report-domestic dispute","Arrest - other violation/crime","Complainant Unavailable"
"2023-08-28T00:00:00.000","202302080","2023-02-05","17","2023-03-12T17:45:00.000","2023-05-25T09:09:39.000","Bronx",,"Street/highway","PD suspected C/V of violation/crime - street","No arrest made or summons issued","Complainant Uncooperative"
"2023-08-28T00:00:00.000","202302079","2023-03-12","1","2023-03-12T12:22:00.000","2023-06-26T14:00:49.000","Bronx","45","Commercial building","Report-dispute","No arrest made or summons issued","Complaint Withdrawn"
"2023-08-28T00:00:00.000","202302076","2023-03-11","20","2023-03-12T17:29:00.000","2023-05-25T09:09:39.000","Bronx","46","Subway station/train","PD suspected C/V of violation/crime - street","No arrest made or summons issued","Complainant Uncooperative"
"2023-08-28T00:00:00.000","202302074","2022-11-03",,"2023-03-10T14:55:00.000","2023-04-19T13:05:51.000","Bronx","40","NYCHA","Execution of arrest/bench warrant","Arrest - other violation/crime","Closed - Pending Litigation"
"2023-08-28T00:00:00.000","202302071","2023-03-08","16","2023-03-10T14:40:00.000","2023-04-19T13:05:51.000","Bronx","40","NYCHA","Report-dispute","Arrest - other violation/crime","Closed - Pending Litigation"
"2023-08-28T00:00:00.000","202302069","2023-03-09","18","2023-03-09T19:03:00.000","2023-06-12T16:53:51.000","Queens","114","Other","C/V requested investigation of crime","No arrest made or summons issued","Complainant Uncooperative"
"2023-08-28T00:00:00.000","202302054","2023-03-09","20","2023-03-10T11:09:00.000","2023-04-19T13:05:50.000","Queens","107","Street/highway","Traffic accident","No arrest made or summons issued","Complainant Uncooperative"
"2023-08-28T00:00:00.000","202302041","2023-03-02","18","2023-03-09T14:18:00.000","2023-05-25T09:09:39.000","Bronx","43","Street/highway","PD suspected C/V of violation/crime - street","Arrest - other violation/crime","Complainant Unavailable"
"2023-08-28T00:00:00.000","202302040","2023-03-01","13","2023-03-09T13:07:00.000","2023-05-25T09:06:47.000","Bronx","42","Police building","C/V at PCT to file complaint of crime","No arrest made or summons issued","Complaint Withdrawn"
"2023-08-28T00:00:00.000","202302034","2023-02-07","20","2023-03-09T13:07:00.000","2023-06-28T09:05:42.000","Bronx","46","Police building","C/V at PCT to file complaint of crime","No arrest made or summons issued","Complainant Uncooperative"
"2023-08-28T00:00:00.000","202302026","2022-07-__",,"2023-03-09T13:00:00.000","2023-06-28T10:18:58.000","Manhattan","09","Other","C/V telephoned PCT","No arrest made or summons issued","Officer(s) Unidentified"
"2023-08-28T00:00:00.000","202302021","2023-02-28",,"2023-03-09T11:13:00.000","2023-04-19T13:05:50.000","Brooklyn","61","Police building","Report of other crime","Arrest - other violation/crime","Closed - Pending Litigation"
"2023-08-28T00:00:00.000","202302017","2023-02-28","17","2023-03-09T09:57:00.000","2023-05-26T11:17:34.000","Bronx","48",,"C/V requested investigation of crime","No arrest made or summons issued","Complaint Withdrawn"
"2023-08-28T00:00:00.000","202302016","2023-03-01","2","2023-03-09T10:06:00.000","2023-06-12T16:53:50.000","Queens","114","Police building","CV already in custody","Arrest - resisting arrest","Complainant Unavailable"
"2023-08-28T00:00:00.000","202302014","2023-02-09",,"2023-03-09T10:03:00.000","2023-07-17T15:30:05.000","Queens","115","Street/highway","C/V requested investigation of crime","No arrest made or summons issued","Complainant Uncooperative"
"2023-08-28T00:00:00.000","202302013","2023-02-26","4","2023-03-09T09:59:00.000","2023-06-26T14:00:48.000","Brooklyn","83","Street/highway","Traffic accident","No arrest made or summons issued","Complainant Uncooperative"
"2023-08-28T00:00:00.000","202302009","2023-02-19","7","2023-03-09T10:03:00.000","2023-04-19T13:05:53.000","Queens","107","Street/highway","Moving violation","Moving violation summons issued","Complainant Uncooperative"
"2023-08-28T00:00:00.000","202302000","2022-07-08",,"2023-03-08T21:15:00.000","2023-06-12T16:53:50.000","Brooklyn","67","Apartment/house","Other","Arrest - other violation/crime","Complainant Uncooperative"
"2023-08-28T00:00:00.000","202301995","2023-03-02","12","2023-03-08T12:55:00.000","2023-04-19T13:05:53.000","Queens","103","Street/highway","C/V intervened on behalf of/observed encounter w/3rd party","Arrest - other violation/crime","Complainant Uncooperative"
"2023-08-28T00:00:00.000","202301980","2023-03-07","10","2023-03-08T11:25:00.000","2023-04-12T08:32:16.000","Bronx","44","Street/highway","Traffic accident","Arrest - assault (against a PO)","Closed - Pending Litigation"
"2023-08-28T00:00:00.000","202301976","2023-03-08","9","2023-03-08T10:50:00.000","2023-06-26T14:00:47.000","Queens","113","Street/highway","Moving violation","Arrest - other violation/crime","Complainant Uncooperative"
"2023-08-28T00:00:00.000","202301972","2022-05-21","15","2022-05-23T07:09:00.000","2023-07-18T12:16:25.000","Brooklyn","71","Police building","C/V at PCT to retrieve property","No arrest made or summons issued","Unable to Determine"
"2023-08-28T00:00:00.000","202301968","2023-03-07","23","2023-03-08T01:58:00.000","2023-06-26T14:00:47.000","Manhattan",,"Subway station/train","C/V intervened on behalf of/observed encounter w/3rd party","No arrest made or summons issued","Complainant Unavailable"
"2023-08-28T00:00:00.000","202301967","2023-03-03","17","2023-03-07T19:10:00.000","2023-07-17T15:30:05.000","Queens","114","Residential building",,"No arrest made or summons issued","Closed - Pending Litigation"
"2023-08-28T00:00:00.000","202301958","2023-03-07","13","2023-03-07T13:52:00.000","2023-06-12T16:53:35.000","Bronx","44","Other","C/V telephoned PCT","No arrest made or summons issued","Complainant Unavailable"
"2023-08-28T00:00:00.000","202301953","2023-02-26","12","2023-03-07T14:15:00.000","2023-06-12T16:53:35.000","Queens","101","Street/highway","Report of other crime","Arrest - other violation/crime","Complaint Withdrawn"
"2023-08-28T00:00:00.000","202301952","2023-02-16","21","2023-03-07T14:14:00.000","2023-05-25T09:09:39.000",,,,"Other","Arrest - other violation/crime","Alleged Victim Unavailable"
"2023-08-28T00:00:00.000","202301950","2023-02-23","20","2023-03-07T14:14:00.000","2023-03-23T08:22:10.000","Manhattan","19","Street/highway","Report-dispute","No arrest made or summons issued","Complaint Withdrawn"
"2023-08-28T00:00:00.000","202301947","2023-03-03","3","2023-03-07T14:03:00.000","2023-05-25T09:09:38.000","Manhattan","13","Police building","CV already in custody","Arrest - other violation/crime","Complainant Uncooperative"
"2023-08-28T00:00:00.000","202301936","2023-03-06","23","2023-03-07T11:08:00.000","2023-04-19T13:05:54.000","Manhattan","24","Street/highway","Other","Summons - other violation/crime","Complainant Uncooperative"
"2023-08-28T00:00:00.000","202301926","2021-12-17","15","2022-10-07T15:20:00.000","2023-07-20T12:19:00.000","Brooklyn","83","Police building","Other","No arrest made or summons issued","Unable to Determine"
"2023-08-28T00:00:00.000","202301914","2023-02-24","20","2023-03-06T11:59:00.000","2023-05-25T09:09:38.000","Bronx","52","Police building","Other","No arrest made or summons issued","Complainant Unavailable"
"2023-08-28T00:00:00.000","202301911","2023-03-01","20","2023-03-04T12:52:00.000","2023-05-25T09:09:38.000","Brooklyn","75","Street/highway","Other","Other VTL violation summons issued","Complainant Uncooperative"
"2023-08-28T00:00:00.000","202301910","2023-02-14","2","2023-03-05T09:58:00.000","2023-05-25T09:09:38.000","Queens","113","Street/highway","PD suspected C/V of violation/crime - street","Arrest - other violation/crime","Closed - Pending Litigation"
"2023-08-28T00:00:00.000","202301906","2023-02-14","20","2023-03-05T09:59:00.000","2023-05-25T09:06:47.000","Queens","110","Street/highway","PD suspected C/V of violation/crime - auto","No arrest made or summons issued","Complaint Withdrawn"
"2023-08-28T00:00:00.000","202301899","2023-03-06","3","2023-03-06T14:48:00.000","2023-07-25T13:43:28.000","Bronx","52","Street/highway","Report of other crime","Arrest - other violation/crime","Complainant Uncooperative"
"2023-08-28T00:00:00.000","202301889","2023-01-07","3","2023-03-06T13:35:00.000","2023-05-25T09:06:47.000","Brooklyn","83","Street/highway","Report-gun possession/shots fired","Arrest - other violation/crime","Closed - Pending Litigation"
"2023-08-28T00:00:00.000","202301888","2023-02-24","9","2023-03-06T10:27:00.000","2023-04-12T08:32:13.000","Bronx","47","Subway station/train","PD suspected C/V of violation/crime - subway","No arrest made or summons issued","Complaint Withdrawn"
"2023-08-28T00:00:00.000","202301881","2023-02-26",,"2023-03-06T11:56:00.000","2023-06-12T16:53:35.000","Bronx","44","Commercial building","Report of other crime","No arrest made or summons issued","Complainant Unavailable"
"2023-08-28T00:00:00.000","202301879","2023-02-21","22","2023-03-05T09:52:00.000","2023-04-19T13:05:50.000","Queens","103","Residential building","Execution of arrest/bench warrant","No arrest made or summons issued","Complainant Unavailable"
"2023-08-28T00:00:00.000","202301848","2022-06-__","6","2023-02-13T09:36:00.000","2023-07-17T15:34:32.000","Brooklyn","88","NYCHA","Execution of search warrant","No arrest made or summons issued","Officer(s) Unidentified"
"2023-08-28T00:00:00.000","202301831","2023-03-02","20","2023-03-03T11:06:00.000","2023-04-12T08:32:13.000","Brooklyn","73","Street/highway","PD suspected C/V of violation/crime - street","Arrest - other violation/crime","Complainant Uncooperative"
"2023-08-28T00:00:00.000","202301826","2023-03-02","20","2023-03-02T21:04:00.000","2023-05-25T09:09:38.000","Manhattan","10","Street/highway","No contact","No arrest made or summons issued","Complainant Unavailable"
"2023-08-28T00:00:00.000","202301824","2023-02-20","3","2023-03-03T10:15:00.000","2023-07-24T10:41:30.000","Bronx","43","Street/highway","PD suspected C/V of violation/crime - auto","Arrest - resisting arrest","Complainant Uncooperative"
"2023-08-28T00:00:00.000","202301813","2023-02-23","21","2023-03-03T03:04:00.000","2023-05-25T09:06:47.000","Manhattan","14","Street/highway","C/V intervened on behalf of/observed encounter w/3rd party","Arrest - OGA","Closed - Pending Litigation"
"2023-08-28T00:00:00.000","202301809","2023-02-20","19","2023-03-02T11:12:00.000","2023-07-17T15:30:06.000","Bronx","42","NYCHA","Other","Arrest - other violation/crime","Complainant Uncooperative"
"2023-08-28T00:00:00.000","202301800","2023-02-21","22","2023-03-02T11:13:00.000","2023-06-12T16:53:34.000","Manhattan","26","NYCHA","Other","Arrest - resisting arrest","Complainant Uncooperative"
"2023-08-28T00:00:00.000","202301797","2023-02-22","11","2023-03-02T11:10:00.000","2023-04-19T13:05:54.000","Bronx","49","Apartment/house","Report-dispute","No arrest made or summons issued","Complainant Uncooperative"
"2023-08-28T00:00:00.000","202301793","2023-03-02","11","2023-03-02T12:01:00.000","2023-06-12T16:53:34.000","Manhattan","06","Street/highway","Other","No arrest made or summons issued","Complainant Uncooperative"
"2023-08-28T00:00:00.000","202301792","2023-02-22","4","2023-03-02T11:11:00.000","2023-07-17T15:30:07.000","Queens","102","Hospital","CV already in custody","Arrest - other violation/crime","Complainant Unavailable"
"2023-08-28T00:00:00.000","202301791","2022-07-__","14","2023-03-02T11:43:00.000","2023-05-25T09:06:47.000","Manhattan","18","Subway station/train","PD suspected C/V of violation/crime - subway","No arrest made or summons issued","Complainant Uncooperative"
"2023-08-28T00:00:00.000","202301777","2023-03-01","22","2023-03-02T02:13:00.000","2023-04-19T13:06:35.000","Queens","104","Street/highway","PD suspected C/V of violation/crime - street","No arrest made or summons issued","Complaint Withdrawn"
"2023-08-28T00:00:00.000","202301776","2023-02-24","8","2023-03-02T09:16:00.000","2023-05-25T09:06:47.000","Manhattan","32","Police building","Report-dispute","Arrest - other violation/crime","Closed - Pending Litigation"
"2023-08-28T00:00:00.000","202301767","2023-02-28","23","2023-03-01T14:48:00.000","2023-05-25T09:07:17.000","Staten Island","120","Residential building","Report-dispute","Arrest - other violation/crime","Complaint Withdrawn"
"2023-08-28T00:00:00.000","202301759","2023-02-23","16","2023-02-28T16:02:00.000","2023-07-17T15:30:07.000","Brooklyn","88","Other","C/V telephoned PCT","No arrest made or summons issued","Complaint Withdrawn"
"2023-08-28T00:00:00.000","202301758","2023-02-17","17","2023-03-01T07:17:00.000","2023-06-12T16:53:34.000","Bronx","47","Street/highway","CV already in custody","Arrest - other violation/crime","Complainant Unavailable"
"2023-08-28T00:00:00.000","202301754","2023-02-16","21","2023-03-01T07:18:00.000","2023-05-25T09:06:46.000","Bronx","40","Street/highway","PD suspected C/V of violation/crime - auto","No arrest made or summons issued","Complainant Uncooperative"
"2023-08-28T00:00:00.000","202301749","2020-06-04","20","2023-03-01T11:17:00.000","2023-05-10T13:37:28.000","Bronx","40","Street/highway","Demonstration/protest","Arrest - other violation/crime","Complainant Uncooperative"
"2023-08-28T00:00:00.000","202301747","2022-03-21",,"2023-03-01T07:15:00.000","2023-05-25T09:06:46.000","Manhattan","05","Police building","CV already in custody","Arrest - other violation/crime","Closed - Pending Litigation"
"2023-08-28T00:00:00.000","202301746","2022-12-17","16","2023-02-28T12:30:00.000","2023-05-25T09:06:46.000","Manhattan","14","Subway station/train","PD suspected C/V of violation/crime - subway","No arrest made or summons issued","Complaint Withdrawn"
"2023-08-28T00:00:00.000","202301743","2023-02-19","20","2023-03-01T07:14:00.000","2023-04-12T08:32:11.000","Brooklyn","75","Police building","CV already in custody","Arrest - other violation/crime","Closed - Pending Litigation"
"2023-08-28T00:00:00.000","202301740","2023-02-14","9","2023-02-28T09:38:00.000","2023-04-19T13:06:34.000","Manhattan","30","Apartment/house","C/V requested investigation of crime","No arrest made or summons issued","Complainant Uncooperative"
"2023-08-28T00:00:00.000","202301735","2023-02-17","17","2023-03-01T07:17:00.000","2023-04-12T08:32:15.000","Manhattan","25","Street/highway","Traffic accident","Arrest - other violation/crime","Closed - Pending Litigation"
"2023-08-28T00:00:00.000","202301734","2023-02-17","12","2023-03-01T07:16:00.000","2023-04-12T08:33:03.000","Manhattan","10","Commercial building","Report of other crime","Arrest - other violation/crime","Closed - Pending Litigation"
"2023-08-28T00:00:00.000","202301733","2023-02-17","17","2023-03-01T07:16:00.000","2023-04-19T13:06:34.000","Brooklyn","75","Street/highway","C/V intervened on behalf of/observed encounter w/3rd party","No arrest made or summons issued","Complaint Withdrawn"
"2023-08-28T00:00:00.000","202301730","2023-02-28","17","2023-03-01T08:30:00.000","2023-05-25T09:06:46.000","Brooklyn",,"Subway station/train","C/V intervened on behalf of/observed encounter w/3rd party","Arrest - other violation/crime","Complaint Withdrawn"
"2023-08-28T00:00:00.000","202301725","2023-02-17","23","2023-02-27T13:33:00.000","2023-05-25T09:06:46.000","Brooklyn","73","Police building","Execution of arrest/bench warrant","Arrest - other violation/crime","Closed - Pending Litigation"
"2023-08-28T00:00:00.000","202301719",,,"2023-02-28T13:17:00.000","2023-04-19T13:06:34.000","Bronx","50","Apartment/house","Execution of arrest/bench warrant","No arrest made or summons issued","Complainant Unavailable"
"2023-08-28T00:00:00.000","202301717","2023-02-12","21","2023-02-28T15:19:00.000","2023-05-25T09:06:45.000","Queens","106","Street/highway","Report-gun possession/shots fired","Arrest - other violation/crime","Closed - Pending Litigation"
"2023-08-28T00:00:00.000","202301715","2023-02-25","4","2023-02-27T14:54:00.000","2023-04-12T08:33:05.000","Manhattan","26","Street/highway","Report-dispute","Arrest - other violation/crime","Closed - Pending Litigation"
"2023-08-28T00:00:00.000","202301714","2023-02-12","2","2023-02-28T09:09:00.000","2023-04-12T08:33:06.000","Brooklyn","75","Street/highway","PD suspected C/V of violation/crime - auto","Arrest - other violation/crime","Complainant Unavailable"
"2023-08-28T00:00:00.000","202301711","2023-02-15","17","2023-02-28T09:40:00.000","2023-06-12T16:53:33.000","Queens","107","Street/highway","Other violation of VTL","Arrest - other violation/crime","Closed - Pending Litigation"
"2023-08-28T00:00:00.000","202301710","2023-02-23","14","2023-02-28T14:19:00.000","2023-04-19T13:06:34.000","Queens","103","Street/highway","Moving violation","Summons - other violation/crime","Complainant Unavailable"
"2023-08-28T00:00:00.000","202301709","2023-02-25","18","2023-02-28T13:52:00.000","2023-05-25T09:09:37.000","Bronx","44","Street/highway","PD suspected C/V of violation/crime - auto","Arrest - other violation/crime","Complainant Uncooperative"
"2023-08-28T00:00:00.000","202301703","2022-09-21","19","2023-02-28T09:39:00.000","2023-04-19T13:06:34.000","Queens","110","Street/highway","PD suspected C/V of violation/crime - auto","No arrest made or summons issued","Complainant Unavailable"
"2023-08-28T00:00:00.000","202301699","2023-02-18","4","2023-02-28T09:00:00.000","2023-06-12T16:53:32.000","Staten Island","123","Street/highway","Other violation of VTL","Arrest - other violation/crime","Closed - Pending Litigation"
"2023-08-28T00:00:00.000","202301698","2023-02-22","18","2023-02-27T08:50:00.000","2023-04-19T13:06:33.000","Brooklyn","67","Apartment/house","Report-dispute","Arrest - other violation/crime","Complainant Unavailable"
"2023-08-28T00:00:00.000","202301696","2023-02-16","17","2023-02-28T08:45:00.000","2023-05-25T09:06:45.000","Brooklyn","70","Street/highway","Other violation of VTL","Other VTL violation summons issued","Complainant Unavailable"
"2023-08-28T00:00:00.000","202301695","2023-02-13","17","2023-02-28T09:11:00.000","2023-05-25T09:09:37.000","Brooklyn","60","Police building","CV already in custody","Arrest - resisting arrest","Complainant Uncooperative"
"2023-08-28T00:00:00.000","202301691","2023-02-15","13","2023-02-28T09:42:00.000","2023-06-12T16:53:09.000","Brooklyn","73","Street/highway","PD suspected C/V of violation/crime - street","Arrest - resisting arrest","Complainant Uncooperative"
"2023-08-28T00:00:00.000","202301689","2023-02-16","2","2023-02-28T09:37:00.000","2023-05-25T09:09:37.000","Brooklyn","60","Residential building","Report-domestic dispute","No arrest made or summons issued","Complainant Unavailable"
"2023-08-28T00:00:00.000","202301681","2023-02-22","23","2023-02-28T10:03:00.000","2023-04-19T13:06:33.000","Manhattan","23","NYCHA","PD suspected C/V of violation/crime - bldg","Arrest - other violation/crime","Closed - Pending Litigation"
"2023-08-28T00:00:00.000","202301675","2023-02-27",,"2023-02-27T11:26:00.000","2023-04-19T13:05:55.000","Brooklyn","61","Other","C/V requested investigation of crime","No arrest made or summons issued","Complainant Unavailable"
"2023-08-28T00:00:00.000","202301674","2023-02-14","12","2023-02-27T13:27:00.000","2023-06-26T14:00:47.000","Bronx","43","Subway station/train","PD suspected C/V of violation/crime - subway","No arrest made or summons issued","Complainant Unavailable"
"2023-08-28T00:00:00.000","202301659","2023-02-14","19","2023-02-24T16:10:00.000","2023-05-25T09:06:45.000","Brooklyn","79","Street/highway","Other violation of VTL","Arrest - OGA","Complaint Withdrawn"
"2023-08-28T00:00:00.000","202301656","2023-02-10","7","2023-02-24T16:04:00.000","2023-04-12T08:32:58.000","Bronx","47","Residential building","Report of other crime","Arrest - resisting arrest","Closed - Pending Litigation"
"2023-08-28T00:00:00.000","202301654","2023-02-26","11","2023-02-26T11:55:00.000","2023-06-12T16:53:09.000","Brooklyn","72","Subway station/train",,"Arrest - other violation/crime","Complainant Uncooperative"
"2023-08-28T00:00:00.000","202301652","2023-02-12","0","2023-02-24T16:04:00.000","2023-05-25T09:06:45.000","Brooklyn","73","Police building","CV already in custody","Arrest - other violation/crime","Complainant Uncooperative"
"2023-08-28T00:00:00.000","202301637","2023-02-22","2","2023-02-25T16:07:00.000","2023-04-19T13:05:55.000","Queens","107","Apartment/house","Report-domestic dispute","Arrest - other violation/crime","Complainant Unavailable"
"2023-08-28T00:00:00.000","202301633","2023-02-21","10","2023-02-23T15:16:00.000","2023-06-12T16:52:58.000","Manhattan",,"Subway station/train","PD suspected C/V of violation/crime - subway","Summons - other violation/crime","Complainant Uncooperative"
"2023-08-28T00:00:00.000","202301627","2023-02-24","12","2023-02-24T15:37:00.000","2023-04-19T13:05:55.000","Brooklyn","69","Police building","Report-domestic dispute","No arrest made or summons issued","Complaint Withdrawn"
"2023-08-28T00:00:00.000","202301619","2022-06-09","21","2022-07-06T11:10:00.000","2023-07-11T11:37:44.000","Queens","112","Police building","Other","No arrest made or summons issued","Officer(s) Unidentified"
"2023-08-28T00:00:00.000","202301609","2023-02-13","3","2023-02-23T14:58:00.000","2023-04-19T13:05:54.000","Brooklyn","73","Street/highway","PD suspected C/V of violation/crime - street","No arrest made or summons issued","Complainant Unavailable"
"2023-08-28T00:00:00.000","202301603","2023-02-11","16","2023-02-23T15:01:00.000","2023-06-29T12:34:46.000","Brooklyn","61","Residential building","Report-domestic dispute","Arrest - other violation/crime","Complainant Uncooperative"
"2023-08-28T00:00:00.000","202301602","2023-02-23","23","2023-02-24T11:02:00.000","2023-07-12T08:50:37.000","Brooklyn","90","Street/highway","Moving violation","Moving violation summons issued","Officer(s) Unidentified"
"2023-08-28T00:00:00.000","202301600","2023-02-13","18","2023-02-23T15:00:00.000","2023-06-12T16:53:50.000","Queens","103","Residential building","Report of other crime","Arrest - resisting arrest","Complainant Unavailable"
"2023-08-28T00:00:00.000","202301597","2023-02-07","0","2023-02-23T14:56:00.000","2023-06-29T12:34:46.000","Bronx","40","NYCHA","PD suspected C/V of violation/crime - bldg","Arrest - other violation/crime","Complainant Uncooperative"
"2023-08-28T00:00:00.000","202301593","2023-02-10","0","2023-02-23T15:04:00.000","2023-07-17T15:30:06.000","Manhattan","26","Residential building","C/V requested investigation of crime","No arrest made or summons issued","Complainant Uncooperative"
"2023-08-28T00:00:00.000","202301588","2023-02-11","1","2023-02-23T15:03:00.000","2023-05-25T09:06:45.000","Manhattan","32","Street/highway","PD auto checkpoint","Arrest - other violation/crime","Complainant Uncooperative"
"2023-08-28T00:00:00.000","202301584","2023-02-16","23","2023-02-23T14:57:00.000","2023-05-25T09:09:37.000","Brooklyn","70","Street/highway","Other violation of VTL","Other VTL violation summons issued","Complaint Withdrawn"
"2023-08-28T00:00:00.000","202301581","2023-02-21","21","2023-02-23T15:28:00.000","2023-06-28T09:05:42.000","Queens","114","NYCHA","C/V requested investigation of crime","Arrest - other violation/crime","Closed - Pending Litigation"
"2023-08-28T00:00:00.000","202301580","2023-02-15","16","2023-02-23T15:02:00.000","2023-05-25T09:06:44.000","Queens","113","Street/highway","PD suspected C/V of violation/crime - street","No arrest made or summons issued","Complainant Uncooperative"
"2023-08-28T00:00:00.000","202301579","2023-02-11","3","2023-02-23T15:09:00.000","2023-04-12T08:32:59.000","Manhattan","01","Street/highway","Other","No arrest made or summons issued","Complaint Withdrawn"
"2023-08-28T00:00:00.000","202301578","2023-02-11","2","2023-02-23T15:08:00.000","2023-04-12T08:32:59.000","Brooklyn","83","Street/highway","Report of other crime","Arrest - other violation/crime","Closed - Pending Litigation"
"2023-08-28T00:00:00.000","202301572","2023-02-20","11","2023-02-23T13:38:00.000","2023-05-25T09:06:44.000","Bronx","45",,"C/V intervened on behalf of/observed encounter w/3rd party","No arrest made or summons issued","Alleged Victim Unavailable"
"2023-08-28T00:00:00.000","202301561",,,"2023-02-23T11:52:00.000","2023-05-25T09:09:37.000",,,,,"No arrest made or summons issued","Alleged Victim Unavailable"
"2023-08-28T00:00:00.000","202301557","2023-01-31","4","2023-02-23T11:04:00.000","2023-04-12T08:33:00.000","Manhattan","33","Police building","C/V at PCT to obtain information","No arrest made or summons issued","Complainant Uncooperative"
"2023-08-28T00:00:00.000","202301546",,,"2023-02-22T13:00:00.000","2023-03-15T13:59:48.000",,,,"C/V telephoned PCT","No arrest made or summons issued","Complainant Unavailable"
"2023-08-28T00:00:00.000","202301542","2023-02-15","20","2023-02-21T13:16:00.000","2023-04-12T08:33:00.000","Manhattan","28","Street/highway","PD suspected C/V of violation/crime - street","No arrest made or summons issued","Complaint Withdrawn"
"2023-08-28T00:00:00.000","202301529","2023-02-10","18","2023-02-21T13:58:00.000","2023-04-12T08:32:18.000","Queens","103","Street/highway","Traffic accident","Arrest - other violation/crime","Complaint Withdrawn"
"2023-08-28T00:00:00.000","202301522","2023-02-05","14","2023-02-21T21:47:00.000","2023-06-12T17:33:18.000","Bronx","44","Street/highway","Other","No arrest made or summons issued","Closed - Pending Litigation"
"2023-08-28T00:00:00.000","202301517","2023-02-09","21","2023-02-21T14:09:00.000","2023-06-12T17:33:32.000","Brooklyn","84","Street/highway","Moving violation","No arrest made or summons issued","Complainant Uncooperative"
"2023-08-28T00:00:00.000","202301499","2023-02-20","15","2023-02-20T23:10:00.000","2023-05-25T09:06:44.000","Queens","104","Apartment/house","C/V requested investigation of crime","No arrest made or summons issued","Complainant Uncooperative"
"2023-08-28T00:00:00.000","202301498","2023-02-12",,"2023-02-21T13:56:00.000","2023-04-12T08:33:01.000","Bronx","42","Police building","CV already in custody","Arrest - other violation/crime","Closed - Pending Litigation"
"2023-08-28T00:00:00.000","202301490","2023-02-09","9","2023-02-21T03:20:00.000","2023-04-19T13:05:54.000","Manhattan","20","Street/highway","Other","No arrest made or summons issued","Complainant Unavailable"
"2023-08-28T00:00:00.000","202301487","2023-02-20","19","2023-02-21T10:30:00.000","2023-03-23T08:22:42.000","Queens","114","Street/highway","Parking violation","Parking summons issued","Complaint Withdrawn"
"2023-08-28T00:00:00.000","202301484","2023-02-21","14","2023-02-21T15:30:00.000","2023-03-23T08:22:48.000","Manhattan","09","Street/highway","Report of other crime","Arrest - other violation/crime","Complainant Uncooperative"
"2023-08-28T00:00:00.000","202301483","2023-02-12","12","2023-02-21T13:55:00.000","2023-04-12T08:33:00.000","Bronx","40","Police building","CV already in custody","Arrest - assault (against a PO)","Closed - Pending Litigation"
"2023-08-28T00:00:00.000","202301476","2023-02-08","20","2023-02-20T13:12:00.000","2023-04-19T13:05:54.000","Brooklyn","75","Street/highway","PD suspected C/V of violation/crime - auto","No arrest made or summons issued","Complainant Uncooperative"
"2023-08-28T00:00:00.000","202301473","2023-02-07","22","2023-02-20T07:29:00.000","2023-05-25T09:09:36.000","Bronx","52","Street/highway","PD suspected C/V of violation/crime - street","No arrest made or summons issued","Complainant Uncooperative"
"2023-08-28T00:00:00.000","202301471","2023-02-08","8","2023-02-20T07:29:00.000","2023-06-12T16:54:25.000","Manhattan",,"Subway station/train","C/V requested info from officer","No arrest made or summons issued","Complainant Uncooperative"
"2023-08-28T00:00:00.000","202301469","2023-02-18","23","2023-02-19T00:56:00.000","2023-04-19T13:05:52.000","Manhattan","10","Police building","C/V at PCT to file complaint of crime","No arrest made or summons issued","Complainant Unavailable"
"2023-08-28T00:00:00.000","202301468","2023-02-10","18","2023-02-20T07:32:00.000","2023-04-12T08:32:59.000","Bronx","47","Hospital","CV already in custody","Arrest - assault (against a PO)","Complainant Unavailable"
"2023-08-28T00:00:00.000","202301466","2023-02-12","1","2023-02-21T10:47:00.000","2023-06-26T14:00:48.000","Staten Island",,"Street/highway","PD suspected C/V of violation/crime - auto","No arrest made or summons issued","Complainant Unavailable"
"2023-08-28T00:00:00.000","202301463","2023-02-09","23","2023-02-20T07:32:00.000","2023-04-12T08:32:58.000","Manhattan","13","Residential building","Report-domestic dispute","Arrest - assault (against a PO)","Closed - Pending Litigation"
"2023-08-28T00:00:00.000","202301462","2023-02-17","21","2023-02-21T13:17:00.000","2023-07-12T09:34:04.000","Queens","107","Other","C/V telephoned PCT","No arrest made or summons issued","Officer(s) Unidentified"
"2023-08-28T00:00:00.000","202301461","2023-02-10","19","2023-02-21T09:20:00.000","2023-05-25T09:09:36.000","Brooklyn","75","Street/highway","C/V intervened on behalf of/observed encounter w/3rd party","No arrest made or summons issued","Victim Unidentified"
"2023-08-28T00:00:00.000","202301460","2023-02-07","13","2023-02-19T10:51:00.000","2023-04-12T08:32:58.000","Brooklyn","67","Street/highway","PD suspected C/V of violation/crime - street","Arrest - other violation/crime","Complainant Unavailable"
"2023-08-28T00:00:00.000","202301459","2023-02-10","1","2023-02-21T09:19:00.000","2023-05-25T09:06:44.000","Brooklyn","70","Subway station/train","PD suspected C/V of violation/crime - subway","No arrest made or summons issued","Complainant Uncooperative"
"2023-08-28T00:00:00.000","202301457","2023-01-05","20","2023-02-19T10:51:00.000","2023-05-25T09:06:44.000","Queens","114","NYCHA","PD suspected C/V of violation/crime - street","Arrest - other violation/crime","Closed - Pending Litigation"
"2023-08-28T00:00:00.000","202301449","2023-02-07",,"2023-02-20T07:31:00.000","2023-07-17T15:30:08.000","Queens","101","Police building","Moving violation","Arrest - OGA","Complainant Unavailable"
"2023-08-28T00:00:00.000","202301448","2023-02-20","14","2023-02-21T11:20:00.000","2023-06-28T09:05:42.000","Bronx","43","NYCHA","C/V telephoned PCT","Arrest - other violation/crime","Complainant Uncooperative"
"2023-08-28T00:00:00.000","202301447","2023-02-19","19","2023-02-20T00:05:00.000","2023-06-12T08:11:32.000","Brooklyn","75","Street/highway","PD suspected C/V of violation/crime - street","No arrest made or summons issued","Mediated"
"2023-08-28T00:00:00.000","202301444","2023-02-05","17","2023-02-19T10:09:00.000","2023-05-25T09:06:43.000","Bronx","43","Street/highway","PD suspected C/V of violation/crime - street","No arrest made or summons issued","Complainant Unavailable"
"2023-08-28T00:00:00.000","202301440","2023-02-08","2","2023-02-19T09:35:00.000","2023-06-12T08:20:52.000","Manhattan","33","Hospital","Report of other crime","Arrest - other violation/crime","Complainant Unavailable"
"2023-08-28T00:00:00.000","202301437","2023-02-16",,"2023-02-21T04:42:00.000","2023-06-28T09:05:41.000","Brooklyn","88","NYCHA","PD suspected C/V of violation/crime - street","No arrest made or summons issued","Complainant Unavailable"
"2023-08-28T00:00:00.000","202301431","2023-02-16","9","2023-02-20T23:53:00.000","2023-04-12T08:32:58.000","Staten Island","122","Apartment/house","Other","No arrest made or summons issued","Complaint Withdrawn"
"2023-08-28T00:00:00.000","202301422","2023-01-24","12","2023-02-20T12:44:00.000","2023-05-25T09:06:43.000","Queens","102","Commercial building","Regulatory inspection","No arrest made or summons issued","Complainant Unavailable"
"2023-08-28T00:00:00.000","202301421","2023-02-08",,"2023-02-19T09:37:00.000","2023-05-25T09:06:42.000",,,"Street/highway","C/V intervened on behalf of/observed encounter w/3rd party","Arrest - other violation/crime","Complainant Unavailable"
"2023-08-28T00:00:00.000","202301419","2023-02-07","12","2023-02-19T10:11:00.000","2023-03-23T08:22:54.000","Queens","107","Apartment/house","EDP aided case","Arrest - assault (against a PO)","Closed - Pending Litigation"
"2023-08-28T00:00:00.000","202301418","2023-02-09","10","2023-02-19T09:32:00.000","2023-04-19T13:05:50.000","Outside NYC",,"Public space/building","Execution of arrest/bench warrant","Arrest - other violation/crime","Complainant Uncooperative"
"2023-08-28T00:00:00.000","202301417","2023-02-01",,"2023-02-19T10:10:00.000","2023-04-12T08:32:58.000","Brooklyn","79","Residential building","PD suspected C/V of violation/crime - bldg","Arrest - other violation/crime","Complaint Withdrawn"
"2023-08-28T00:00:00.000","202301414","2023-02-08","3","2023-02-17T11:23:00.000","2023-06-13T08:05:26.000","Brooklyn","68","Street/highway","PD suspected C/V of violation/crime - auto","Summons - other violation/crime","Complainant Uncooperative"
"2023-08-28T00:00:00.000","202301409","2023-02-16","7","2023-02-17T15:06:00.000","2023-06-12T08:20:44.000","Brooklyn","75","Apartment/house","Execution of search warrant","Arrest - other violation/crime","Closed - Pending Litigation"
"2023-08-28T00:00:00.000","202301408","2023-02-10","19","2023-02-17T14:45:00.000","2023-03-22T10:10:51.000","Brooklyn","70","Public space/building","PD suspected C/V of violation/crime - bldg","Arrest - other violation/crime","Complainant Uncooperative"
"2023-08-28T00:00:00.000","202301400","2023-02-14",,"2023-02-17T11:05:00.000","2023-05-25T09:06:42.000","Bronx","42","NYCHA","EDP aided case","No arrest made or summons issued","Complainant Unavailable"
"2023-08-28T00:00:00.000","202301391","2023-02-16","21","2023-02-17T08:49:00.000","2023-04-12T08:27:46.000","Queens","105","Apartment/house","Report-domestic dispute","No arrest made or summons issued","Complaint Withdrawn"
"2023-08-28T00:00:00.000","202301383","2022-11-04","4","2023-02-15T17:58:00.000","2023-03-23T08:22:52.000","Queens","111","Street/highway","Traffic accident","Arrest - other violation/crime","Closed - Pending Litigation"
"2023-08-28T00:00:00.000","202301378","2023-02-14","22","2023-02-15T22:40:00.000","2023-04-19T13:05:47.000","Bronx","40","NYCHA","Other","No arrest made or summons issued","Complainant Unavailable"
"2023-08-28T00:00:00.000","202301377","2023-02-15","7","2023-02-16T14:18:00.000","2023-05-25T09:06:42.000","Brooklyn","90","Apartment/house","PD suspected C/V of violation/crime - bldg","No arrest made or summons issued","Complainant Uncooperative"
"2023-08-28T00:00:00.000","202301369","2023-02-14","21","2023-02-16T09:24:00.000","2023-03-23T08:22:51.000","Manhattan","06","Subway station/train","PD suspected C/V of violation/crime - subway","No arrest made or summons issued","Complainant Uncooperative"
"2023-08-28T00:00:00.000","202301359","2023-02-06","8","2023-02-16T05:41:00.000","2023-05-25T09:06:42.000","Brooklyn","66","Apartment/house","Report of other crime","No arrest made or summons issued","Complainant Unavailable"
"2023-08-28T00:00:00.000","202301349","2023-02-14","21","2023-02-15T13:22:00.000","2023-04-12T08:32:57.000","Queens","104","Street/highway","Report of other crime","No arrest made or summons issued","Complainant Uncooperative"
"2023-08-28T00:00:00.000","202301348","2023-02-13","0","2023-02-15T13:20:00.000","2023-06-12T08:20:45.000","Bronx","43","Street/highway","PD suspected C/V of violation/crime - bldg","Arrest - other violation/crime","Closed - Pending Litigation"
"2023-08-28T00:00:00.000","202301329","2023-02-05","10","2023-02-15T05:12:00.000","2023-05-25T09:06:41.000","Queens","114","Commercial building","C/V requested investigation of crime","No arrest made or summons issued","Complaint Withdrawn"
"2023-08-28T00:00:00.000","202301323","2023-02-09","14","2023-02-13T12:33:00.000","2023-06-28T09:05:41.000","Queens","113","Street/highway","PD suspected C/V of violation/crime - street","Arrest - other violation/crime","Closed - Pending Litigation"
"2023-08-28T00:00:00.000","202301320","2023-02-05","17","2023-02-14T14:06:00.000","2023-05-25T09:06:41.000","Manhattan","14","Commercial building","PD suspected C/V of violation/crime - bldg","No arrest made or summons issued","Complainant Uncooperative"
"2023-08-28T00:00:00.000","202301315","2023-02-05",,"2023-02-14T14:10:00.000","2023-07-25T13:43:28.000","Brooklyn","88","Street/highway","Other","No arrest made or summons issued","Complainant Uncooperative"
"2023-08-28T00:00:00.000","202301313","2022-__-__","13","2023-02-09T09:55:00.000","2023-04-12T08:31:44.000",,,,"C/V telephoned PCT","No arrest made or summons issued","Officer(s) Unidentified"
"2023-08-28T00:00:00.000","202301300","2021-10-26","22","2023-02-09T09:55:00.000","2023-04-12T08:28:57.000",,,,"Other","No arrest made or summons issued","Officer(s) Unidentified"
"2023-08-28T00:00:00.000","202301294","2023-02-01","11","2023-02-13T13:57:00.000","2023-03-23T08:22:51.000","Bronx","52","Police building","Other violation of VTL","Arrest - other violation/crime","Closed - Pending Litigation"
"2023-08-28T00:00:00.000","202301286","2023-02-01","14","2023-02-14T06:41:00.000","2023-05-25T09:00:31.000","Queens","108","Apartment/house","EDP aided case","No arrest made or summons issued","Complainant Unavailable"
"2023-08-28T00:00:00.000","202301283","2023-02-11","0","2023-02-13T20:25:00.000","2023-04-12T08:32:57.000","Brooklyn","61","Commercial building","Report-dispute","No arrest made or summons issued","Complainant Unavailable"
"2023-08-28T00:00:00.000","202301278","2023-02-03","0","2023-02-13T13:57:00.000","2023-04-12T08:32:57.000","Manhattan","05","Public space/building","CV already in custody","Arrest - other violation/crime","Closed - Pending Litigation"
"2023-08-28T00:00:00.000","202301271","2023-02-01","16","2023-02-13T10:08:00.000","2023-04-12T08:32:19.000","Manhattan","20","Police vehicle","CV already in custody","Arrest - other violation/crime","Complainant Unavailable"
"2023-08-28T00:00:00.000","202301270","2023-02-10","22","2023-02-13T10:44:00.000","2023-03-23T08:22:52.000","Queens","110","Street/highway","Other","Summons - other violation/crime","Closed - Pending Litigation"
"2023-08-28T00:00:00.000","202301268","2023-02-02","4","2023-02-13T07:17:00.000","2023-04-12T08:32:19.000","Manhattan","18","Subway station/train","PD suspected C/V of violation/crime - subway","Arrest - other violation/crime","Complainant Uncooperative"
"2023-08-28T00:00:00.000","202301267","2023-02-13","9","2023-02-13T13:40:00.000","2023-04-19T13:05:47.000","Brooklyn","76","Subway station/train","C/V intervened on behalf of/observed encounter w/3rd party","Arrest - OGA","Alleged Victim Unavailable"
"2023-08-28T00:00:00.000","202301263","2023-02-10","18","2023-02-11T10:49:00.000","2023-04-12T08:32:18.000","Queens","102","Apartment/house","C/V requested investigation of crime","No arrest made or summons issued","Complainant Uncooperative"
"2023-08-28T00:00:00.000","202301253","2023-02-01","3","2023-02-13T10:12:00.000","2023-04-19T13:05:47.000","Bronx","44","Public space/building","EDP aided case","No arrest made or summons issued","Complaint Withdrawn"
"2023-08-28T00:00:00.000","202301232","2023-02-11","1","2023-02-11T02:16:00.000","2023-05-25T09:09:35.000","Bronx","49","Street/highway","PD suspected C/V of violation/crime - auto","No arrest made or summons issued","Complainant Uncooperative"
"2023-08-28T00:00:00.000","202301229","2023-01-31","3","2023-02-12T11:41:00.000","2023-04-12T08:33:00.000","Bronx","46","Street/highway","Report of other crime","Arrest - other violation/crime","Alleged Victim Unavailable"
"2023-08-28T00:00:00.000","202301225","2023-02-06","20","2023-02-10T11:36:00.000","2023-04-19T13:05:48.000","Brooklyn","79","Public space/building","Assist ACS or other agency","No arrest made or summons issued","Complaint Withdrawn"
"2023-08-28T00:00:00.000","202301217","2022-10-01","23","2023-02-10T11:17:00.000","2023-06-12T08:20:46.000","Manhattan","23","Commercial building","PD suspected C/V of violation/crime - bldg","No arrest made or summons issued","Alleged Victim Uncooperative"
"2023-08-28T00:00:00.000","202301216","2023-01-18","14","2023-02-10T12:43:00.000","2023-04-12T08:33:01.000","Bronx","46","Commercial building","Report-dispute","Arrest - other violation/crime","Closed - Pending Litigation"
"2023-08-28T00:00:00.000","202301214","2022-12-__",,"2023-02-10T12:28:00.000","2023-03-23T08:47:03.000","Manhattan","14","Other","C/V requested investigation of crime","No arrest made or summons issued","Officer(s) Unidentified"
"2023-08-28T00:00:00.000","202301207","2023-02-09","18","2023-02-10T10:33:00.000","2023-03-16T15:29:37.000","Queens","101","Residential building","C/V requested investigation of crime","No arrest made or summons issued","Mediated"
"2023-08-28T00:00:00.000","202301205","2023-02-08","10","2023-02-09T13:56:00.000","2023-07-12T08:48:34.000","Manhattan","114","Apartment/house","Report of other crime","No arrest made or summons issued","Officer(s) Unidentified"
"2023-08-28T00:00:00.000","202301194","2023-01-19","23","2023-02-09T10:03:00.000","2023-07-17T15:30:06.000","Queens","104","Street/highway","Parking violation","Arrest - other violation/crime","Closed - Pending Litigation"
"2023-08-28T00:00:00.000","202301192","2023-02-09","11","2023-02-09T14:15:00.000","2023-04-12T08:33:03.000","Staten Island","120","Police building","C/V at PCT to file complaint of crime","No arrest made or summons issued","Complaint Withdrawn"
"2023-08-28T00:00:00.000","202301191","2023-01-29","16","2023-02-09T09:55:00.000","2023-05-25T09:06:41.000","Staten Island","120","Street/highway","Report-dispute","No arrest made or summons issued","Complainant Uncooperative"
"2023-08-28T00:00:00.000","202301186","2023-01-28","4","2023-02-09T09:54:00.000","2023-04-19T13:05:48.000","Manhattan","34","Street/highway","C/V intervened on behalf of/observed encounter w/3rd party","Arrest - resisting arrest","Complainant Uncooperative"
"2023-08-28T00:00:00.000","202301183","2023-01-27","4","2023-02-09T10:05:00.000","2023-06-12T08:20:48.000","Manhattan","07","Street/highway","Report-dispute","Arrest - assault (against a PO)","Complaint Withdrawn"
"2023-08-28T00:00:00.000","202301177","2023-01-24","0","2023-02-09T10:01:00.000","2023-05-25T09:06:41.000","Manhattan","06","Commercial building","Report-domestic dispute","No arrest made or summons issued","Complainant Unavailable"
"2023-08-28T00:00:00.000","202301169","2023-01-30",,"2023-02-09T09:54:00.000","2023-05-25T09:00:31.000","Brooklyn","60","Other","C/V telephoned PCT","No arrest made or summons issued","Complaint Withdrawn"
"2023-08-28T00:00:00.000","202301160","2023-02-08","16","2023-02-08T16:45:00.000","2023-04-19T13:05:49.000","Brooklyn",,"Subway station/train","PD suspected C/V of violation/crime - subway","Summons - other violation/crime","Complainant Unavailable"
"2023-08-28T00:00:00.000","202301157","2023-02-08","20","2023-02-08T21:45:00.000","2023-05-25T09:06:41.000","Manhattan",,"Subway station/train","PD suspected C/V of violation/crime - subway","No arrest made or summons issued","Complainant Uncooperative"
"2023-08-28T00:00:00.000","202301150","2023-02-07","15","2023-02-07T19:51:00.000","2023-06-28T09:05:40.000","Bronx","43","Street/highway","PD suspected C/V of violation/crime - street","No arrest made or summons issued","Alleged Victim Uncooperative"
"2023-08-28T00:00:00.000","202301149","2023-02-07","4","2023-02-08T13:37:00.000","2023-06-28T09:05:40.000","Queens","114","Apartment/house","Execution of arrest/bench warrant","Arrest - other violation/crime","Closed - Pending Litigation"
"2023-08-28T00:00:00.000","202301140","2023-01-27","0","2023-02-09T10:22:00.000","2023-06-29T13:16:07.000","Bronx","40","Police building","Moving violation","Arrest - other violation/crime","Complainant Uncooperative"
"2023-08-28T00:00:00.000","202301136","2023-01-22","8","2023-02-07T07:42:00.000","2023-08-23T11:12:57.000","Brooklyn","81","Street/highway","Other","No arrest made or summons issued","Unable to Determine"
"2023-08-28T00:00:00.000","202301131","2023-01-26","17","2023-02-07T17:24:00.000","2023-06-26T14:01:06.000","Bronx","48","Street/highway","Other violation of VTL","Arrest - resisting arrest","Complainant Unavailable"
"2023-08-28T00:00:00.000","202301130","2023-01-05","16","2023-02-08T09:52:00.000","2023-03-23T08:22:48.000","Bronx","40","Street/highway","PD suspected C/V of violation/crime - street","Arrest - assault (against a PO)","Closed - Pending Litigation"
"2023-08-28T00:00:00.000","202301129","2023-01-27","8","2023-02-07T17:21:00.000","2023-04-12T08:33:05.000","Bronx","52","Commercial building","Report of other crime","Arrest - other violation/crime","Closed - Pending Litigation"
"2023-08-28T00:00:00.000","202301125","2023-01-25","21","2023-02-07T17:24:00.000","2023-05-25T09:00:31.000","Brooklyn","63","Commercial building","PD suspected C/V of violation/crime - bldg","No arrest made or summons issued","Complaint Withdrawn"
"2023-08-28T00:00:00.000","202301122","2023-01-26","22","2023-02-07T17:22:00.000","2023-05-25T09:06:40.000",,,"Other","PD telephones CV","No arrest made or summons issued","Complainant Uncooperative"
"2023-08-28T00:00:00.000","202301120","2023-01-24","18","2023-02-07T09:56:00.000","2023-05-25T09:06:40.000","Bronx","46","Street/highway","PD suspected C/V of violation/crime - street","Arrest - other violation/crime","Closed - Pending Litigation"
"2023-08-28T00:00:00.000","202301119","2023-01-30","18","2023-02-07T13:31:00.000","2023-06-26T14:03:43.000","Queens","115","Other","C/V telephoned PCT","No arrest made or summons issued","Officer(s) Unidentified"
"2023-08-28T00:00:00.000","202301113","2023-01-20","10","2023-02-07T07:37:00.000","2023-03-22T10:10:01.000","Manhattan","13","Hospital","Execution of arrest/bench warrant","Arrest - other violation/crime","Complainant Unavailable"
"2023-08-28T00:00:00.000","202301111","2023-01-22","1","2023-02-07T07:31:00.000","2023-04-12T08:27:37.000","Bronx","44","Street/highway","C/V requested investigation of crime","No arrest made or summons issued","Mediated"
"2023-08-28T00:00:00.000","202301097","2023-01-20","19","2023-02-07T07:35:00.000","2023-05-25T09:06:40.000","Manhattan","25","NYCHA","PD suspected C/V of violation/crime - street","Arrest - other violation/crime","Complainant Unavailable"
"2023-08-28T00:00:00.000","202301093","2023-01-20","15","2023-02-07T07:37:00.000","2023-03-23T08:22:47.000","Bronx","41","Apartment/house","Other","No arrest made or summons issued","Complainant Unavailable"
"2023-08-28T00:00:00.000","202301090","2023-02-01","12","2023-02-07T08:16:00.000","2023-05-25T09:00:31.000","Brooklyn","90","Street/highway","PD suspected C/V of violation/crime - street","Summons - other violation/crime","Complainant Uncooperative"
"2023-08-28T00:00:00.000","202301087","2023-01-26","4","2023-02-07T07:42:00.000","2023-06-12T08:20:50.000","Queens","114","Street/highway","Report of other crime","Arrest - other violation/crime","Closed - Pending Litigation"
"2023-08-28T00:00:00.000","202301085","2022-01-25","18","2023-02-07T12:10:00.000","2023-06-15T10:53:15.000","Bronx","46","Apartment/house","Report-dispute","No arrest made or summons issued","Unable to Determine"
"2023-08-28T00:00:00.000","202301082","2022-09-07","20","2023-02-07T11:37:00.000","2023-05-25T09:06:40.000",,,"Other","PD telephones CV","Arrest - other violation/crime","Closed - Pending Litigation"
"2023-08-28T00:00:00.000","202301076","2023-01-29","22","2023-01-30T09:25:00.000","2023-03-22T10:09:55.000","Bronx","47","Street/highway","Moving violation","Arrest - other violation/crime","Closed - Pending Litigation"
"2023-08-28T00:00:00.000","202301075","2022-08-18",,"2023-02-07T08:19:00.000","2023-06-12T08:20:51.000","Queens","103","Residential building","Report-domestic dispute","No arrest made or summons issued","Complainant Uncooperative"
"2023-08-28T00:00:00.000","202301069","2023-01-25","1","2023-02-07T08:13:00.000","2023-04-12T08:33:05.000","Brooklyn","Precinct 0","Street/highway","PD suspected C/V of violation/crime - street","Arrest - other violation/crime","Complainant Uncooperative"
"2023-08-28T00:00:00.000","202301067","2023-01-21","20","2023-02-07T07:30:00.000","2023-04-12T08:33:04.000","Manhattan","32","Street/highway","Other violation of VTL","Arrest - other violation/crime","Complainant Uncooperative"
"2023-08-28T00:00:00.000","202301061","2023-01-19","22","2023-02-07T07:38:00.000","2023-05-25T09:00:30.000","Manhattan","33","Street/highway","PD suspected C/V of violation/crime - bldg","No arrest made or summons issued","Complaint Withdrawn"
"2023-08-28T00:00:00.000","202301059","2023-01-09","2","2023-02-07T09:15:00.000","2023-05-25T09:00:30.000","Brooklyn","73","Apartment/house","Report-domestic dispute","Arrest - assault (against a PO)","Closed - Pending Litigation"
"2023-08-28T00:00:00.000","202301055","2023-01-22","13","2023-02-07T07:39:00.000","2023-04-12T08:33:03.000","Queens","113","Street/highway","Parking violation","No arrest made or summons issued","Complainant Uncooperative"
"2023-08-28T00:00:00.000","202301054","2023-01-19","13","2023-02-07T07:38:00.000","2023-03-23T08:22:46.000","Brooklyn","73","Apartment/house","Report-dispute","No arrest made or summons issued","Complaint Withdrawn"
"2023-08-28T00:00:00.000","202301051","2023-01-24","18","2023-02-07T07:27:00.000","2023-06-12T08:20:51.000","Bronx","48","Street/highway","Report of other crime","Arrest - other violation/crime","Closed - Pending Litigation"
"2023-08-28T00:00:00.000","202301049","2023-01-24","17","2023-02-07T07:26:00.000","2023-04-12T08:33:01.000","Queens","102","Police building","Moving violation","Arrest - other violation/crime","Complainant Unavailable"
"2023-08-28T00:00:00.000","202301034","2023-02-04","16","2023-02-05T07:39:00.000","2023-05-25T09:00:30.000","Queens","104","Other","C/V telephoned PCT","No arrest made or summons issued","Complainant Uncooperative"
"2023-08-28T00:00:00.000","202301023","2023-02-04","21","2023-02-04T21:36:00.000","2023-03-23T08:22:45.000","Brooklyn","75","Other","CV already in custody","No arrest made or summons issued","Closed - Pending Litigation"
"2023-08-28T00:00:00.000","202301021","2023-02-05","9","2023-02-05T10:26:00.000","2023-03-23T08:22:42.000",,,"Other","C/V telephoned PCT","No arrest made or summons issued","Complainant Unavailable"
"2023-08-28T00:00:00.000","202301019","2023-01-28","13","2023-02-06T12:04:00.000","2023-05-25T09:00:30.000","Bronx","47","Apartment/house","Report of other crime","No arrest made or summons issued","Complaint Withdrawn"
"2023-08-28T00:00:00.000","202301017","2023-02-06","9","2023-02-06T09:52:00.000","2023-04-12T08:33:03.000","Queens","103","Commercial building","Other","No arrest made or summons issued","Complainant Unavailable"
"2023-08-28T00:00:00.000","202301014","2023-02-06","10","2023-02-06T10:53:00.000","2023-03-23T08:22:44.000","Bronx","43","Apartment/house","Report-dispute","No arrest made or summons issued","Complainant Uncooperative"
"2023-08-28T00:00:00.000","202301004","2023-01-28","1","2023-02-05T05:41:00.000","2023-03-22T10:12:46.000","Manhattan","23","Residential building","EDP aided case","Arrest - other violation/crime","Closed - Pending Litigation"
"2023-08-28T00:00:00.000","202300998","2023-02-04","0","2023-02-04T00:43:00.000","2023-03-23T08:22:44.000","Brooklyn",,"Street/highway","Other","No arrest made or summons issued","Complainant Uncooperative"
"2023-08-28T00:00:00.000","202300996","2023-01-25","16","2023-02-04T16:40:00.000","2023-05-25T09:00:30.000","Bronx","40","Street/highway","PD auto checkpoint","Arrest - other violation/crime","Closed - Pending Litigation"
"2023-08-28T00:00:00.000","202300980","2022-02-16","6","2023-02-03T12:43:00.000","2023-06-15T10:53:14.000","Brooklyn","67",,,,"Unfounded"
"2023-08-28T00:00:00.000","202300976","2023-02-02","16","2023-02-03T09:29:00.000","2023-03-23T08:21:32.000","Bronx","48","Street/highway","PD suspected C/V of violation/crime - street","No arrest made or summons issued","Mediated"
"2023-08-28T00:00:00.000","202300962",,,"2023-02-02T10:00:00.000","2023-05-25T09:06:39.000","Brooklyn","69","Apartment/house","Report of other crime","No arrest made or summons issued","Victim Unidentified"
"2023-08-28T00:00:00.000","202300951","2023-02-01","19","2023-02-02T11:46:00.000","2023-04-12T08:33:02.000","Manhattan","05","Street/highway","Traffic accident","No arrest made or summons issued","Closed - Pending Litigation"
"2023-08-28T00:00:00.000","202300941","2023-02-01","15","2023-02-01T18:32:00.000","2023-03-23T08:22:43.000","Queens","108","Subway station/train","C/V intervened on behalf of/observed encounter w/3rd party","No arrest made or summons issued","Complainant Uncooperative"
"2023-08-28T00:00:00.000","202300938","2023-01-27","18","2023-01-31T12:54:00.000","2023-06-28T09:05:39.000","Queens","114","NYCHA","Execution of arrest/bench warrant","No arrest made or summons issued","Closed - Pending Litigation"
"2023-08-28T00:00:00.000","202300932","2022-05-25",,"2022-11-28T10:16:00.000","2023-04-12T08:33:02.000","Brooklyn","75","Street/highway","C/V at PCT to obtain information","No arrest made or summons issued","Complainant Uncooperative"
"2023-08-28T00:00:00.000","202300926","2023-01-27","22","2023-02-01T13:11:00.000","2023-04-12T08:33:06.000","Brooklyn","71","Police building","C/V at PCT to obtain information","No arrest made or summons issued","Complainant Uncooperative"
"2023-08-28T00:00:00.000","202300924","2023-02-01","14","2023-02-01T14:43:00.000","2023-03-23T08:22:49.000","Brooklyn","61","Street/highway","No contact","No arrest made or summons issued","Complainant Uncooperative"
"2023-08-28T00:00:00.000","202300916","2023-01-22","4","2023-02-01T11:18:00.000","2023-04-12T08:33:01.000","Brooklyn","90","Street/highway","Moving violation","Arrest - OGA","Closed - Pending Litigation"
"2023-08-28T00:00:00.000","202300915","2023-01-30","16","2023-01-31T16:26:00.000","2023-05-25T09:00:29.000","Queens","102","Street/highway","Moving violation","Moving violation summons issued","Complaint Withdrawn"
"2023-08-28T00:00:00.000","202300910","2023-01-18","18","2023-02-01T11:34:00.000","2023-03-22T10:14:16.000",,,"Other","C/V telephoned PCT","No arrest made or summons issued","Officer(s) Unidentified"
"2023-08-28T00:00:00.000","202300909","2023-01-23","23","2023-01-31T15:05:00.000","2023-04-12T08:33:01.000","Manhattan","33","Apartment/house","Report-domestic dispute","Arrest - other violation/crime","Closed - Pending Litigation"
"2023-08-28T00:00:00.000","202300905","2023-01-22","6","2023-02-01T11:20:00.000","2023-03-22T10:11:04.000","Manhattan","23","Street/highway","Report-dispute","No arrest made or summons issued","Complainant Uncooperative"
"2023-08-28T00:00:00.000","202300901","2023-01-21","10","2023-01-31T05:27:00.000","2023-03-23T08:22:55.000","Bronx","48","Street/highway","Report of other crime","Arrest - other violation/crime","Closed - Pending Litigation"
"2023-08-28T00:00:00.000","202300900","2022-12-28","23","2023-01-31T05:30:00.000","2023-04-12T08:32:18.000","Bronx","44","Street/highway","PD suspected C/V of violation/crime - auto","Arrest - other violation/crime","Alleged Victim Uncooperative"
"2023-08-28T00:00:00.000","202300893","2022-12-25","4","2023-01-31T05:07:00.000","2023-03-22T10:10:56.000","Bronx","46","NYCHA","Report-domestic dispute","Arrest - other violation/crime","Complaint Withdrawn"
"2023-08-28T00:00:00.000","202300889","2023-01-21","12","2023-01-31T05:26:00.000","2023-04-12T08:32:18.000","Manhattan","23","Apartment/house","Aided case","No arrest made or summons issued","Complainant Unavailable"
"2023-08-28T00:00:00.000","202300887","2023-01-21","17","2023-01-31T16:23:00.000","2023-04-19T13:05:48.000","Staten Island",,"Street/highway","Moving violation","Moving violation summons issued","Complainant Uncooperative"
"2023-08-28T00:00:00.000","202300886","2023-01-15","4","2023-01-31T18:10:00.000","2023-04-12T08:32:18.000","Brooklyn","60","Police building","Report of other crime","Arrest - other violation/crime","Complainant Uncooperative"
"2023-08-28T00:00:00.000","202300877",,,"2023-01-31T05:29:00.000","2023-03-15T14:00:32.000","Bronx","52","Apartment/house","Execution of arrest/bench warrant","No arrest made or summons issued","Complainant Uncooperative"
"2023-08-28T00:00:00.000","202300876","2023-01-18","9","2023-01-31T10:07:00.000","2023-05-25T09:00:29.000","Manhattan","17",,"Other","No arrest made or summons issued","Complaint Withdrawn"
"2023-08-28T00:00:00.000","202300869","2022-12-10","2","2023-01-31T05:05:00.000","2023-04-12T08:32:13.000","Bronx","48","Street/highway","Report of other crime","Arrest - other violation/crime","Complainant Uncooperative"
"2023-08-28T00:00:00.000","202300861","2023-01-17","14","2023-01-31T05:20:00.000","2023-03-23T08:22:55.000","Bronx",,"Street/highway","Moving violation","No arrest made or summons issued","Complainant Uncooperative"
"2023-08-28T00:00:00.000","202300859","2023-01-31","14","2023-01-31T14:28:00.000","2023-06-26T14:00:47.000","Bronx","44","Subway station/train","C/V at PCT to file complaint of crime","No arrest made or summons issued","Complainant Uncooperative"
"2023-08-28T00:00:00.000","202300856","2023-01-15","3","2023-01-31T05:14:00.000","2023-03-22T10:12:13.000","Bronx","48","Street/highway","Report-dispute","Arrest - other violation/crime","Closed - Pending Litigation"
"2023-08-28T00:00:00.000","202300855","2023-01-15",,"2023-01-31T05:13:00.000","2023-05-25T09:00:29.000","Brooklyn","77","Subway station/train","PD suspected C/V of violation/crime - subway","No arrest made or summons issued","Complaint Withdrawn"
"2023-08-28T00:00:00.000","202300854","2022-12-31","14","2023-01-31T05:19:00.000","2023-05-25T09:00:29.000","Bronx","46","Police building","CV already in custody","Arrest - other violation/crime","Closed - Pending Litigation"
"2023-08-28T00:00:00.000","202300845","2023-01-16","23","2023-01-31T05:23:00.000","2023-03-22T10:12:10.000","Brooklyn","83","Street/highway","CV already in custody","Arrest - other violation/crime","Closed - Pending Litigation"
"2023-08-28T00:00:00.000","202300843","2023-01-16","21","2023-01-31T05:19:00.000","2023-03-23T08:22:51.000","Bronx","44","Police building","CV already in custody","Arrest - other violation/crime","Complainant Unavailable"
"2023-08-28T00:00:00.000","202300840","2023-01-28","21","2023-01-31T10:21:00.000","2023-05-25T09:06:39.000","Bronx","46","Apartment/house","Report-domestic dispute","Arrest - other violation/crime","Complainant Uncooperative"
"2023-08-28T00:00:00.000","202300839","2023-01-13","0","2023-01-31T05:18:00.000","2023-05-25T09:00:29.000","Bronx","46","Street/highway","PD suspected C/V of violation/crime - street","Arrest - other violation/crime","Closed - Pending Litigation"
"2023-08-28T00:00:00.000","202300836","2023-01-16","16","2023-01-31T05:18:00.000","2023-07-24T10:41:31.000","Queens","109","Street/highway","PD suspected C/V of violation/crime - auto","No arrest made or summons issued","Complainant Uncooperative"
"2023-08-28T00:00:00.000","202300834","2023-01-15","12","2023-01-31T05:15:00.000","2023-06-12T08:20:52.000","Manhattan","05","Police building","C/V at PCT to retrieve property","No arrest made or summons issued","Complainant Unavailable"
"2023-08-28T00:00:00.000","202300829","2023-01-13",,"2023-01-31T05:10:00.000","2023-05-25T09:09:35.000","Brooklyn","75","Street/highway","PD suspected C/V of violation/crime - street","No arrest made or summons issued","Alleged Victim Unavailable"
"2023-08-28T00:00:00.000","202300822","2021-__-__","12","2023-01-30T16:45:00.000","2023-07-25T11:06:57.000","Manhattan","10",,"C/V telephoned PCT",,"Unable to Determine"
"2023-08-28T00:00:00.000","202300814","2023-01-27","1","2023-01-30T15:42:00.000","2023-05-25T09:00:28.000","Brooklyn","75","Street/highway","Other violation of VTL","Arrest - other violation/crime","Closed - Pending Litigation"
"2023-08-28T00:00:00.000","202300807","2023-01-19","1","2023-01-30T15:03:00.000","2023-04-19T13:05:48.000","Brooklyn","75","Police building","Moving violation","Arrest - other violation/crime","Closed - Pending Litigation"
"2023-08-28T00:00:00.000","202300806","2023-01-28","21","2023-01-28T22:17:00.000","2023-03-16T15:29:38.000","Manhattan","26","Street/highway","PD suspected C/V of violation/crime - street","No arrest made or summons issued","Mediated"
"2023-08-28T00:00:00.000","202300790","2023-01-29","17","2023-01-29T23:16:00.000","2023-05-25T09:06:39.000","Staten Island","120","Residential building","C/V requested investigation of crime","No arrest made or summons issued","Complainant Uncooperative"
"2023-08-28T00:00:00.000","202300789","2022-12-29","22","2023-01-27T17:39:00.000","2023-03-22T10:12:20.000","Manhattan",,"Other","Other","No arrest made or summons issued","Complainant Unavailable"
"2023-08-28T00:00:00.000","202300787","2023-01-29","4","2023-01-29T12:45:00.000","2023-03-16T15:29:38.000","Queens","105","Street/highway","Parking violation","Parking summons issued","Mediated"
"2023-08-28T00:00:00.000","202300786","2022-05-24","19","2023-01-27T11:51:00.000","2023-08-23T11:12:57.000","Brooklyn","81","Apartment/house","PD suspected C/V of violation/crime - bldg","No arrest made or summons issued","Substantiated (Formalized Training)"
"2023-08-28T00:00:00.000","202300767","2023-01-30","3","2023-01-30T07:41:00.000","2023-05-25T09:06:39.000","Bronx","42","Apartment/house","Report-domestic dispute","No arrest made or summons issued","Complainant Uncooperative"
"2023-08-28T00:00:00.000","202300762","2023-01-27","11","2023-01-27T12:40:00.000","2023-03-23T08:22:50.000","Manhattan","24","Commercial building","C/V requested info from officer","No arrest made or summons issued","Complainant Unavailable"
"2023-08-28T00:00:00.000","202300751","2023-01-27","9","2023-01-27T11:27:00.000","2023-03-23T08:22:49.000","Bronx","41","Street/highway","C/V intervened on behalf of/observed encounter w/3rd party","No arrest made or summons issued","Complainant Unavailable"
"2023-08-28T00:00:00.000","202300749","2023-01-19","18","2023-01-27T10:59:00.000","2023-05-25T09:06:39.000","Queens","110","Commercial building","Report of other crime","No arrest made or summons issued","Complaint Withdrawn"
"2023-08-28T00:00:00.000","202300748","2023-01-25","10","2023-01-27T10:36:00.000","2023-05-25T09:06:38.000","Staten Island","120","Street/highway","Report-gun possession/shots fired","Arrest - other violation/crime","Complainant Uncooperative"
"2023-08-28T00:00:00.000","202300745","2023-01-20","21","2023-01-27T10:26:00.000","2023-05-25T09:00:28.000","Staten Island","120","NYCHA","PD suspected C/V of violation/crime - street","Arrest - resisting arrest","Closed - Pending Litigation"
"2023-08-28T00:00:00.000","202300731","2023-01-24","12","2023-01-26T12:11:00.000","2023-03-22T10:11:22.000","Brooklyn","83",,"C/V telephoned PCT","No arrest made or summons issued","Complaint Withdrawn"
"2023-08-28T00:00:00.000","202300724","2023-01-24","10","2023-01-26T05:28:00.000","2023-03-23T08:22:45.000","Brooklyn","88","NYCHA",,"No arrest made or summons issued","Complainant Unavailable"
"2023-08-28T00:00:00.000","202300723","2022-10-10","12","2023-01-26T12:42:00.000","2023-04-19T13:05:46.000","Brooklyn","79","Police building","C/V at PCT to file complaint of crime","No arrest made or summons issued","Complainant Uncooperative"
"2023-08-28T00:00:00.000","202300721","2023-01-11",,"2023-01-26T11:10:00.000","2023-03-22T10:12:21.000","Bronx",,"Street/highway","Report of other crime","Arrest - other violation/crime","Closed - Pending Litigation"
"2023-08-28T00:00:00.000","202300718","2023-01-09","19","2023-01-26T12:40:00.000","2023-03-22T10:12:20.000","Brooklyn","70","Apartment/house","Report of other crime","No arrest made or summons issued","Closed - Pending Litigation"
"2023-08-28T00:00:00.000","202300705",,,"2023-01-26T05:24:00.000","2023-03-15T13:58:50.000","Manhattan","10","Street/highway","Other","No arrest made or summons issued","Complainant Uncooperative"
"2023-08-28T00:00:00.000","202300701","2023-01-25","16","2023-01-25T16:46:00.000","2023-05-25T09:00:28.000","Manhattan","23","Street/highway","PD suspected C/V of violation/crime - auto","No arrest made or summons issued","Complainant Uncooperative"
"2023-08-28T00:00:00.000","202300693","2023-01-09","17","2023-01-25T13:14:00.000","2023-03-23T08:22:55.000","Brooklyn","69","Residential building","Report-gun possession/shots fired","No arrest made or summons issued","Complainant Unavailable"
"2023-08-28T00:00:00.000","202300691","2023-01-04","12","2023-01-25T14:10:00.000","2023-03-22T10:12:20.000","Staten Island","122","Other","C/V telephoned PCT","No arrest made or summons issued","Complaint Withdrawn"
"2023-08-28T00:00:00.000","202300686",,,"2023-01-25T13:17:00.000","2023-03-15T13:58:28.000","Manhattan","14","Subway station/train","PD suspected C/V of violation/crime - subway","No arrest made or summons issued","Complaint Withdrawn"
"2023-08-28T00:00:00.000","202300685","2023-01-09","1","2023-01-25T13:17:00.000","2023-05-25T09:00:28.000","Brooklyn","75","Residential building","C/V requested investigation of crime","No arrest made or summons issued","Complainant Unavailable"
"2023-08-28T00:00:00.000","202300684","2023-01-12","3","2023-01-25T13:12:00.000","2023-03-23T08:22:50.000","Brooklyn","75","Police building","C/V at PCT to file complaint of crime","No arrest made or summons issued","Complainant Uncooperative"
"2023-08-28T00:00:00.000","202300682","2023-01-13","13","2023-01-25T12:38:00.000","2023-03-23T08:22:43.000","Brooklyn","60","Street/highway","Other violation of VTL","No arrest made or summons issued","Complainant Uncooperative"
"2023-08-28T00:00:00.000","202300673","2022-12-03","9","2023-01-25T10:56:00.000","2023-06-12T08:11:32.000","Manhattan","09","Other","Demonstration/protest","No arrest made or summons issued","Mediated"
"2023-08-28T00:00:00.000","202300663","2023-01-24","9","2023-01-24T12:43:00.000","2023-04-12T08:32:11.000","Brooklyn","75","Subway station/train","PD suspected C/V of violation/crime - subway","Summons - other violation/crime","Complaint Withdrawn"
"2023-08-28T00:00:00.000","202300661","2023-01-12","23","2023-01-24T15:00:00.000","2023-04-12T08:32:10.000","Bronx","46","Street/highway","PD suspected C/V of violation/crime - street","No arrest made or summons issued","Complainant Uncooperative"
"2023-08-28T00:00:00.000","202300654","2023-01-11","2","2023-01-24T12:43:00.000","2023-04-12T08:32:09.000","Bronx",,"Street/highway","Moving violation","Moving violation summons issued","Complainant Uncooperative"
"2023-08-28T00:00:00.000","202300650","2023-01-21","15","2023-01-24T13:24:00.000","2023-05-25T09:00:27.000","Brooklyn","69","Street/highway","PD suspected C/V of violation/crime - auto","Arrest - other violation/crime","Closed - Pending Litigation"
"2023-08-28T00:00:00.000","202300648","2023-01-10","23","2023-01-24T07:49:00.000","2023-05-25T09:00:27.000","Bronx","47","Street/highway","PD suspected C/V of violation/crime - street","No arrest made or summons issued","Complainant Unavailable"
"2023-08-28T00:00:00.000","202300647","2021-09-21","23","2023-01-24T12:43:00.000","2023-04-18T11:02:42.000","Bronx","47",,"C/V requested investigation of crime","No arrest made or summons issued","Unable to Determine"
"2023-08-28T00:00:00.000","202300646",,,"2023-01-24T07:45:00.000","2023-03-15T13:58:09.000","Manhattan","34","Police building","C/V at PCT to file complaint of crime","No arrest made or summons issued","Complainant Uncooperative"
"2023-08-28T00:00:00.000","202300637","2023-01-22","11","2023-01-22T12:51:00.000","2023-03-22T10:12:21.000","Queens","104","Street/highway","Other","No arrest made or summons issued","Complainant Unavailable"
"2023-08-28T00:00:00.000","202300634","2023-01-24","8","2023-01-24T09:05:00.000","2023-05-25T09:00:27.000","Manhattan","20","Street/highway","Moving violation","Moving violation summons issued","Complainant Uncooperative"
"2023-08-28T00:00:00.000","202300630",,,"2023-01-24T07:43:00.000","2023-03-15T13:58:40.000","Queens","114","Street/highway","C/V requested info from officer","No arrest made or summons issued","Victim Unidentified"
"2023-08-28T00:00:00.000","202300629","2023-01-09","17","2023-01-24T07:40:00.000","2023-05-25T09:00:27.000","Manhattan","33","Street/highway","PD suspected C/V of violation/crime - street","Arrest - other violation/crime","Complainant Unavailable"
"2023-08-28T00:00:00.000","202300619","2022-12-26","1","2023-01-05T14:48:00.000","2023-05-09T14:15:48.000","Brooklyn","69","Police building","C/V at PCT to file complaint of crime","No arrest made or summons issued","Mediated"
"2023-08-28T00:00:00.000","202300618","2023-01-10","5","2023-01-22T09:35:00.000","2023-03-22T10:12:21.000","Bronx","41","Street/highway","C/V requested investigation of crime","Parking summons issued","Complainant Uncooperative"
"2023-08-28T00:00:00.000","202300614","2023-01-10","9","2023-01-22T09:36:00.000","2023-04-12T08:32:10.000","Manhattan","28","Street/highway","PD suspected C/V of violation/crime - street","Arrest - other violation/crime","Complainant Unavailable"
"2023-08-28T00:00:00.000","202300613","2023-01-21","1","2023-01-23T15:03:00.000","2023-04-12T08:27:37.000","Bronx","46","Street/highway","PD suspected C/V of violation/crime - street","No arrest made or summons issued","Mediated"
"2023-08-28T00:00:00.000","202300611","2023-01-07",,"2023-01-22T09:34:00.000","2023-05-25T09:00:26.000","Brooklyn","73","Street/highway","PD suspected C/V of violation/crime - street","No arrest made or summons issued","Complainant Unavailable"
"2023-08-28T00:00:00.000","202300595","2023-01-19","12","2023-01-20T13:25:00.000","2023-04-12T08:27:37.000","Brooklyn","67","Apartment/house","Execution of search warrant","No arrest made or summons issued","Mediated"
"2023-08-28T00:00:00.000","202300581",,,"2023-01-22T09:35:00.000","2023-03-15T13:57:50.000","Brooklyn",,"Street/highway","Moving violation","Moving violation summons issued","Complainant Uncooperative"
"2023-08-28T00:00:00.000","202300580","2022-12-29","19","2023-01-21T12:34:00.000","2023-03-22T10:12:22.000","Brooklyn","79","Commercial building","Report of other crime","Arrest - other violation/crime","Complainant Uncooperative"
"2023-08-28T00:00:00.000","202300577","2023-01-01","15","2023-01-23T00:00:00.000","2023-03-22T10:11:22.000","Bronx","44","Street/highway","Report-domestic dispute","No arrest made or summons issued","Complainant Uncooperative"
"2023-08-28T00:00:00.000","202300574","2023-01-17","16","2023-01-21T15:22:00.000","2023-04-12T08:32:10.000","Bronx","40","Street/highway","C/V intervened on behalf of/observed encounter w/3rd party","Arrest - other violation/crime","Alleged Victim Uncooperative"
"2023-08-28T00:00:00.000","202300570","2023-01-07",,"2023-01-22T09:33:00.000","2023-05-25T09:00:26.000","Staten Island",,"Police building","Other","No arrest made or summons issued","Complainant Unavailable"
"2023-08-28T00:00:00.000","202300562","2023-01-21","1","2023-01-21T06:31:00.000","2023-05-25T09:00:26.000","Brooklyn","67","Hospital","Other","No arrest made or summons issued","Complainant Uncooperative"
"2023-08-28T00:00:00.000","202300554","2023-01-15",,"2023-01-20T13:04:00.000","2023-03-22T10:11:23.000","Bronx","49","Street/highway","Other violation of VTL","Other VTL violation summons issued","Complainant Uncooperative"
"2023-08-28T00:00:00.000","202300551","2023-01-06","11","2023-01-20T12:42:00.000","2023-03-23T08:22:53.000","Bronx","40","Subway station/train","PD suspected C/V of violation/crime - subway","Summons - disorderly conduct","Complainant Uncooperative"
"2023-08-28T00:00:00.000","202300549","2022-09-19","21","2023-01-20T12:03:00.000","2023-03-22T10:11:23.000","Staten Island","122","Apartment/house","PD suspected C/V of violation/crime - bldg","Arrest - other violation/crime","Complaint Withdrawn"
"2023-08-28T00:00:00.000","202300539","2023-01-20","8","2023-01-20T09:32:00.000","2023-03-22T10:11:24.000","Manhattan","34","Apartment/house","C/V requested investigation of crime","No arrest made or summons issued","Complaint Withdrawn"
"2023-08-28T00:00:00.000","202300535","2023-01-19","10","2023-01-20T05:45:00.000","2023-03-22T10:11:24.000","Brooklyn","75","Street/highway","Parking violation","No arrest made or summons issued","Complainant Unavailable"
"2023-08-28T00:00:00.000","202300530","2023-01-07","1","2023-01-19T14:49:00.000","2023-05-25T09:00:26.000","Manhattan","34","Street/highway","PD suspected C/V of violation/crime - auto","No arrest made or summons issued","Alleged Victim Unavailable"
"2023-08-28T00:00:00.000","202300508","2023-01-08","1","2023-01-19T12:08:00.000","2023-03-22T10:11:25.000","Brooklyn","90","Residential building","Report-domestic dispute","Arrest - resisting arrest","Complainant Unavailable"
"2023-08-28T00:00:00.000","202300507",,,"2023-01-19T12:32:00.000","2023-03-15T13:57:13.000","Bronx","52","Other","C/V telephoned PCT","No arrest made or summons issued","Complainant Unavailable"
"2023-08-28T00:00:00.000","202300506","2023-01-18","22","2023-01-19T13:09:00.000","2023-05-25T09:00:25.000","Manhattan","28","Street/highway","PD suspected C/V of violation/crime - street","Summons - other violation/crime","Complainant Uncooperative"
"2023-08-28T00:00:00.000","202300504","2023-01-05","16","2023-01-19T12:25:00.000","2023-03-22T10:11:25.000","Manhattan","24","Street/highway","CV already in custody","Arrest - OGA","Complainant Uncooperative"
"2023-08-28T00:00:00.000","202300495","2022-04-27","4","2023-01-19T11:16:00.000","2023-03-23T08:22:47.000","Queens","105","Apartment/house","C/V requested investigation of crime","No arrest made or summons issued","Complainant Uncooperative"
"2023-08-28T00:00:00.000","202300494","2023-01-19","8","2023-01-19T08:52:00.000","2023-05-25T09:00:24.000","Brooklyn","79","Subway station/train","PD suspected C/V of violation/crime - subway","No arrest made or summons issued","Complainant Unavailable"
"2023-08-28T00:00:00.000","202300491","2022-10-19",,"2023-01-18T17:47:00.000","2023-05-25T09:00:24.000","Brooklyn","69","Apartment/house","Other","Arrest - other violation/crime","Complainant Uncooperative"
"2023-08-28T00:00:00.000","202300487",,"8","2023-01-19T02:36:00.000","2023-03-16T09:18:58.000","Manhattan","28","Police building","C/V at PCT to obtain information","No arrest made or summons issued","Complainant Unavailable"
"2023-08-28T00:00:00.000","202300478","2023-01-12","17","2023-01-15T12:32:00.000","2023-05-25T09:00:24.000","Queens","110","Street/highway","Moving violation","Moving violation summons issued","Complainant Uncooperative"
"2023-08-28T00:00:00.000","202300468","2022-04-24","18","2023-01-18T15:16:00.000","2023-06-15T10:53:14.000","Manhattan","14",,,,"Unable to Determine"
"2023-08-28T00:00:00.000","202300463","2023-01-18","12","2023-01-18T12:21:00.000","2023-05-25T09:00:24.000","Queens","113","Street/highway","Parking violation","Parking summons issued","Complainant Uncooperative"
"2023-08-28T00:00:00.000","202300460","2023-01-14","23","2023-01-15T03:37:00.000","2023-03-16T15:29:39.000","Brooklyn","79","NYCHA","C/V requested info from officer","No arrest made or summons issued","Mediated"
"2023-08-28T00:00:00.000","202300459","2023-01-05","15","2023-01-18T13:23:00.000","2023-06-12T08:20:49.000","Manhattan","25","Street/highway","C/V requested investigation of crime","No arrest made or summons issued","Complainant Uncooperative"
"2023-08-28T00:00:00.000","202300452","2023-01-17","16","2023-01-18T12:39:00.000","2023-03-16T15:29:39.000","Queens","108",,"C/V telephoned PCT","No arrest made or summons issued","Mediated"
"2023-08-28T00:00:00.000","202300437","2023-01-03",,"2023-01-18T10:15:00.000","2023-06-12T08:20:49.000","Brooklyn","69","Apartment/house","Report-dispute","No arrest made or summons issued","Closed - Pending Litigation"
"2023-08-28T00:00:00.000","202300426","2023-01-06","3","2023-01-17T14:55:00.000","2023-05-25T09:00:24.000","Queens","110","Street/highway","Report-dispute","No arrest made or summons issued","Complainant Uncooperative"
"2023-08-28T00:00:00.000","202300409","2023-01-15",,"2023-01-15T03:54:00.000","2023-03-23T08:22:47.000","Bronx",,"Hospital","Other","No arrest made or summons issued","Complaint Withdrawn"
"2023-08-28T00:00:00.000","202300406","2023-01-03","22","2023-01-16T12:20:00.000","2023-06-28T09:05:39.000","Bronx","40","Apartment/house","PD suspected C/V of violation/crime - auto","Arrest - other violation/crime","Complainant Uncooperative"
"2023-08-28T00:00:00.000","202300404","2023-01-03","22","2023-01-17T10:15:00.000","2023-05-25T09:06:38.000","Brooklyn","81","Street/highway","PD suspected C/V of violation/crime - street","No arrest made or summons issued","Complaint Withdrawn"
"2023-08-28T00:00:00.000","202300402","2022-09-12",,"2023-01-17T10:15:00.000","2023-03-22T10:11:26.000","Manhattan","05","Commercial building","C/V requested investigation of crime","Arrest - other violation/crime","Complaint Withdrawn"
"2023-08-28T00:00:00.000","202300399","2023-01-03","2","2023-01-17T10:14:00.000","2023-04-12T08:32:12.000","Brooklyn","84","Hospital","CV already in custody","Arrest - other violation/crime","Complainant Uncooperative"
"2023-08-28T00:00:00.000","202300397",,,"2023-01-17T10:13:00.000","2023-03-15T13:57:36.000",,,,"Report-domestic dispute","No arrest made or summons issued","Complainant Unavailable"
"2023-08-28T00:00:00.000","202300386","2023-01-11","20","2023-01-13T18:51:00.000","2023-03-22T10:11:26.000","Brooklyn","90","Subway station/train","C/V intervened on behalf of/observed encounter w/3rd party","Arrest - OGA","Closed - Pending Litigation"
"2023-08-28T00:00:00.000","202300375","2023-01-03","19","2023-01-16T12:21:00.000","2023-03-22T10:11:27.000","Bronx","41","Street/highway","PD suspected C/V of violation/crime - auto","Arrest - other violation/crime","Complainant Uncooperative"
"2023-08-28T00:00:00.000","202300373","2023-01-04","12","2023-01-16T12:19:00.000","2023-05-25T09:00:23.000","Manhattan","19","Street/highway","Report of other crime","Arrest - other violation/crime","Closed - Pending Litigation"
"2023-08-28T00:00:00.000","202300370","2023-01-09","19","2023-01-13T15:01:00.000","2023-05-25T09:00:23.000","Brooklyn","67","Apartment/house","Report-dispute","Arrest - other violation/crime","Complainant Uncooperative"
"2023-08-28T00:00:00.000","202300365","2023-01-14","8","2023-01-14T13:09:00.000","2023-03-22T10:11:27.000","Queens",,"Subway station/train","Other","No arrest made or summons issued","Complainant Unavailable"
"2023-08-28T00:00:00.000","202300357","2022-12-23","20","2023-01-16T10:24:00.000","2023-03-23T08:22:46.000","Manhattan","14","Subway station/train","Report of other crime","No arrest made or summons issued","Victim Unidentified"
"2023-08-28T00:00:00.000","202300337","2023-01-12","6","2023-01-13T09:21:00.000","2023-03-13T15:17:36.000","Queens","102","Hospital","CV already in custody","Arrest - other violation/crime","Complainant Uncooperative"
"2023-08-28T00:00:00.000","202300326","2023-01-12","14","2023-01-12T14:11:00.000","2023-05-25T09:00:23.000","Bronx","45","Street/highway","Moving violation","No arrest made or summons issued","Complainant Unavailable"
"2023-08-28T00:00:00.000","202300325","2023-01-11","22","2023-01-11T23:50:00.000","2023-03-22T10:11:28.000","Brooklyn","67","Street/highway","Other","No arrest made or summons issued","Complainant Uncooperative"
"2023-08-28T00:00:00.000","202300316","2023-01-12","12","2023-01-12T12:41:00.000","2023-03-22T10:11:28.000","Manhattan",,"Street/highway","Other violation of VTL","No arrest made or summons issued","Complainant Uncooperative"
"2023-08-28T00:00:00.000","202300315","2023-01-11",,"2023-01-12T12:33:00.000","2023-04-12T08:32:12.000","Manhattan","24","Street/highway","Other","No arrest made or summons issued","Complainant Unavailable"
"2023-08-28T00:00:00.000","202300314","2022-12-25","13","2023-01-11T22:53:00.000","2023-03-15T13:56:30.000","Brooklyn","73","Residential building","Report of other crime","Arrest - other violation/crime","Closed - Pending Litigation"
"2023-08-28T00:00:00.000","202300313","2022-12-30","16","2023-01-12T09:49:00.000","2023-03-15T13:56:30.000","Manhattan","23","Apartment/house","Report-domestic dispute","Arrest - other violation/crime","Complaint Withdrawn"
"2023-08-28T00:00:00.000","202300311","2023-01-09","15","2023-01-11T18:10:00.000","2023-03-16T15:29:39.000","Bronx","49","Residential building","Report-dispute","No arrest made or summons issued","Mediated"
"2023-08-28T00:00:00.000","202300309","2023-01-11","20","2023-01-12T09:52:00.000","2023-03-22T10:11:28.000","Manhattan","33","Street/highway","PD suspected C/V of violation/crime - street","Arrest - assault (against a PO)","Closed - Pending Litigation"
"2023-08-28T00:00:00.000","202300307","2023-01-01","2","2023-01-12T09:48:00.000","2023-04-19T13:05:47.000","Brooklyn","90","Street/highway","Report of other crime","Arrest - resisting arrest","Complainant Uncooperative"
"2023-08-28T00:00:00.000","202300301","2023-01-11","0","2023-01-12T00:06:00.000","2023-04-19T13:05:49.000","Brooklyn","83",,"C/V telephoned PCT","No arrest made or summons issued","Complainant Unavailable"
"2023-08-28T00:00:00.000","202300299","2023-01-11","19","2023-01-12T09:36:00.000","2023-05-25T09:00:23.000","Bronx","43","Apartment/house","Report of other crime","Arrest - assault (against a PO)","Closed - Pending Litigation"
"2023-08-28T00:00:00.000","202300292","2022-12-30","2","2023-01-11T14:44:00.000","2023-03-22T10:12:19.000","Brooklyn","75","Street/highway","PD suspected C/V of violation/crime - auto","Arrest - assault (against a PO)","Closed - Pending Litigation"
"2023-08-28T00:00:00.000","202300291","2023-01-01",,"2023-01-11T14:45:00.000","2023-03-22T10:12:07.000","Manhattan","34","Commercial building","Report-dispute","No arrest made or summons issued","Complaint Withdrawn"
"2023-08-28T00:00:00.000","202300287","2023-01-04","8","2023-01-11T14:27:00.000","2023-05-25T09:00:23.000","Queens","105","Apartment/house","Execution of search warrant","Arrest - other violation/crime","Complainant Uncooperative"
"2023-08-28T00:00:00.000","202300284","2023-01-02","18","2023-01-11T12:41:00.000","2023-03-22T10:12:19.000","Queens","114","Street/highway","Report of other crime","Arrest - resisting arrest","Closed - Pending Litigation"
"2023-08-28T00:00:00.000","202300281","2023-01-01","18","2023-01-11T12:48:00.000","2023-03-15T13:56:30.000","Bronx","41","Apartment/house","Report-dispute","No arrest made or summons issued","Complainant Uncooperative"
"2023-08-28T00:00:00.000","202300280","2023-01-07","23","2023-01-11T11:12:00.000","2023-07-18T12:16:24.000","Manhattan","09","Street/highway","PD suspected C/V of violation/crime - street","Summons - other violation/crime","Unfounded"
"2023-08-28T00:00:00.000","202300272","2023-01-10","23","2023-01-11T09:36:00.000","2023-03-22T10:12:08.000","Manhattan","17","Street/highway","PD auto checkpoint","No arrest made or summons issued","Complainant Unavailable"
"2023-08-28T00:00:00.000","202300262","2023-01-01","9","2023-01-11T12:42:00.000","2023-03-15T13:56:30.000","Brooklyn","61","Street/highway","Report of other crime","No arrest made or summons issued","Complainant Uncooperative"
"2023-08-28T00:00:00.000","202300261","2023-01-03","20","2023-01-10T14:22:00.000","2023-03-15T13:56:29.000","Manhattan","05","Street/highway","Report-dispute","No arrest made or summons issued","Complaint Withdrawn"
"2023-08-28T00:00:00.000","202300246","2022-11-21","18","2023-01-09T13:43:00.000","2023-03-15T13:56:29.000","Bronx","43","Street/highway","Report-possession/sale of narcotics","Arrest - other violation/crime","Closed - Pending Litigation"
"2023-08-28T00:00:00.000","202300243",,,"2023-01-10T05:16:00.000","2023-03-15T13:56:52.000","Staten Island","120","Residential building","C/V requested investigation of crime","No arrest made or summons issued","Complaint Withdrawn"
"2023-08-28T00:00:00.000","202300242",,,"2023-01-09T04:03:00.000","2023-06-12T08:04:25.000","Brooklyn","75","Apartment/house","Other","No arrest made or summons issued","Officer(s) Unidentified"
"2023-08-28T00:00:00.000","202300241","2023-01-09","19","2023-01-10T09:23:00.000","2023-03-22T10:12:08.000","Bronx","42","Street/highway","PD suspected C/V of violation/crime - street","Summons - disorderly conduct","Closed - Pending Litigation"
"2023-08-28T00:00:00.000","202300239","2022-12-30","8","2023-01-10T11:08:00.000","2023-03-15T13:56:29.000","Queens","103","Police building","Report-dispute","No arrest made or summons issued","Complaint Withdrawn"
"2023-08-28T00:00:00.000","202300232","2022-12-28","19","2023-01-09T11:48:00.000","2023-03-13T15:17:35.000","Bronx","41","Police building","CV already in custody","Arrest - other violation/crime","Complainant Unavailable"
"2023-08-28T00:00:00.000","202300231","2022-12-28","19","2023-01-09T11:46:00.000","2023-03-22T10:12:09.000","Staten Island",,"Street/highway","PD suspected C/V of violation/crime - auto","Arrest - other violation/crime","Complainant Uncooperative"
"2023-08-28T00:00:00.000","202300230","2022-12-30","4","2023-01-09T11:10:00.000","2023-05-25T09:00:22.000","Bronx","52","Street/highway","Other","No arrest made or summons issued","Complainant Unavailable"
"2023-08-28T00:00:00.000","202300226","2022-09-21","13","2022-12-07T10:02:00.000","2023-07-17T15:29:38.000","Brooklyn","61","Police building","C/V at PCT to obtain information","No arrest made or summons issued","Officer(s) Unidentified"
"2023-08-28T00:00:00.000","202300223","2022-12-07","23","2023-01-09T15:09:00.000","2023-03-16T15:37:23.000","Manhattan","09","Street/highway","Other","No arrest made or summons issued","Closed - Pending Litigation"
"2023-08-28T00:00:00.000","202300215","2022-12-31","18","2023-01-09T11:36:00.000","2023-04-12T08:32:13.000","Manhattan","28","Subway station/train","PD suspected C/V of violation/crime - subway","Arrest - other violation/crime","Closed - Pending Litigation"
"2023-08-28T00:00:00.000","202300213","2023-01-01","14","2023-01-09T03:25:00.000","2023-03-23T08:22:46.000","Brooklyn","75","Street/highway","Report-dispute","Arrest - other violation/crime","Closed - Pending Litigation"
"2023-08-28T00:00:00.000","202300212","2023-01-07","14","2023-01-07T22:27:00.000","2023-05-25T09:00:22.000","Brooklyn","60","NYCHA","Report of other crime","Arrest - other violation/crime","Closed - Pending Litigation"
"2023-08-28T00:00:00.000","202300208","2021-11-__","20","2021-11-22T19:11:00.000","2023-03-27T14:08:43.000","Queens","103","Police building","C/V telephoned PCT","No arrest made or summons issued","Officer(s) Unidentified"
"2023-08-28T00:00:00.000","202300204","2023-01-04","7","2023-01-09T11:17:00.000","2023-05-25T13:41:38.000","Brooklyn","69","Apartment/house","Execution of arrest/bench warrant","No arrest made or summons issued","Complainant Uncooperative"
"2023-08-28T00:00:00.000","202300202","2023-01-06","14","2023-01-06T19:47:00.000","2023-03-13T15:17:26.000","Manhattan","19","Subway station/train","PD suspected C/V of violation/crime - subway","No arrest made or summons issued","Complaint Withdrawn"
"2023-08-28T00:00:00.000","202300187","2023-01-05","12","2023-01-07T00:05:00.000","2023-03-22T10:12:09.000","Brooklyn",,"Street/highway","Traffic accident","No arrest made or summons issued","Alleged Victim Uncooperative"
"2023-08-28T00:00:00.000","202300185","2023-01-07","12","2023-01-07T02:30:00.000","2023-03-22T10:12:10.000","Queens","105","Apartment/house","Report-dispute","No arrest made or summons issued","Complainant Uncooperative"
"2023-08-28T00:00:00.000","202300184","2023-01-06","12","2023-01-06T18:25:00.000","2023-03-15T13:56:29.000","Bronx","49","Street/highway","Other violation of VTL","Other VTL violation summons issued","Complaint Withdrawn"
"2023-08-28T00:00:00.000","202300172","2021-12-01","16","2023-01-03T00:00:00.000","2023-05-03T13:35:04.000","Manhattan","28","Apartment/house","EDP aided case","No arrest made or summons issued","Unfounded"
"2023-08-28T00:00:00.000","202300170","2022-11-05","23","2023-01-06T14:04:00.000","2023-04-12T08:32:14.000","Bronx","44","Apartment/house","Report-dispute","Arrest - assault (against a PO)","Complainant Uncooperative"
"2023-08-28T00:00:00.000","202300162","2023-01-06","9","2023-01-06T11:02:00.000","2023-03-16T15:29:40.000","Manhattan","14","Subway station/train","PD suspected C/V of violation/crime - subway","No arrest made or summons issued","Mediated"
"2023-08-28T00:00:00.000","202300147","2022-12-27","18","2023-01-05T15:21:00.000","2023-03-22T10:12:11.000","Bronx","42","Apartment/house","Report-domestic dispute","No arrest made or summons issued","Complainant Uncooperative"
"2023-08-28T00:00:00.000","202300141","2023-01-03","17","2023-01-05T15:18:00.000","2023-06-28T09:05:39.000","Queens","101","Street/highway","PD suspected C/V of violation/crime - bldg","Arrest - other violation/crime","Closed - Pending Litigation"
"2023-08-28T00:00:00.000","202300140","2022-11-01",,"2023-01-05T15:19:00.000","2023-03-15T13:56:28.000","Brooklyn","84","Street/highway","Parking violation","Parking summons issued","Complainant Uncooperative"
"2023-08-28T00:00:00.000","202300133","2023-01-03","8","2023-01-03T08:47:00.000","2023-03-22T10:12:12.000","Staten Island",,"Apartment/house","Execution of arrest/bench warrant","No arrest made or summons issued","Complainant Unavailable"
"2023-08-28T00:00:00.000","202300132","2022-12-31","4","2023-01-05T10:02:00.000","2023-03-22T10:12:12.000","Bronx","42","Street/highway","C/V intervened on behalf of/observed encounter w/3rd party","No arrest made or summons issued","Complainant Unavailable"
"2023-08-28T00:00:00.000","202300123",,"11","2023-01-05T10:50:00.000","2023-07-25T11:06:56.000","Staten Island","123","Police building","C/V telephoned PCT","No arrest made or summons issued","Within NYPD Guidelines"
"2023-08-28T00:00:00.000","202300120","2023-01-05","11","2023-01-05T11:57:00.000","2023-03-22T10:12:13.000","Queens","103","Street/highway","Moving violation","No arrest made or summons issued","Complainant Unavailable"
"2023-08-28T00:00:00.000","202300102",,,"2023-01-02T15:27:00.000","2023-03-13T15:17:28.000",,,"Other","C/V requested investigation of crime","No arrest made or summons issued","Complainant Unavailable"
"2023-08-28T00:00:00.000","202300100","2023-01-04","12","2023-01-04T13:13:00.000","2023-03-13T15:17:28.000","Brooklyn","67","Street/highway","Other violation of VTL","No arrest made or summons issued","Complainant Unavailable"
"2023-08-28T00:00:00.000","202300096","2022-12-02",,"2023-01-04T13:20:00.000","2023-04-12T08:32:14.000",,,,"C/V telephoned PCT","No arrest made or summons issued","Complainant Uncooperative"
"2023-08-28T00:00:00.000","202300092","2022-12-23","11","2023-01-04T09:45:00.000","2023-03-23T08:22:55.000","Bronx","46","Commercial building","Report of other crime","Arrest - other violation/crime","Closed - Pending Litigation"
"2023-08-28T00:00:00.000","202300088","2023-01-04","5","2023-01-04T10:57:00.000","2023-03-13T15:17:32.000","Manhattan","33","Residential building","Report of other crime","No arrest made or summons issued","Complainant Unavailable"
"2023-08-28T00:00:00.000","202300079","2022-11-__",,"2023-01-04T11:48:00.000","2023-05-25T08:36:46.000","Manhattan","25","Apartment/house","C/V requested investigation of crime","No arrest made or summons issued","Complainant Uncooperative"
"2023-08-28T00:00:00.000","202300061","2022-12-23","10","2023-01-03T12:11:00.000","2023-03-13T15:17:29.000","Queens","108","Apartment/house","Report-domestic dispute","No arrest made or summons issued","Complaint Withdrawn"
"2023-08-28T00:00:00.000","202300058","2022-09-08","20","2022-10-14T16:45:00.000","2023-07-17T15:30:03.000","Bronx","50","Street/highway","PD suspected C/V of violation/crime - auto","Summons - other violation/crime","Miscellaneous - Subject Resigned"
"2023-08-28T00:00:00.000","202300054","2022-12-17","18","2023-01-03T12:11:00.000","2023-03-15T13:56:28.000","Brooklyn","84","Street/highway","Report-gun possession/shots fired","Parking summons issued","Complainant Uncooperative"
"2023-08-28T00:00:00.000","202300049","2023-01-03","15","2023-01-03T15:53:00.000","2023-03-13T15:18:36.000","Brooklyn","60","Police building","C/V at PCT to obtain information","No arrest made or summons issued","Complaint Withdrawn"
"2023-08-28T00:00:00.000","202300047","2023-01-02","16","2023-01-03T12:13:00.000","2023-03-13T15:17:31.000","Manhattan",,,"C/V requested investigation of crime","No arrest made or summons issued","Alleged Victim Unavailable"
"2023-08-28T00:00:00.000","202300046","2022-12-21","14","2023-01-03T12:06:00.000","2023-03-22T10:12:14.000","Bronx","47","Street/highway","CV already in custody","Arrest - other violation/crime","Complainant Uncooperative"
"2023-08-28T00:00:00.000","202300044","2022-12-21","11","2023-01-03T12:00:00.000","2023-03-22T10:12:14.000","Manhattan","34","Street/highway","Report-gun possession/shots fired","Arrest - other violation/crime","Closed - Pending Litigation"
"2023-08-28T00:00:00.000","202300043","2022-12-20","16","2023-01-03T11:58:00.000","2023-03-22T10:12:14.000","Bronx","44","Police vehicle","CV already in custody","Arrest - assault (against a PO)","Complainant Unavailable"
"2023-08-28T00:00:00.000","202300041","2022-12-22","13","2023-01-03T12:00:00.000","2023-03-22T10:12:15.000","Manhattan","07","NYCHA","Report-gun possession/shots fired","Arrest - other violation/crime","Complainant Uncooperative"
"2023-08-28T00:00:00.000","202300036","2022-12-20","19","2023-01-03T11:59:00.000","2023-03-15T13:56:28.000","Queens","102","Street/highway","Report of other crime","No arrest made or summons issued","Complaint Withdrawn"
"2023-08-28T00:00:00.000","202300035","2022-12-22",,"2023-01-03T11:55:00.000","2023-03-13T15:17:26.000","Bronx","44","Street/highway","PD suspected C/V of violation/crime - street","No arrest made or summons issued","Complainant Uncooperative"
"2023-08-28T00:00:00.000","202300033","2022-12-21","1","2023-01-03T12:08:00.000","2023-03-22T10:12:15.000","Queens","109","Street/highway","Report-gun possession/shots fired","Arrest - other violation/crime","Closed - Pending Litigation"
"2023-08-28T00:00:00.000","202300031","2022-12-19","7","2023-01-03T11:55:00.000","2023-03-15T13:56:28.000","Brooklyn","75","Police building","CV already in custody","Arrest - other violation/crime","Complainant Unavailable"
"2023-08-28T00:00:00.000","202300027","2022-12-30","23","2023-01-03T11:54:00.000","2023-03-15T13:56:27.000","Brooklyn","70","Street/highway","Moving violation","Moving violation summons issued","Complainant Uncooperative"
"2023-08-28T00:00:00.000","202300023","2022-12-14",,"2023-01-03T11:59:00.000","2023-03-13T15:17:37.000","Brooklyn","67","Apartment/house","No contact","No arrest made or summons issued","Complaint Withdrawn"
"2023-08-28T00:00:00.000","202300022","2022-12-28","23","2022-12-31T22:20:00.000","2023-04-12T08:32:14.000","Queens","105","Hospital","Report-dispute","No arrest made or summons issued","Closed - Pending Litigation"
"2023-08-28T00:00:00.000","202300018","2023-01-01","2","2023-01-03T10:02:00.000","2023-03-13T15:17:41.000","Manhattan","18","Street/highway","Other","No arrest made or summons issued","Complainant Unavailable"
"2023-08-28T00:00:00.000","202300012","2022-12-31","23","2022-12-31T23:57:00.000","2023-03-22T10:12:15.000","Manhattan","07","Street/highway","Report of other crime","Arrest - other violation/crime","Closed - Pending Litigation"
"2023-08-28T00:00:00.000","202300010","2022-12-31","23","2023-01-01T09:44:00.000","2023-04-12T08:27:37.000","Manhattan","14","Commercial building","Report-dispute","No arrest made or summons issued","Mediated"
"2023-08-28T00:00:00.000","202300006","2022-12-30","20","2022-12-30T13:32:00.000","2023-03-15T13:56:27.000","Manhattan","13","Park",,"Summons - other violation/crime","Complaint Withdrawn"
"2023-08-28T00:00:00.000","202208891","2022-12-30","3","2022-12-30T04:08:00.000","2023-03-22T10:12:16.000","Queens","103","Street/highway","Other",,"Closed - Pending Litigation"
"2023-08-28T00:00:00.000","202208888","2022-12-29","18","2022-12-30T10:17:00.000","2023-05-25T08:36:46.000","Bronx",,"Street/highway","PD suspected C/V of violation/crime - auto","No arrest made or summons issued","Alleged Victim Uncooperative"
"2023-08-28T00:00:00.000","202208882","2022-12-29","13","2022-12-29T18:29:00.000","2023-07-18T12:16:24.000","Queens","112","Street/highway","Moving violation","Moving violation summons issued","Unfounded"
"2023-08-28T00:00:00.000","202208879","2022-12-28","12","2022-12-29T14:24:00.000","2023-03-13T15:17:31.000","Brooklyn","84","Street/highway","C/V requested info from officer","No arrest made or summons issued","Complainant Uncooperative"
"2023-08-28T00:00:00.000","202208876","2022-09-28","0","2022-12-28T20:10:00.000","2023-03-13T15:17:31.000","Manhattan","32","Street/highway","C/V requested investigation of crime","No arrest made or summons issued","Complainant Uncooperative"
"2023-08-28T00:00:00.000","202208865","2022-10-18","16","2022-12-28T13:38:00.000","2023-03-13T15:17:32.000","Manhattan","32","Street/highway","Report-dispute","Arrest - other violation/crime","Complainant Uncooperative"
"2023-08-28T00:00:00.000","202208859","2022-12-27","22","2022-12-28T20:08:00.000","2023-03-22T10:12:16.000","Manhattan","13","Street/highway","PD suspected C/V of violation/crime - street","No arrest made or summons issued","Complainant Unavailable"
"2023-08-28T00:00:00.000","202208855","2022-12-27","19","2022-12-28T11:45:00.000","2023-03-23T08:22:54.000","Bronx","47","Street/highway","PD suspected C/V of violation/crime - auto","No arrest made or summons issued","Closed - Pending Litigation"
"2023-08-28T00:00:00.000","202208852","2022-12-24","14","2022-12-24T20:10:00.000","2023-03-22T10:12:17.000","Brooklyn","78","Public space/building",,"No arrest made or summons issued","Complaint Withdrawn"
"2023-08-28T00:00:00.000","202208847","2022-12-13","13","2022-12-28T23:10:00.000","2023-03-22T10:12:18.000","Brooklyn","72","Street/highway","PD auto checkpoint","Arrest - other violation/crime","Complainant Unavailable"
"2023-08-28T00:00:00.000","202208840","2022-11-07","14","2022-12-28T11:53:00.000","2023-03-23T08:22:53.000","Brooklyn","68","Street/highway","Report-dispute","Arrest - other violation/crime","Complainant Uncooperative"
"2023-08-28T00:00:00.000","202208828","2022-07-02","13","2022-12-28T11:06:00.000","2023-05-25T08:36:46.000","Manhattan","33","Street/highway","PD suspected C/V of violation/crime - auto","Arrest - other violation/crime","Complainant Uncooperative"
"2023-08-28T00:00:00.000","202208825","2022-12-28","10","2022-12-28T10:44:00.000","2023-03-22T10:11:29.000","Brooklyn","66","Street/highway","PD suspected C/V of violation/crime - street","No arrest made or summons issued","Complainant Uncooperative"
"2023-08-28T00:00:00.000","202208822","2022-12-20","12","2022-12-27T13:13:00.000","2023-03-15T13:56:27.000","Queens","108","Street/highway","PD suspected C/V of violation/crime - auto","Summons - other violation/crime","Complainant Unavailable"
"2023-08-28T00:00:00.000","202208819","2022-11-14","23","2022-12-27T16:14:00.000","2023-07-17T15:30:07.000","Brooklyn","78","Apartment/house","Report-domestic dispute","No arrest made or summons issued","Miscellaneous - Subject Retired"
"2023-08-28T00:00:00.000","202208814","2022-12-19","1","2022-12-27T15:16:00.000","2023-03-22T10:12:19.000","Bronx","43","NYCHA","Report-domestic dispute","Arrest - other violation/crime","Alleged Victim Unavailable"
"2023-08-28T00:00:00.000","202208813","2022-12-18","17","2022-12-27T14:21:00.000","2023-03-15T13:56:26.000","Brooklyn","88","Subway station/train","PD suspected C/V of violation/crime - subway","No arrest made or summons issued","Complainant Unavailable"
"2023-08-28T00:00:00.000","202208807","2022-12-17","10","2022-12-27T11:18:00.000","2023-03-15T13:56:26.000","Brooklyn","75","NYCHA","Report-dispute","Arrest - assault (against a PO)","Closed - Pending Litigation"
"2023-08-28T00:00:00.000","202208804","2022-12-17","22","2022-12-27T11:18:00.000","2023-03-22T10:11:29.000","Bronx","44","Residential building","PD suspected C/V of violation/crime - street","Arrest - other violation/crime","Closed - Pending Litigation"
"2023-08-28T00:00:00.000","202208791","2022-12-14","1","2022-12-27T11:26:00.000","2023-03-22T10:10:52.000","Brooklyn","81","Police building","Report of other crime","Arrest - other violation/crime","Alleged Victim Unavailable"
"2023-08-28T00:00:00.000","202208790","2022-12-16","21","2022-12-27T11:16:00.000","2023-03-13T15:17:34.000","Bronx","42","Apartment/house","Execution of search warrant","No arrest made or summons issued","Complainant Uncooperative"
"2023-08-28T00:00:00.000","202208787","2022-12-23","13","2022-12-25T07:57:00.000","2023-03-16T15:29:40.000","Queens","113","Police building","C/V at PCT to file complaint of crime","No arrest made or summons issued","Mediated"
"2023-08-28T00:00:00.000","202208774","2022-12-25","14","2022-12-26T08:08:00.000","2023-03-15T13:56:25.000","Staten Island","120","Police building","Report-dispute","No arrest made or summons issued","Complainant Uncooperative"
"2023-08-28T00:00:00.000","202208772","2022-12-20","19","2022-12-22T21:11:00.000","2023-03-13T15:17:28.000","Queens","104","Apartment/house","Report-dispute","Arrest - other violation/crime","Closed - Pending Litigation"
"2023-08-28T00:00:00.000","202208768","2022-12-17","22","2022-12-23T12:35:00.000","2023-03-13T15:18:36.000","Manhattan","24","Residential building","Report of other crime","Arrest - other violation/crime","Closed - Pending Litigation"
"2023-08-28T00:00:00.000","202208767","2022-12-22","0","2022-12-22T16:52:00.000","2023-03-16T15:29:40.000","Brooklyn","77","Apartment/house","Report-domestic dispute","No arrest made or summons issued","Mediated"
"2023-08-28T00:00:00.000","202208760","2021-11-17","6","2022-12-14T10:51:00.000","2023-05-03T13:35:03.000","Brooklyn","63","Residential building","Aided case","No arrest made or summons issued","Within NYPD Guidelines"
"2023-08-28T00:00:00.000","202208754","2022-12-12",,"2022-12-22T09:19:00.000","2023-03-22T10:10:53.000","Bronx","42","Apartment/house","Report of other crime","Arrest - other violation/crime","Complainant Unavailable"
"2023-08-28T00:00:00.000","202208753","2022-12-15","8","2022-12-22T09:35:00.000","2023-03-16T15:29:41.000","Queens","106","Street/highway","Traffic accident","No arrest made or summons issued","Mediated"
"2023-08-28T00:00:00.000","202208737","2022-12-14","21","2022-12-22T09:20:00.000","2023-06-12T08:20:51.000","Manhattan","18","Commercial building","Report-dispute","No arrest made or summons issued","Complainant Uncooperative"
"2023-08-28T00:00:00.000","202208735","2022-12-20","23","2022-12-21T17:17:00.000","2023-03-13T15:17:33.000","Manhattan","34","Residential building","Other","No arrest made or summons issued","Complainant Unavailable"
"2023-08-28T00:00:00.000","202208732","2022-12-17","0","2022-12-22T09:32:00.000","2023-03-22T10:10:54.000","Manhattan","05","Police building","CV already in custody","Arrest - other violation/crime","Complainant Unavailable"
"2023-08-28T00:00:00.000","202208726","2022-12-21","21","2022-12-22T10:08:00.000","2023-03-22T10:10:54.000","Brooklyn","71","Street/highway","Moving violation","Moving violation summons issued","Closed - Pending Litigation"
"2023-08-28T00:00:00.000","202208719","2022-08-__",,"2022-12-21T15:46:00.000","2023-03-16T15:29:41.000","Brooklyn","69","Other","C/V at PCT to file complaint of crime","No arrest made or summons issued","Mediated"
"2023-08-28T00:00:00.000","202208716","2022-11-18","20","2022-12-21T13:38:00.000","2023-03-15T13:56:25.000","Brooklyn","88","NYCHA","PD suspected C/V of violation/crime - street","No arrest made or summons issued","Complainant Uncooperative"
"2023-08-28T00:00:00.000","202208712","2022-04-15","20","2022-12-21T11:15:00.000","2023-08-21T13:26:19.000","Staten Island",,"Street/highway","EDP aided case","No arrest made or summons issued","Substantiated (Command Discipline A)"
"2023-08-28T00:00:00.000","202208711","2022-10-10","10","2022-10-17T11:48:00.000","2023-03-23T08:38:59.000","Bronx","52","Police building","C/V at PCT to obtain information","No arrest made or summons issued","Officer(s) Unidentified"
"2023-08-28T00:00:00.000","202208704",,,"2022-12-21T11:09:00.000","2023-03-13T15:17:35.000",,,,"PD telephones CV","No arrest made or summons issued","Alleged Victim Uncooperative"
"2023-08-28T00:00:00.000","202208701","2022-__-__",,"2022-12-21T12:10:00.000","2023-03-16T09:35:46.000",,,"Apartment/house","Other","No arrest made or summons issued","Complainant Uncooperative"
"2023-08-28T00:00:00.000","202208699","2022-06-15","20","2022-12-21T11:04:00.000","2023-06-12T08:04:50.000","Queens","115",,"Moving violation","Moving violation summons issued","Miscellaneous - Subject Retired"
"2023-08-28T00:00:00.000","202208696","2022-12-11","0","2022-12-21T11:13:00.000","2023-03-15T13:56:25.000","Queens","106","Street/highway","Traffic accident","No arrest made or summons issued","Complainant Uncooperative"
"2023-08-28T00:00:00.000","202208695","2022-12-09","14","2022-12-21T11:19:00.000","2023-03-22T10:10:55.000","Bronx","43","Street/highway","PD suspected C/V of violation/crime - auto","Arrest - other violation/crime","Complainant Uncooperative"
"2023-08-28T00:00:00.000","202208690","2022-04-26","19","2022-12-21T11:47:00.000","2023-07-26T15:57:44.000","Bronx","42","Street/highway","PD suspected C/V of violation/crime - street","No arrest made or summons issued","Substantiated (Charges)"
"2023-08-28T00:00:00.000","202208686","2022-12-15","16","2022-12-17T10:05:00.000","2023-03-22T10:10:55.000","Queens","105","Residential building","EDP aided case","No arrest made or summons issued","Complainant Uncooperative"
"2023-08-28T00:00:00.000","202208684","2022-12-21","10","2022-12-21T11:04:00.000","2023-04-12T08:32:15.000","Staten Island","120","Street/highway","Moving violation","Moving violation summons issued","Complainant Uncooperative"
"2023-08-28T00:00:00.000","202208673","2022-11-15","23","2022-12-20T08:17:00.000","2023-03-13T15:17:35.000","Brooklyn","90","Street/highway","Other","No arrest made or summons issued","Complainant Unavailable"
"2023-08-28T00:00:00.000","202208672","2022-12-15","11","2022-12-21T12:55:00.000","2023-03-16T15:37:09.000","Bronx","48","Street/highway","Report of other crime","Arrest - other violation/crime","Complainant Unavailable"
"2023-08-28T00:00:00.000","202208655","2022-12-20","10","2022-12-20T10:20:00.000","2023-03-15T13:56:24.000","Brooklyn","61","Other","Report-noise/disturbance","No arrest made or summons issued","Complaint Withdrawn"
"2023-08-28T00:00:00.000","202208648","2022-12-18","1","2022-12-20T04:52:00.000","2023-03-14T14:00:09.000","Brooklyn","71","Street/highway","PD suspected C/V of violation/crime - street","Arrest - resisting arrest","Closed - Pending Litigation"
"2023-08-28T00:00:00.000","202208640","2022-12-07","8","2022-12-19T12:34:00.000","2023-03-16T15:37:10.000","Manhattan","09","Street/highway","PD suspected C/V of violation/crime - street","No arrest made or summons issued","Complainant Unavailable"
"2023-08-28T00:00:00.000","202208639","2022-12-08",,"2022-12-19T15:16:00.000","2023-05-25T09:06:37.000","Brooklyn","94","Apartment/house","C/V telephoned PCT","No arrest made or summons issued","Complaint Withdrawn"
"2023-08-28T00:00:00.000","202208638","2022-12-18","20","2022-12-19T10:30:00.000","2023-06-12T08:11:32.000","Bronx","46","Street/highway","PD suspected C/V of violation/crime - street","No arrest made or summons issued","Mediated"
"2023-08-28T00:00:00.000","202208635","2022-12-14","18","2022-12-19T12:57:00.000","2023-03-13T15:18:28.000","Brooklyn","62","Other","C/V telephoned PCT","No arrest made or summons issued","Complaint Withdrawn"
"2023-08-28T00:00:00.000","202208620","2022-12-15","18","2022-12-17T16:32:00.000","2023-03-13T15:17:45.000","Brooklyn","75","Street/highway","Report-domestic dispute","Arrest - other violation/crime","Closed - Pending Litigation"
"2023-08-28T00:00:00.000","202208610","2022-12-16","18","2022-12-19T10:55:00.000","2023-04-19T13:05:49.000","Bronx","44","Street/highway","PD suspected C/V of violation/crime - auto","Arrest - other violation/crime","Closed - Pending Litigation"
"2023-08-28T00:00:00.000","202208607","2022-12-16","20","2022-12-17T13:29:00.000","2023-03-13T15:17:39.000","Brooklyn","75","Street/highway","PD suspected C/V of violation/crime - street","Arrest - other violation/crime","Complainant Unavailable"
"2023-08-28T00:00:00.000","202208605","2022-12-16","23","2022-12-19T09:44:00.000","2023-03-13T15:17:38.000","Brooklyn","83","Police building","Other","No arrest made or summons issued","Complainant Uncooperative"
"2023-08-28T00:00:00.000","202208596","2022-12-14","21","2022-12-16T15:47:00.000","2023-03-14T14:00:10.000","Queens","103","Street/highway","Traffic accident","Arrest - other violation/crime","Closed - Pending Litigation"
"2023-08-28T00:00:00.000","202208575","2022-12-07","11","2022-12-15T15:23:00.000","2023-03-15T13:56:23.000","Brooklyn","61","Apartment/house","Aided case","No arrest made or summons issued","Complainant Uncooperative"
"2023-08-28T00:00:00.000","202208573","2022-01-25","22","2022-12-15T14:17:00.000","2023-05-24T11:49:16.000","Queens","103","Street/highway","PD suspected C/V of violation/crime - street","Arrest - other violation/crime","Unable to Determine"
"2023-08-28T00:00:00.000","202208557","2022-12-15","10","2022-12-15T11:35:00.000","2023-03-15T13:56:23.000","Brooklyn","78","Street/highway","Moving violation","Moving violation summons issued","Complainant Uncooperative"
"2023-08-28T00:00:00.000","202208550","2022-12-14","20","2022-12-14T21:18:00.000","2023-03-15T13:56:23.000","Manhattan","33","Residential building",,"No arrest made or summons issued","Complainant Uncooperative"
"2023-08-28T00:00:00.000","202208533","2022-12-07","20","2022-12-14T12:20:00.000","2023-03-13T15:18:29.000","Manhattan","32","Residential building","EDP aided case","Arrest - resisting arrest","Closed - Pending Litigation"
"2023-08-28T00:00:00.000","202208519","2022-12-14","0","2022-12-14T09:11:00.000","2023-03-13T15:17:27.000","Brooklyn","73","Police building","PD suspected C/V of violation/crime - subway","Arrest - other violation/crime","Closed - Pending Litigation"
"2023-08-28T00:00:00.000","202208518","2022-12-02","6","2022-12-13T19:12:00.000","2023-03-13T15:17:44.000","Brooklyn","63","Street/highway","Other violation of VTL","Other VTL violation summons issued","Complainant Uncooperative"
"2023-08-28T00:00:00.000","202208513","2022-11-21","17","2022-12-13T14:22:00.000","2023-03-13T15:17:27.000","Queens","107","Apartment/house","Report-domestic dispute","Arrest - OGA","Alleged Victim Unavailable"
"2023-08-28T00:00:00.000","202208509","2022-12-02","19","2022-12-13T14:21:00.000","2023-06-12T08:20:49.000","Queens","102","Street/highway","Other violation of VTL","Arrest - other violation/crime","Closed - Pending Litigation"
"2023-08-28T00:00:00.000","202208507","2022-12-04","23","2022-12-13T14:18:00.000","2023-04-12T08:32:16.000","Brooklyn","67","Subway station/train","PD suspected C/V of violation/crime - subway","Arrest - other violation/crime","Complaint Withdrawn"
"2023-08-28T00:00:00.000","202208504","2022-12-04","13","2022-12-13T14:17:00.000","2023-03-13T15:17:47.000","Brooklyn","69","NYCHA","Report-domestic dispute","Arrest - other violation/crime","Complaint Withdrawn"
"2023-08-28T00:00:00.000","202208502","2022-12-05","3","2022-12-13T14:20:00.000","2023-04-19T13:05:48.000","Brooklyn","67","Police building","CV already in custody","Arrest - other violation/crime","Complainant Unavailable"
