uid,name,cat_L1,cat_L2,province,city,area,address,street_id,detail,child_num,loc_lng,loc_lat,telephone,type,detail_url,price,shop_hours,overall_rating,taste_rating,service_rating,environment_rating,facility_rating,hygiene_rating,technology_rating,image_num,comment_num,groupon_num,discount_num,favorite_num,checkin_num,brand,content_tag,naviloc_lng,naviloc_lat,child_num
2388ad4ff8dedf8079b55ce9,青岛滨海学院附属医院,医疗,综合医院,山东省,青岛市,黄岛区,山东省青岛市黄岛区海崖路689号,,1,1,120.01424,35.808377,(0532)58787888,hospital,http://api.map.baidu.com/place/detail?uid=2388ad4ff8dedf8079b55ce9&output=html&source=placeapi_v2,,"08:30-12:00,14:30-17:30",,,,,,,,0,1,,,,,,,120.01586012082,35.808483281018,1
f3be46c8f70c89937ec87657,青岛黄岛康福医院,医疗,综合医院,山东省,青岛市,黄岛区,山东省青岛市黄岛区寨子山路389号,f3be46c8f70c89937ec87657,1,0,119.988699,35.848784,,hospital,http://api.map.baidu.com/place/detail?uid=f3be46c8f70c89937ec87657&output=html&source=placeapi_v2,,,,,,,,,,1,,,,,,,,119.98859830478,35.848735560892,0
dedb6d561d6b1fcb80a00c94,青岛黄岛恒昌医院,医疗,综合医院,山东省,青岛市,黄岛区,青岛市黄岛区海滨二路627号,dedb6d561d6b1fcb80a00c94,1,1,119.98755,35.868666,(0532)88191836,hospital,http://api.map.baidu.com/place/detail?uid=dedb6d561d6b1fcb80a00c94&output=html&source=placeapi_v2,,,0,,,,,,,9,0,,,,,,,119.98749075068,35.868454370575,1
4bc17f20d18056dfadb22aaf,泰和仁康医院,医疗,综合医院,山东省,青岛市,黄岛区,双珠路1256号,4bc17f20d18056dfadb22aaf,1,0,120.026459,35.878537,(0532)87188989,hospital,http://api.map.baidu.com/place/detail?uid=4bc17f20d18056dfadb22aaf&output=html&source=placeapi_v2,,,0,,,,,,,6,0,,,,,,,120.02648902792,35.878596891521,0
460bfcd9b84f3b6c85420e4f,青岛市黄岛区第二中医医院,医疗,综合医院,山东省,青岛市,黄岛区,青岛市黄岛区中原街333号,460bfcd9b84f3b6c85420e4f,1,5,119.986959,35.883913,(0532)88181110,hospital,http://api.map.baidu.com/place/detail?uid=460bfcd9b84f3b6c85420e4f&output=html&source=placeapi_v2,,,,,,,,,,4,,,,,,,,119.98774521419,35.88423952345,5
cc69516ed6d4a44a2811d1dc,黄岛洪强医院,医疗,综合医院,山东省,青岛市,黄岛区,山东省青岛市黄岛区水灵山路599号,cc69516ed6d4a44a2811d1dc,1,2,120.017024,35.890383,,hospital,http://api.map.baidu.com/place/detail?uid=cc69516ed6d4a44a2811d1dc&output=html&source=placeapi_v2,,00:00-24:00,0,,,,,,,3,0,,,,,,,120.0171194643,35.890120603586,2
d7fd2ad3bbbfcc550bccdd64,青岛黄岛琅琊台医院,医疗,综合医院,山东省,青岛市,黄岛区,青岛市黄岛区琅琊台路198号,d7fd2ad3bbbfcc550bccdd64,1,1,120.00249,35.892085,(0532)86151357,hospital,http://api.map.baidu.com/place/detail?uid=d7fd2ad3bbbfcc550bccdd64&output=html&source=placeapi_v2,,00:00-24:00,0,,,,,,,3,0,,,,,,,120.00243999794,35.891974351929,1
844a750e182a0ba0636858a8,青岛康都医院,医疗,综合医院,山东省,青岛市,黄岛区,水灵山路158号,844a750e182a0ba0636858a8,1,2,120.017087,35.882396,(0532)85173456,hospital,http://api.map.baidu.com/place/detail?uid=844a750e182a0ba0636858a8&output=html&source=placeapi_v2,,,0,,,,,,,3,0,,,,,,,120.01767645414,35.882423753122,2
3cce3faad4a33c2c5f17c382,青岛黄岛灵山湾医院,医疗,综合医院,山东省,青岛市,黄岛区,青岛市黄岛区黄岛街道海南路121号,3cce3faad4a33c2c5f17c382,1,2,120.056896,35.886286,,hospital,http://api.map.baidu.com/place/detail?uid=3cce3faad4a33c2c5f17c382&output=html&source=placeapi_v2,,,,,,,,,,4,,,,,,,,120.05675274382,35.886122943093,2
46e86fdd4e812e6ed13ce364,青岛市黄岛区铁山卫生院,医疗,综合医院,山东省,青岛市,黄岛区,青岛市黄岛区东岳西路2787号,46e86fdd4e812e6ed13ce364,1,1,119.924529,35.914084,,hospital,http://api.map.baidu.com/place/detail?uid=46e86fdd4e812e6ed13ce364&output=html&source=placeapi_v2,,,0,,,,,,,1,0,,,,,,,119.92447702033,35.913623946456,1
6a3ff9de5a2bbace85420e82,青岛市黄岛区第六人民医院,医疗,综合医院,山东省,青岛市,黄岛区,青岛市黄岛区丰台路78号,6a3ff9de5a2bbace85420e82,1,0,119.792459,35.949617,,hospital,http://api.map.baidu.com/place/detail?uid=6a3ff9de5a2bbace85420e82&output=html&source=placeapi_v2,,,0,,,,,,,0,1,,,,,,,119.79238946399,35.949739555416,0
c959fbfb134a4f4f8505bf2f,青岛西海岸新区中心医院,医疗,综合医院,山东省,青岛市,黄岛区,青岛市黄岛区黄浦江路9号,c959fbfb134a4f4f8505bf2f,1,6,120.197151,35.969137,(0532)86895767,hospital,http://api.map.baidu.com/place/detail?uid=c959fbfb134a4f4f8505bf2f&output=html&source=placeapi_v2,,"08:00-12:00,14:00-17:30",2.5,,,,,,,7,8,,,,,,,120.19620569119,35.969206377981,6
95daa348dd03a44753e5c598,青岛友爱医院,医疗,综合医院,山东省,青岛市,黄岛区,青岛市黄岛区长江西路77号,95daa348dd03a44753e5c598,1,0,120.185123,35.955294,(0532)86996038,hospital,http://api.map.baidu.com/place/detail?uid=95daa348dd03a44753e5c598&output=html&source=placeapi_v2,0.0,08:00-19:00,0,,,,,,,4,0,,,,,,,120.18573899471,35.95519263722,0
5e94eb407f80df115fd4feee,青岛市黄岛区太博医院,医疗,综合医院,山东省,青岛市,黄岛区,青岛市黄岛区丹江路77-83号,5e94eb407f80df115fd4feee,1,2,120.193627,35.977033,(0532)86896043,hospital,http://api.map.baidu.com/place/detail?uid=5e94eb407f80df115fd4feee&output=html&source=placeapi_v2,,07:50-22:00,0,,,,,,,8,0,,,,,,,120.19348681596,35.976882917571,2
3629820c5124a8bcf6c59c78,青岛大学医疗集团慧康医院,医疗,综合医院,山东省,青岛市,黄岛区,山东省青岛市黄岛区长江东路227号,3629820c5124a8bcf6c59c78,1,5,120.238118,35.977131,(0532)66992999,hospital,http://api.map.baidu.com/place/detail?uid=3629820c5124a8bcf6c59c78&output=html&source=placeapi_v2,0.0,00:00-24:00,0,,,,,,,11,0,,,,,,,120.23877611982,35.976728562842,5
be1ea5efae73b3be14948e64,青岛市黄岛区宝山卫生院,医疗,综合医院,山东省,青岛市,黄岛区,青岛市黄岛区宝山镇七宝山二路中心小学旁,be1ea5efae73b3be14948e64,1,1,119.900399,36.002835,,hospital,http://api.map.baidu.com/place/detail?uid=be1ea5efae73b3be14948e64&output=html&source=placeapi_v2,,,0.0,,,,,,,,0,,,,,,,119.90051950522,36.002527712938,1
9987e7db245b981c047ce82d,青岛大学附属医院(西海岸院区),医疗,综合医院,山东省,青岛市,黄岛区,青岛市黄岛区五台山路1677号,9987e7db245b981c047ce82d,1,9,120.162796,35.992973,(0532)82918181,hospital,http://api.map.baidu.com/place/detail?uid=9987e7db245b981c047ce82d&output=html&source=placeapi_v2,0.0,06:00-16:40,0,,,,,,,4,0,,,,,,,120.163321,35.99156789138,9
e6119184de98638d843304b3,青岛圣爱医院,医疗,综合医院,山东省,青岛市,黄岛区,青岛市黄岛区牡丹江路100号贵信花园(保税港区西门斜对面),e6119184de98638d843304b3,1,0,120.178897,35.989998,"(0532)86109788,(0532)86109799",hospital,http://api.map.baidu.com/place/detail?uid=e6119184de98638d843304b3&output=html&source=placeapi_v2,0.0,08:00-21:00,0,,,,,,,9,0,,,,,,,120.17892617117,35.990184683238,0
a1418eb435dc4b7eebe58267,青岛市黄岛区黄山卫生院,医疗,综合医院,山东省,青岛市,黄岛区,青岛市黄岛区王台镇康泰路1151号,a1418eb435dc4b7eebe58267,1,1,119.993902,36.034064,,hospital,http://api.map.baidu.com/place/detail?uid=a1418eb435dc4b7eebe58267&output=html&source=placeapi_v2,,,0.0,,,,,,,,0,,,,,,,119.99391209359,36.033991121051,1
b533ea4ac3bdba404f6d466f,青岛西海岸新区中医医院,医疗,综合医院,山东省,青岛市,黄岛区,青岛市黄岛区海南岛路158号,b533ea4ac3bdba404f6d466f,1,5,120.218865,36.039103,(0532)86858887,hospital,http://api.map.baidu.com/place/detail?uid=b533ea4ac3bdba404f6d466f&output=html&source=placeapi_v2,0.0,"07:30-12:00,13:30-17:00",0,,,,,,,5,0,,,,,,,120.21852858312,36.039646023173,5
a37f6a86ac21b91e26e0a024,里岔镇卫生院,医疗,综合医院,山东省,青岛市,胶州市,青岛市胶州市里岔镇安吉路,,1,1,119.797557,36.072066,(0532)86280051,hospital,http://api.map.baidu.com/place/detail?uid=a37f6a86ac21b91e26e0a024&output=html&source=placeapi_v2,,,0.0,,,,,,,0,,,,,,,,119.79811927963,36.071911754313,1
2ad32cc35e65f28e9d95de17,青岛市市立医院(西院区),医疗,综合医院,山东省,青岛市,市南区,青岛市市南区朝城路2号甲,2ad32cc35e65f28e9d95de17,1,5,120.316631,36.06587,(0532)87072610,hospital,http://api.map.baidu.com/place/detail?uid=2ad32cc35e65f28e9d95de17&output=html&source=placeapi_v2,0.0,"08:00-12:00,13:00-17:00",0.0,,,,,,,7,0,,,,,,,120.31734075192,36.065893101728,5
32fadcbc2369e8212eb9085a,青岛首大医院,医疗,综合医院,山东省,青岛市,市南区,山东省青岛市市南区中山路19号,32fadcbc2369e8212eb9085a,1,2,120.325687,36.070678,"(0532)58870036,(0532)80686666",hospital,http://api.map.baidu.com/place/detail?uid=32fadcbc2369e8212eb9085a&output=html&source=placeapi_v2,0.0,08:00-20:00,0,,,,,,,14,0,,,,,,,120.32542128936,36.070605359441,2
75c350b177605aecbf4842ec,青岛市市南区人民医院,医疗,综合医院,山东省,青岛市,市南区,青岛市市南区广州路29号,75c350b177605aecbf4842ec,1,2,120.317639,36.0723,(0532)86671528,hospital,http://api.map.baidu.com/place/detail?uid=75c350b177605aecbf4842ec&output=html&source=placeapi_v2,,"08:00-11:30,13:30-17:00",0,,,,,,,12,0,,,,,,,120.31782267307,36.072124774257,2
c902cbfe65de3a1ec8213deb,青岛市海慈医疗集团(西院区),医疗,综合医院,山东省,青岛市,市南区,山东省青岛市市南区嘉祥路3号,c902cbfe65de3a1ec8213deb,1,2,120.311896,36.071869,(0532)82612230,hospital,http://api.map.baidu.com/place/detail?uid=c902cbfe65de3a1ec8213deb&output=html&source=placeapi_v2,0.0,"08:00-11:30,13:30-17:00",0,,,,,,,1,0,,,,,,,120.31248219471,36.071457298743,2
7aea43b754d998e17d29bda8,青岛大学附属医院(市南院区),医疗,综合医院,山东省,青岛市,市南区,山东省青岛市市南区江苏路16号,7aea43b754d998e17d29bda8,1,8,120.333366,36.074046,(0532)82911867,hospital,http://api.map.baidu.com/place/detail?uid=7aea43b754d998e17d29bda8&output=html&source=placeapi_v2,0.0,"08:30-12:00,14:00-17:32",0,,,,,,,4,1,,,,,,,120.3341183141,36.071990980797,8
fef55578ce8258802cb96de8,市南恒海联医院,医疗,综合医院,山东省,青岛市,市南区,山东省青岛市市南区延安三路101号,fef55578ce8258802cb96de8,1,0,120.374218,36.076283,,hospital,http://api.map.baidu.com/place/detail?uid=fef55578ce8258802cb96de8&output=html&source=placeapi_v2,,09:00-21:00,,,,,,,,6,,,,,,,,120.37418109595,36.076318502849,0
e5c84925247ac234dd1e5277,芯美昕医院,医疗,综合医院,山东省,青岛市,市南区,太平角六路3号(红绿灯路口),e5c84925247ac234dd1e5277,1,0,120.372003,36.063238,,hospital,http://api.map.baidu.com/place/detail?uid=e5c84925247ac234dd1e5277&output=html&source=placeapi_v2,,09:00-18:00,,,,,,,,3,,,,,,,,120.37172592818,36.063031091532,0
40c5f4b66b3890388f55ec99,青岛市中医医院(南院区),医疗,综合医院,山东省,青岛市,市南区,山东省青岛市市南区栖霞路18号,40c5f4b66b3890388f55ec99,1,2,120.348998,36.069376,,hospital,http://api.map.baidu.com/place/detail?uid=40c5f4b66b3890388f55ec99&output=html&source=placeapi_v2,,,,,,,,,,,,,,,,,,120.34905227939,36.069322132714,2
c6bbec2d784a3dd32811d103,青岛市市立医院(东院区),医疗,综合医院,山东省,青岛市,市南区,青岛市市南区东海中路5号,c6bbec2d784a3dd32811d103,1,9,120.409757,36.065664,(0532)82716868,hospital,http://api.map.baidu.com/place/detail?uid=c6bbec2d784a3dd32811d103&output=html&source=placeapi_v2,0.0,"08:00-12:00,13:00-17:00",5,,,,,,,2,1,,,,,,,120.40886983964,36.06451364229,9
a74481d651877f47f503b816,青岛市市南区健联医院,医疗,综合医院,山东省,青岛市,市南区,青岛市市南区燕儿岛路19号甲,a74481d651877f47f503b816,1,2,120.409094,36.073726,(0532)85888354,hospital,http://api.map.baidu.com/place/detail?uid=a74481d651877f47f503b816&output=html&source=placeapi_v2,,"08:00-11:30,13:30-17:00",0,,,,,,,7,0,,,,,,,120.4089963004,36.073762680878,2
813a562f6685d053ff0eb05c,青岛市南中医院,医疗,综合医院,山东省,青岛市,市南区,山东省青岛市市南区闽江一路37号,813a562f6685d053ff0eb05c,1,1,120.407854,36.077118,,hospital,http://api.map.baidu.com/place/detail?uid=813a562f6685d053ff0eb05c&output=html&source=placeapi_v2,,08:30-18:00,,,,,,,,2,,,,,,,,120.40774109002,36.0771829079,1
e2903336d947a2ef931fc9be,青岛友好医院,医疗,综合医院,山东省,青岛市,市南区,青岛市市南区南京路66号,e2903336d947a2ef931fc9be,1,2,120.394832,36.077057,,hospital,http://api.map.baidu.com/place/detail?uid=e2903336d947a2ef931fc9be&output=html&source=placeapi_v2,,08:00-17:30,0,,,,,,,14,0,,,,,,,120.39475192113,36.076871438051,2
773b6200cb560a0500ec014a,凯祥中医针灸医院,医疗,综合医院,山东省,青岛市,市南区,山东省青岛市市南区江西路99号甲与闽江三路交叉口,,1,1,120.402678,36.079644,(0532)82675333,hospital,http://api.map.baidu.com/place/detail?uid=773b6200cb560a0500ec014a&output=html&source=placeapi_v2,,08:00-20:00,,,,,,,,2,0,,,,,,,120.40250080058,36.079504882869,1
94c7da7e234157853be4a6bc,青岛市市立医院(东海路门诊部),医疗,综合医院,山东省,青岛市,市南区,山东省青岛市市南区台南路1号,94c7da7e234157853be4a6bc,1,0,120.428592,36.065472,,hospital,http://api.map.baidu.com/place/detail?uid=94c7da7e234157853be4a6bc&output=html&source=placeapi_v2,,,,,,,,,,1,,,,,,,,,,0
eb0bdce5e0255e7f78f796b5,胶州市人民医院(张应分院),医疗,综合医院,山东省,青岛市,胶州市,山东省青岛市胶州市西张应村522号,eb0bdce5e0255e7f78f796b5,1,0,119.845498,36.110298,,hospital,http://api.map.baidu.com/place/detail?uid=eb0bdce5e0255e7f78f796b5&output=html&source=placeapi_v2,,,,,,,,,,1,,,,,,,,119.84556432897,36.110103863295,0
d902cfe76c05632b48cc4a46,青岛市北和平医院,医疗,综合医院,山东省,青岛市,市北区,馆陶路2号,d902cfe76c05632b48cc4a46,1,1,120.325973,36.081734,(0532)83660277,hospital,http://api.map.baidu.com/place/detail?uid=d902cfe76c05632b48cc4a46&output=html&source=placeapi_v2,,,,,,,,,,4,,,,,,,,120.32610016219,36.0816139973,1
ac460a446ed969231c3894df,晓港湾医院,医疗,综合医院,山东省,青岛市,市北区,山东省青岛市市北区朝阳路80号,ac460a446ed969231c3894df,1,0,120.322947,36.082049,,hospital,http://api.map.baidu.com/place/detail?uid=ac460a446ed969231c3894df&output=html&source=placeapi_v2,,10:00-22:00,,,,,,,,8,,,,,,,,120.32288783336,36.082125516843,0
da6663cdf1bda929f32d83ac,青岛鼎泰祥中医医院,医疗,综合医院,山东省,青岛市,市北区,热河路57号辛-1号,da6663cdf1bda929f32d83ac,1,0,120.336603,36.083248,,hospital,http://api.map.baidu.com/place/detail?uid=da6663cdf1bda929f32d83ac&output=html&source=placeapi_v2,,08:00-17:30,0,,,,,,,4,0,,,,,,,120.33641486897,36.083214845044,0
46e86fdd8e5b6e76d13ce316,青岛市海慈医疗,医疗,综合医院,山东省,青岛市,市北区,青岛市市北区人民路4号,46e86fdd8e5b6e76d13ce316,1,9,120.366083,36.100843,(0532)83777856,hospital,http://api.map.baidu.com/place/detail?uid=46e86fdd8e5b6e76d13ce316&output=html&source=placeapi_v2,,07:30-17:00,5,,,,,,,3,1,,,,,,,120.36642553311,36.099881576097,9
4a3c269cd4088b35725e80e5,青岛市北长青医院(西院区),医疗,综合医院,山东省,青岛市,市北区,山东省青岛市市北区威海路323-1号,4a3c269cd4088b35725e80e5,1,0,120.365123,36.097248,,hospital,http://api.map.baidu.com/place/detail?uid=4a3c269cd4088b35725e80e5&output=html&source=placeapi_v2,,,,,,,,,,6,0,,,,,,,,,0
bdf7cd6b19678444f33cba98,青岛市中医医院,医疗,综合医院,山东省,青岛市,市北区,青岛市市北区人民路4号,bdf7cd6b19678444f33cba98,1,2,120.366387,36.100534,(0532)83777009,hospital,http://api.map.baidu.com/place/detail?uid=bdf7cd6b19678444f33cba98&output=html&source=placeapi_v2,,,0,,,,,,,2,0,,,,,,,120.36652294097,36.10045215609,2
0d04f5415c8f72a38bdb7394,青岛华联医院,医疗,综合医院,山东省,青岛市,市北区,台东一路8号,0d04f5415c8f72a38bdb7394,1,1,120.358031,36.090386,,hospital,http://api.map.baidu.com/place/detail?uid=0d04f5415c8f72a38bdb7394&output=html&source=placeapi_v2,,08:00-20:00,,,,,,,,12,,,,,,,,120.35790266196,36.090211372795,1
fa7da3e840b5336042d63e3a,青岛市北康苑医院,医疗,综合医院,山东省,青岛市,市北区,青岛市市北区利津路48号甲,fa7da3e840b5336042d63e3a,1,1,120.361211,36.096774,(0532)83836120,hospital,http://api.map.baidu.com/place/detail?uid=fa7da3e840b5336042d63e3a&output=html&source=placeapi_v2,,08:00-20:30,0,,,,,,,11,0,,,,,,,120.36123822213,36.09672069347,1
487441f821d3614c30169ba4,青岛市市北区人民医院,医疗,综合医院,山东省,青岛市,市北区,青岛市市北区抚顺路25号,487441f821d3614c30169ba4,1,4,120.369712,36.106762,(0532)83720868,hospital,http://api.map.baidu.com/place/detail?uid=487441f821d3614c30169ba4&output=html&source=placeapi_v2,,"08:00-11:30,13:30-17:30",0.0,,,,,,,5,0,,,,,,,120.36965950211,36.10627522766,4
c44e9c53da0b9539a8175a47,青岛大学医学院松山医院,医疗,综合医院,山东省,青岛市,市北区,青岛市市北区登州路38号甲,c44e9c53da0b9539a8175a47,1,1,120.347633,36.085752,,hospital,http://api.map.baidu.com/place/detail?uid=c44e9c53da0b9539a8175a47&output=html&source=placeapi_v2,,"08:00-12:00,13:00-17:00",0,,,,,,,8,0,,,,,,,120.34743176949,36.085524758946,1
6da07a8f29c7ccdbbabd63ea,安康宁社区医院,医疗,综合医院,山东省,青岛市,市北区,青岛市市北区昌邑路13-9号,6da07a8f29c7ccdbbabd63ea,1,0,120.355613,36.092556,(0532)82717878,hospital,http://api.map.baidu.com/place/detail?uid=6da07a8f29c7ccdbbabd63ea&output=html&source=placeapi_v2,,,0,,,,,,,6,0,,,,,,,120.35562504606,36.092347140365,0
e92af1935d0adef6725e8025,青岛市北滨海医院,医疗,综合医院,山东省,青岛市,市北区,镇江路23号甲,e92af1935d0adef6725e8025,1,0,120.372436,36.091318,,hospital,http://api.map.baidu.com/place/detail?uid=e92af1935d0adef6725e8025&output=html&source=placeapi_v2,,08:00-17:00,0,,,,,,,6,0,,,,,,,120.37260396971,36.091221439872,0
1bff05c10ce44e4e1d1d1173,青岛市北银康医院,医疗,综合医院,山东省,青岛市,市北区,青岛市市北区镇江路13号,1bff05c10ce44e4e1d1d1173,1,0,120.373116,36.094393,"(0532)86698888,18669792479",hospital,http://api.map.baidu.com/place/detail?uid=1bff05c10ce44e4e1d1d1173&output=html&source=placeapi_v2,,,0,,,,,,,6,0,,,,,,,120.37318759072,36.094459612079,0
4bfdb7a398d295a507026fda,青岛市市北区海博医院,医疗,综合医院,山东省,青岛市,市北区,山东省青岛市市北区华阳路36号甲,4bfdb7a398d295a507026fda,1,0,120.353166,36.096614,,hospital,http://api.map.baidu.com/place/detail?uid=4bfdb7a398d295a507026fda&output=html&source=placeapi_v2,,08:00-20:00,0,,,,,,,1,0,,,,,,,120.35317749143,36.09642209204,0
df9fa97afbdc505416c90548,青岛华国中医医院,医疗,综合医院,山东省,青岛市,市北区,山东省青岛市市北区镇江北路31乙,df9fa97afbdc505416c90548,1,0,120.374194,36.095879,,hospital,http://api.map.baidu.com/place/detail?uid=df9fa97afbdc505416c90548&output=html&source=placeapi_v2,,,,,,,,,,,,,,,,,,120.37392133744,36.095795553573,0
fb2437e422b2187016a19073,青岛市北新兴医院,医疗,综合医院,山东省,青岛市,市北区,青岛市市北区西吴路175号,fb2437e422b2187016a19073,1,1,120.37871,36.100049,(0532)85088157,hospital,http://api.map.baidu.com/place/detail?uid=fb2437e422b2187016a19073&output=html&source=placeapi_v2,,"08:00-12:00,13:00-17:00",0.0,,,,,,,7,0,,,,,,,120.37868720929,36.100049479084,1
3f9337d6aaa56ccef72310f8,青岛福彩鑫桥医院,医疗,综合医院,山东省,青岛市,市北区,敦化路38号,3f9337d6aaa56ccef72310f8,1,1,120.374567,36.098018,(0532)85080312,hospital,http://api.map.baidu.com/place/detail?uid=3f9337d6aaa56ccef72310f8&output=html&source=placeapi_v2,,"08:00-11:30,13:50-17:00",0.0,,,,,,,11,,,,,,,,120.3744020667,36.09820690626,1
dbf4d6eeba8cc2336fa3cc10,青岛东大医院,医疗,综合医院,山东省,青岛市,市北区,青岛市市北区重庆南路5号,dbf4d6eeba8cc2336fa3cc10,1,2,120.371404,36.112175,"(0532)83713688,(0532)83725076",hospital,http://api.map.baidu.com/place/detail?uid=dbf4d6eeba8cc2336fa3cc10&output=html&source=placeapi_v2,1691.0,08:00-17:00,0,,,,,,,9,0,,,,,,,120.37129341923,36.11233826756,2
4cf8d24e7b0404e59cf779f1,青岛市市北区中医院,医疗,综合医院,山东省,青岛市,市北区,青岛市市北区鞍山路86号,4cf8d24e7b0404e59cf779f1,1,0,120.378768,36.101178,(0532)85622726,hospital,http://api.map.baidu.com/place/detail?uid=4cf8d24e7b0404e59cf779f1&output=html&source=placeapi_v2,,08:30-18:00,0,,,,,,,3,0,,,,,,,120.37850781139,36.100989854785,0
7fd3a68307147b522fb90839,肝纤维化检测室,医疗,综合医院,山东省,青岛市,市北区,山东省青岛市市北区抚顺路9-7号附近,7fd3a68307147b522fb90839,1,0,120.381918,36.106103,,hospital,http://api.map.baidu.com/place/detail?uid=7fd3a68307147b522fb90839&output=html&source=placeapi_v2,,,0.0,,,,,,,1,,,,,,,,,,0
5d7f987ee5409397c9fa5fef,青岛市北同和医院,医疗,综合医院,山东省,青岛市,市北区,青岛市市北区同和路78号,5d7f987ee5409397c9fa5fef,1,0,120.414283,36.110894,(0532)84881578,hospital,http://api.map.baidu.com/place/detail?uid=5d7f987ee5409397c9fa5fef&output=html&source=placeapi_v2,,00:00-24:00,0,,,,,,,6,0,,,,,,,120.41440043807,36.110845551793,0
773b6200cb560a0500ec014a,凯祥中医针灸医院,医疗,综合医院,山东省,青岛市,市南区,山东省青岛市市南区江西路99号甲与闽江三路交叉口,,1,1,120.402678,36.079644,(0532)82675333,hospital,http://api.map.baidu.com/place/detail?uid=773b6200cb560a0500ec014a&output=html&source=placeapi_v2,,08:00-20:00,,,,,,,,2,0,,,,,,,120.40250080058,36.079504882869,1
a4510d24d2694e710c0e6b04,市北新都医院,医疗,综合医院,山东省,青岛市,市北区,山东省青岛市市北区劲松三路22-4号,,1,0,120.424641,36.102505,,hospital,http://api.map.baidu.com/place/detail?uid=a4510d24d2694e710c0e6b04&output=html&source=placeapi_v2,,,,,,,,,,1,,,,,,,,,,0
9b97aa996dd6821ccd06a49a,青岛盈海医院,医疗,综合医院,山东省,青岛市,崂山区,山东省青岛市崂山区海尔路180号大荣中心1楼,9b97aa996dd6821ccd06a49a,1,0,120.461567,36.111339,(0532)80996900,hospital,http://api.map.baidu.com/place/detail?uid=9b97aa996dd6821ccd06a49a&output=html&source=placeapi_v2,,"08:00-11:30,13:00-17:00",5,,,,,,,1,2,,,,,,,,,0
a9bafbb76b066b83c1f1cfc6,青医附院东院区,医疗,综合医院,山东省,青岛市,崂山区,山东省青岛市崂山区海尔路59号,a9bafbb76b066b83c1f1cfc6,1,1,120.460398,36.107934,,hospital,http://api.map.baidu.com/place/detail?uid=a9bafbb76b066b83c1f1cfc6&output=html&source=placeapi_v2,,,,,,,,,,,,,,,,,,120.46064994339,36.108050253663,1
cb4fd14669d4b7589d9d685f,青岛大学附属医院(崂山院区),医疗,综合医院,山东省,青岛市,崂山区,青岛市崂山区海尔路59号,cb4fd14669d4b7589d9d685f,1,7,120.460024,36.107976,,hospital,http://api.map.baidu.com/place/detail?uid=cb4fd14669d4b7589d9d685f&output=html&source=placeapi_v2,0.0,"08:30-12:00,14:00-17:30",0,,,,,,,2,0,,,,,,,120.46244457993,36.108410124971,7
780f16b15bf6066b07026fe3,明岐中医医院,医疗,综合医院,山东省,青岛市,崂山区,青岛市崂山区中韩街道同兴路712号,780f16b15bf6066b07026fe3,1,1,120.439648,36.111546,(0532)67782777,hospital,http://api.map.baidu.com/place/detail?uid=780f16b15bf6066b07026fe3&output=html&source=placeapi_v2,,"08:00-12:00,13:30-17:30",,,,,,,,1,,,,,,,,120.43970965234,36.111435866205,1
c75e4b93c505078231f71d31,青岛和睦家医院,医疗,综合医院,山东省,青岛市,崂山区,青岛市崂山区香港东路319号,c75e4b93c505078231f71d31,1,3,120.505294,36.109604,"(0532)81633000,(0532)81633120",hospital,http://api.map.baidu.com/place/detail?uid=c75e4b93c505078231f71d31&output=html&source=placeapi_v2,0.0,"09:00-12:00,13:00-17:00",0,,,,,,,0,0,,,,,,,120.50536417991,36.109730428261,3
9964d445cd3e6c42c909f043,青岛德仁中西医结合医院,医疗,综合医院,山东省,青岛市,市北区,青岛市市北区杭州路70号甲,9964d445cd3e6c42c909f043,1,3,120.364165,36.123629,(0532)86101079,hospital,http://api.map.baidu.com/place/detail?uid=9964d445cd3e6c42c909f043&output=html&source=placeapi_v2,260.0,00:00-24:00,0,,,,,,,5,0,,,,,,,120.36413716899,36.123626515945,3
71d8c3666bfd46ee00294f59,青岛华夏医院,医疗,综合医院,山东省,青岛市,市北区,宣化路80号,71d8c3666bfd46ee00294f59,1,2,120.360163,36.122952,(0532)83715323,hospital,http://api.map.baidu.com/place/detail?uid=71d8c3666bfd46ee00294f59&output=html&source=placeapi_v2,,08:00-17:00,0.0,,,,,,,10,0,,,,,,,120.36047037753,36.122893296886,2
84ea45c4df55ddfe14b54be5,百德医院,医疗,综合医院,山东省,青岛市,市北区,杭州路167号甲,84ea45c4df55ddfe14b54be5,1,0,120.362239,36.121878,,hospital,http://api.map.baidu.com/place/detail?uid=84ea45c4df55ddfe14b54be5&output=html&source=placeapi_v2,,"08:00-12:00,13:30-17:30",0,,,,,,,2,0,,,,,,,120.36211485602,36.121988462641,0
54cbb3da2d7e0578c03644ee,青岛市北民正医院,医疗,综合医院,山东省,青岛市,市北区,青岛市市北区嘉定路17号,54cbb3da2d7e0578c03644ee,1,1,120.363971,36.116778,,hospital,http://api.map.baidu.com/place/detail?uid=54cbb3da2d7e0578c03644ee&output=html&source=placeapi_v2,,10:00-22:00,0,,,,,,,8,0,,,,,,,120.3638205163,36.116946942149,1
75d0881aed192a333a04b19d,新惠康医院,医疗,综合医院,山东省,青岛市,市北区,山东省青岛市市北区嘉定路68号,75d0881aed192a333a04b19d,1,2,120.370104,36.117652,,hospital,http://api.map.baidu.com/place/detail?uid=75d0881aed192a333a04b19d&output=html&source=placeapi_v2,,08:30-18:00,0,,,,,,,13,0,,,,,,,120.36994065737,36.117369337653,2
93c6529b3d6156c1f4e73bae,青岛市北京凯医院,医疗,综合医院,山东省,青岛市,市北区,青岛市市北区,93c6529b3d6156c1f4e73bae,1,1,120.379326,36.137581,,hospital,http://api.map.baidu.com/place/detail?uid=93c6529b3d6156c1f4e73bae&output=html&source=placeapi_v2,,,0,,,,,,,4,0,,,,,,,120.37955882883,36.137557286208,1
5c3c77080e801730b21e3615,同和医院,医疗,综合医院,山东省,青岛市,市北区,青岛市市北区哈尔滨路97号,5c3c77080e801730b21e3615,1,2,120.402698,36.117767,,hospital,http://api.map.baidu.com/place/detail?uid=5c3c77080e801730b21e3615&output=html&source=placeapi_v2,,08:00-17:00,0,,,,,,,3,0,,,,,,,120.4024211065,36.117868808818,2
66c3cbc7a22f875ab5f42ff5,青岛永新中医医院,医疗,综合医院,山东省,青岛市,市北区,青岛市市北区台柳路398号,66c3cbc7a22f875ab5f42ff5,1,3,120.4132,36.134886,"(0532)58705625,(0532)58828800,(0532)82973999",hospital,http://api.map.baidu.com/place/detail?uid=66c3cbc7a22f875ab5f42ff5&output=html&source=placeapi_v2,0.0,08:00-18:00,0.0,,,,,,,10,0,,,,,,,120.41297570398,36.134942305073,3
7be4b46914faebeb75e5b649,青岛市北平安医院,医疗,综合医院,山东省,青岛市,市北区,青岛市市北区伊春路148号,7be4b46914faebeb75e5b649,1,0,120.4012,36.113969,(0532)85985035,hospital,http://api.map.baidu.com/place/detail?uid=7be4b46914faebeb75e5b649&output=html&source=placeapi_v2,,07:30-19:00,0,,,,,,,5,0,,,,,,,120.40129305307,36.113877347917,0
33fbfa83fd4867c00bf5eb3a,青岛市第八人民医院,医疗,综合医院,山东省,青岛市,李沧区,青岛市李沧区峰山路84号,33fbfa83fd4867c00bf5eb3a,1,7,120.425586,36.165136,(0532)87627565,hospital,http://api.map.baidu.com/place/detail?uid=33fbfa83fd4867c00bf5eb3a&output=html&source=placeapi_v2,,"08:00-11:30,13:30-17:00",0,,,,,,,4,0,,,,,,,120.42663003756,36.16523564261,7
ffbb48a2fdc880838733040d,青岛李沧新诚康中医医院,医疗,综合医院,山东省,青岛市,李沧区,山东省青岛市李沧区峰山路13号,ffbb48a2fdc880838733040d,1,0,120.427385,36.16042,,hospital,http://api.map.baidu.com/place/detail?uid=ffbb48a2fdc880838733040d&output=html&source=placeapi_v2,,09:00-18:00,0,,,,,,,1,0,,,,,,,120.4272469821,36.160354398005,0
775d7495e1db7948a11de9cb,永清路社区卫生服务中心,医疗,综合医院,山东省,青岛市,李沧区,山东省青岛市李沧区振华路15号,775d7495e1db7948a11de9cb,1,3,120.409528,36.178139,(0532)84622139,hospital,http://api.map.baidu.com/place/detail?uid=775d7495e1db7948a11de9cb&output=html&source=placeapi_v2,,08:00-20:00,0,,,,,,,6,0,,,,,,,120.40911254472,36.177553535019,3
e51039cdf143f678b35c6a2d,国际爱婴医院,医疗,综合医院,山东省,青岛市,李沧区,山东省青岛市李沧区书院路91-17号附近,e51039cdf143f678b35c6a2d,1,0,120.42408,36.15982,,hospital,http://api.map.baidu.com/place/detail?uid=e51039cdf143f678b35c6a2d&output=html&source=placeapi_v2,,,,,,,,,,1,,,,,,,,120.42428567128,36.159591118538,0
37c119f9d2a864d0eddfca90,青岛现代医院,医疗,综合医院,山东省,青岛市,李沧区,青岛市李沧区大崂路1066-6号,37c119f9d2a864d0eddfca90,1,2,120.436806,36.166676,(0532)87679377,hospital,http://api.map.baidu.com/place/detail?uid=37c119f9d2a864d0eddfca90&output=html&source=placeapi_v2,,08:00-20:00,0,,,,,,,15,0,,,,,,,120.43687970343,36.166670655799,2
45b2713b044e4f974e776eea,博海医院,医疗,综合医院,山东省,青岛市,李沧区,山东省青岛市李沧区九水东路191号附26~27号,45b2713b044e4f974e776eea,1,0,120.464677,36.173281,,hospital,http://api.map.baidu.com/place/detail?uid=45b2713b044e4f974e776eea&output=html&source=placeapi_v2,,08:00-20:00,,,,,,,,,,,,,,,,120.46461179228,36.173385635938,0
1670488cab786d68213bf274,李沧区第五医院,医疗,综合医院,山东省,青岛市,李沧区,青岛市李沧区李村街道东山四路51号,1670488cab786d68213bf274,1,2,120.437627,36.173229,(0532)82619440,hospital,http://api.map.baidu.com/place/detail?uid=1670488cab786d68213bf274&output=html&source=placeapi_v2,,,0,,,,,,,0,0,,,,,,,120.4373558808,36.173290543303,2
37d60a4697a10e611e1d1136,李沧区浮山路街道社区卫生服务中心,医疗,综合医院,山东省,青岛市,李沧区,山东省青岛市李沧区万年泉路218号二楼,37d60a4697a10e611e1d1136,1,0,120.432398,36.159982,(0532)87631651,hospital,http://api.map.baidu.com/place/detail?uid=37d60a4697a10e611e1d1136&output=html&source=placeapi_v2,100.0,08:00-20:00,0,,,,,,,13,0,,,,,,,120.43251197944,36.16012925382,0
e37db23d76be90318f1a89b7,青岛创新园医院,医疗,综合医院,山东省,青岛市,崂山区,山东省青岛市崂山区株洲路海信创智谷A座底商,,1,0,120.49155,36.156425,,hospital,http://api.map.baidu.com/place/detail?uid=e37db23d76be90318f1a89b7&output=html&source=placeapi_v2,,08:30-17:30,,,,,,,,1,,,,,,,,,,0
d38c519607222c0cf32d833a,虹美医院,医疗,综合医院,山东省,青岛市,李沧区,九水路街道衡水路115号,d38c519607222c0cf32d833a,1,1,120.477654,36.170264,(0532)66768777,hospital,http://api.map.baidu.com/place/detail?uid=d38c519607222c0cf32d833a&output=html&source=placeapi_v2,,00:00-24:00,,,,,,,,1,,,,,,,,120.47767176652,36.170131259681,1
5c5883d5d260ccd55dd4fea5,爱悦康医院,医疗,综合医院,山东省,青岛市,李沧区,山东省青岛市李沧区汉川路318号,,1,0,120.474708,36.170405,,hospital,http://api.map.baidu.com/place/detail?uid=5c5883d5d260ccd55dd4fea5&output=html&source=placeapi_v2,,08:00-17:00,,,,,,,,,,,,,,,,,,0
f696f3c278f9b3f21b11d537,青岛市第三人民医院,医疗,综合医院,山东省,青岛市,李沧区,青岛市李沧区永平路29号,f696f3c278f9b3f21b11d537,1,8,120.399959,36.185844,"(0532)89076600,4006619966",hospital,http://api.map.baidu.com/place/detail?uid=f696f3c278f9b3f21b11d537&output=html&source=placeapi_v2,0.0,07:30-16:30,0,,,,,,,6,0,,,,,,,120.39793815957,36.18564384517,8
5508504d3eb8ebcac7f02535,青岛市李沧区中心医院,医疗,综合医院,山东省,青岛市,李沧区,青岛市李沧区兴城路49号,5508504d3eb8ebcac7f02535,1,2,120.387621,36.198451,(0532)66085588,hospital,http://api.map.baidu.com/place/detail?uid=5508504d3eb8ebcac7f02535&output=html&source=placeapi_v2,,,0,,,,,,,7,0,,,,,,,120.387706891,36.198072972614,2
41572e009376c8b5b45f1e35,青岛德民中西医结合医院,医疗,综合医院,山东省,青岛市,李沧区,青岛市李沧区四流中路185号甲,41572e009376c8b5b45f1e35,1,1,120.390502,36.188372,(0532)86101016,hospital,http://api.map.baidu.com/place/detail?uid=41572e009376c8b5b45f1e35&output=html&source=placeapi_v2,,08:30-18:00,0,,,,,,,6,0,,,,,,,120.39049696952,36.188419936114,1
d16049799423351fa21de9c4,青岛佳家康中医医院,医疗,综合医院,山东省,青岛市,李沧区,湘潭路街道重庆中路905号中南世纪城,d16049799423351fa21de9c4,1,0,120.410831,36.210891,,hospital,http://api.map.baidu.com/place/detail?uid=d16049799423351fa21de9c4&output=html&source=placeapi_v2,,08:00-17:00,0,,,,,,,6,0,,,,,,,120.41063652631,36.210873619736,0
0c77472d9f982a92b6f42f1a,青岛李沧东部医院,医疗,综合医院,山东省,青岛市,李沧区,山东省青岛市李沧区天水路888号,0c77472d9f982a92b6f42f1a,1,2,120.468135,36.190562,(0532)87618523,hospital,http://api.map.baidu.com/place/detail?uid=0c77472d9f982a92b6f42f1a&output=html&source=placeapi_v2,,,0,,,,,,,1,0,,,,,,,120.46789819269,36.190843364897,2
204d4544e1dcf1b00f0e6b51,海山医院,医疗,综合医院,山东省,青岛市,李沧区,青岛市李沧区黑龙江中路797-50号,204d4544e1dcf1b00f0e6b51,1,0,120.434451,36.186056,,hospital,http://api.map.baidu.com/place/detail?uid=204d4544e1dcf1b00f0e6b51&output=html&source=placeapi_v2,,08:00-18:00,0,,,,,,,0,0,,,,,,,,,0
9b896748c2cd3f0316c905dc,瑞杰医院,医疗,综合医院,山东省,青岛市,李沧区,山东省青岛市李沧区广水路789号1号楼,9b896748c2cd3f0316c905dc,1,0,120.468639,36.19006,,hospital,http://api.map.baidu.com/place/detail?uid=9b896748c2cd3f0316c905dc&output=html&source=placeapi_v2,,,,,,,,,,,,,,,,,,120.46875128185,36.190074537686,0
295dc6c18012ae07246e9823,青岛市第八人民医院(东院区),医疗,综合医院,山东省,青岛市,李沧区,山东省青岛市李沧区金水路210号,,1,0,120.485678,36.184385,,hospital,http://api.map.baidu.com/place/detail?uid=295dc6c18012ae07246e9823&output=html&source=placeapi_v2,,,,,,,,,,,,,,,,,,,,0
946fb6c5328542cb2e473367,青岛新万增中医医院,医疗,综合医院,山东省,青岛市,城阳区,山东省青岛市城阳区夏庄街道黑龙江中路773号,946fb6c5328542cb2e473367,1,2,120.434957,36.231989,(0532)68000288,hospital,http://api.map.baidu.com/place/detail?uid=946fb6c5328542cb2e473367&output=html&source=placeapi_v2,0.0,08:00-17:30,0,,,,,,,3,0,,,,,,,120.43402353387,36.231836794693,2
c5bac2fa0026813c37b06ca5,青岛市崂山区北宅卫生院,医疗,综合医院,山东省,青岛市,崂山区,青岛市崂山区北宅街道致富路,c5bac2fa0026813c37b06ca5,1,1,120.527231,36.233071,(0532)87851081,hospital,http://api.map.baidu.com/place/detail?uid=c5bac2fa0026813c37b06ca5&output=html&source=placeapi_v2,,,,,,,,,,,,,,,,,,120.52740194967,36.233256682219,1
b7d7222b12421c5b97031907,胶州海健医院,医疗,综合医院,山东省,青岛市,胶州市,青岛市胶州市广州南路402号,b7d7222b12421c5b97031907,1,1,120.014709,36.277081,(0532)87279917,hospital,http://api.map.baidu.com/place/detail?uid=b7d7222b12421c5b97031907&output=html&source=placeapi_v2,,07:30-18:30,0.0,,,,,,,7,0,,,,,,,120.01499997892,36.277129700068,1
3ba1f0006ac0607df90cad0d,青岛市红岛人民医院,医疗,综合医院,山东省,青岛市,城阳区,山东省青岛市城阳区上马街道,3ba1f0006ac0607df90cad0d,1,2,120.246841,36.276513,(0532)87811082,hospital,http://api.map.baidu.com/place/detail?uid=3ba1f0006ac0607df90cad0d&output=html&source=placeapi_v2,,00:00-24:00,0.0,,,,,,,7,0,,,,,,,120.24712341177,36.276500141625,2
54ee4f1748d8cc105bf6be07,青岛城阳熙增医院,医疗,综合医院,山东省,青岛市,城阳区,青岛市城阳区重庆北路380号,54ee4f1748d8cc105bf6be07,1,1,120.408305,36.276571,(0532)84713177,hospital,http://api.map.baidu.com/place/detail?uid=54ee4f1748d8cc105bf6be07&output=html&source=placeapi_v2,,,0,,,,,,,2,0,,,,,,,120.40857459038,36.276642997727,1
b7021bf82adbf0fbf4e73be6,青岛市城阳区第三人民医院,医疗,综合医院,山东省,青岛市,城阳区,青岛市城阳区夏庄街道夏塔路16号,b7021bf82adbf0fbf4e73be6,1,3,120.464642,36.266252,(0532)87871270,hospital,http://api.map.baidu.com/place/detail?uid=b7021bf82adbf0fbf4e73be6&output=html&source=placeapi_v2,,"08:00-11:30,13:00-17:00",0,,,,,,,2,0,,,,,,,120.465014632,36.265957183449,3
f38163a5ed4fc8e76fa3ccc0,胶州市中云街道社区卫生服务中心,医疗,综合医院,山东省,青岛市,胶州市,胶州市兰州西路与亳州路交叉口北100米路西,f38163a5ed4fc8e76fa3ccc0,1,0,119.979814,36.291407,(0532)82225036,hospital,http://api.map.baidu.com/place/detail?uid=f38163a5ed4fc8e76fa3ccc0&output=html&source=placeapi_v2,,,,,,,,,,14,,,,,,,,119.98000565685,36.291448439684,0
db1f39d4b4f83f76f5c59c42,胶州湾医院,医疗,综合医院,山东省,青岛市,胶州市,青岛市胶州市广州北路113号,db1f39d4b4f83f76f5c59c42,1,3,120.016468,36.296334,"(0532)87291999,(0532)87292101",hospital,http://api.map.baidu.com/place/detail?uid=db1f39d4b4f83f76f5c59c42&output=html&source=placeapi_v2,,"08:00-11:30,14:00-17:30",0,,,,,,,4,0,,,,,,,120.01593393189,36.296339004162,3
4ea3f2f1411b1cabaecb66c0,胶州市人民医院(北院),医疗,综合医院,山东省,青岛市,胶州市,青岛市胶州市广州北路88号,4ea3f2f1411b1cabaecb66c0,1,6,120.014204,36.297294,(0532)87292509,hospital,http://api.map.baidu.com/place/detail?uid=4ea3f2f1411b1cabaecb66c0&output=html&source=placeapi_v2,,00:00-24:00,0,,,,,,,0,0,,,,,,,120.01560188494,36.296817834903,6
92b806d2c71d42ff79b55cc0,胶州民安医院,医疗,综合医院,山东省,青岛市,胶州市,青岛市胶州市胶州东路409号,92b806d2c71d42ff79b55cc0,1,2,120.034715,36.300578,,hospital,http://api.map.baidu.com/place/detail?uid=92b806d2c71d42ff79b55cc0&output=html&source=placeapi_v2,0.0,08:30-18:00,0,,,,,,,6,0,,,,,,,120.03475682882,36.300229370314,2
20dc520506c0ea016e20b912,胶州少海医院,医疗,综合医院,山东省,青岛市,胶州市,青岛市胶州市福州南路15号,20dc520506c0ea016e20b912,1,1,120.031932,36.290344,"(0532)87221377,(0532)87221919",hospital,http://api.map.baidu.com/place/detail?uid=20dc520506c0ea016e20b912&output=html&source=placeapi_v2,,,,,,,,,,2,,,,,,,,120.03158236447,36.290331347267,1
3b9eaac4a1b7dfa5f942b211,胶州俪泰医院,医疗,综合医院,山东省,青岛市,胶州市,青岛市胶州市广州北路北起10号,3b9eaac4a1b7dfa5f942b211,1,1,120.015271,36.311744,(0532)82293668,hospital,http://api.map.baidu.com/place/detail?uid=3b9eaac4a1b7dfa5f942b211&output=html&source=placeapi_v2,,,5,,,,,,,4,1,,,,,,,120.01482830825,36.31170396624,1
b985529716c49ac1e115f9a8,青岛市胶州中心医院,医疗,综合医院,山东省,青岛市,胶州市,山东省青岛市胶州市云溪河南路99号,b985529716c49ac1e115f9a8,1,6,120.016855,36.28626,"(0532)87212301,(0532)87230611",hospital,http://api.map.baidu.com/place/detail?uid=b985529716c49ac1e115f9a8&output=html&source=placeapi_v2,0.0,00:00-24:00,0,,,,,,,8,0,,,,,,,120.01764514756,36.285728390081,6
8772c26ca00066d4c91b95c4,胶州市阜安街道社区卫生服务中心,医疗,综合医院,山东省,青岛市,胶州市,山东省青岛市胶州市阜安街道兰州东路346号,8772c26ca00066d4c91b95c4,1,2,120.033788,36.291445,(0532)82261892,hospital,http://api.map.baidu.com/place/detail?uid=8772c26ca00066d4c91b95c4&output=html&source=placeapi_v2,,08:00-17:00,0,,,,,,,8,0,,,,,,,120.03376768216,36.29153917899,2
dfc496b6d45721ae8936eee7,青岛市城阳区第二人民医院,医疗,综合医院,山东省,青岛市,城阳区,山东省青岛市城阳区上马街道凤仪路66号,dfc496b6d45721ae8936eee7,1,3,120.246811,36.281403,(0532)87811046,hospital,http://api.map.baidu.com/place/detail?uid=dfc496b6d45721ae8936eee7&output=html&source=placeapi_v2,0.0,00:00-24:00,0,,,,,,,1,1,,,,,,,120.24674435918,36.28168401448,3
9ee392b8d8bde058bbbd6348,青岛市城阳人民医院,医疗,综合医院,山东省,青岛市,城阳区,山东省青岛市城阳区长城路600号,9ee392b8d8bde058bbbd6348,1,8,120.406977,36.30698,4001999120,hospital,http://api.map.baidu.com/place/detail?uid=9ee392b8d8bde058bbbd6348&output=html&source=placeapi_v2,325.0,"08:00-12:00,14:00-17:00",3.7,,,,,,,0,7,,,,,,,120.40739686744,36.305421763965,8
c824e62c6065b34cc16c14bc,青岛市城阳区人民医院-静脉用药调配中心,医疗,综合医院,山东省,青岛市,城阳区,长城路600号青岛市城阳区人民医院第三住院部1层,c824e62c6065b34cc16c14bc,1,0,120.407115,36.307481,,hospital,http://api.map.baidu.com/place/detail?uid=c824e62c6065b34cc16c14bc&output=html&source=placeapi_v2,,,0.0,,,,,,,,,,,,,,,,,0
6f0d0051e44e30e97e29bd1c,青岛颐德康复医院,医疗,综合医院,山东省,青岛市,城阳区,青岛市城阳区文阳路137号,6f0d0051e44e30e97e29bd1c,1,1,120.429766,36.300075,,hospital,http://api.map.baidu.com/place/detail?uid=6f0d0051e44e30e97e29bd1c&output=html&source=placeapi_v2,,,,,,,,,,4,,,,,,,,120.42941478464,36.299531040503,1
8eb48fa1f63e12a7f32d83e7,华慈医院,医疗,综合医院,山东省,青岛市,城阳区,青岛市城阳区锦绣小区a区6号楼2单元401,8eb48fa1f63e12a7f32d83e7,1,1,120.273185,36.337753,,hospital,http://api.map.baidu.com/place/detail?uid=8eb48fa1f63e12a7f32d83e7&output=html&source=placeapi_v2,,,0.0,,,,,,,2,,,,,,,,120.27313399873,36.337309679044,1
3be122e113f869531ef74de1,青岛城阳棘洪滩矫秀菊医院,医疗,综合医院,山东省,青岛市,城阳区,青岛市城阳区锦宏西路162号,3be122e113f869531ef74de1,1,1,120.270047,36.342903,(0532)87801027,hospital,http://api.map.baidu.com/place/detail?uid=3be122e113f869531ef74de1&output=html&source=placeapi_v2,,,0,,,,,,,5,0,,,,,,,120.27028059416,36.34327200169,1
ad43bf8b324b88c7f7eafccc,即墨安泰医院,医疗,综合医院,山东省,青岛市,即墨区,青岛市即墨区通济街道天山一路30号,ad43bf8b324b88c7f7eafccc,1,2,120.398476,36.337144,(0532)82511120,hospital,http://api.map.baidu.com/place/detail?uid=ad43bf8b324b88c7f7eafccc&output=html&source=placeapi_v2,0.0,08:30-17:30,0,,,,,,,5,0,,,,,,,120.39822561733,36.337175187325,2
af1ae56b8e1db8134207c1e6,青岛市城阳区惜福镇街道卫生院,医疗,综合医院,山东省,青岛市,城阳区,青岛市城阳区王沙路1169号,af1ae56b8e1db8134207c1e6,1,2,120.48798,36.315153,(0532)87987678,hospital,http://api.map.baidu.com/place/detail?uid=af1ae56b8e1db8134207c1e6&output=html&source=placeapi_v2,,00:00-24:00,0,,,,,,,7,0,,,,,,,120.48800767061,36.31547138298,2
e96b4420b4a5765882288afd,胶北卫生院,医疗,综合医院,山东省,青岛市,胶州市,青岛市胶州市,,1,1,119.967273,36.37039,,hospital,http://api.map.baidu.com/place/detail?uid=e96b4420b4a5765882288afd&output=html&source=placeapi_v2,,,0.0,,,,,,,4,,,,,,,,119.96677892028,36.370390193836,1
8ae0dff3ac0b81e23913fd83,永硕大药房,医疗,综合医院,山东省,青岛市,胶州市,青岛市胶州市飞龙街贵都花园西北侧约170米,,1,0,120.157643,36.361911,,hospital,http://api.map.baidu.com/place/detail?uid=8ae0dff3ac0b81e23913fd83&output=html&source=placeapi_v2,,,,,,,,,,14,,,,,,,,,,0
e40ed7ef9b3dd095ede4a50d,即墨区市南医院,医疗,综合医院,山东省,青岛市,即墨区,青岛市即墨区烟青路95号,e40ed7ef9b3dd095ede4a50d,1,1,120.446808,36.364149,,hospital,http://api.map.baidu.com/place/detail?uid=e40ed7ef9b3dd095ede4a50d&output=html&source=placeapi_v2,,08:30-18:00,0,,,,,,,4,0,,,,,,,120.44681935867,36.363977088413,1
0058610862a8d6a446e2742b,即墨东方医院,医疗,综合医院,山东省,青岛市,即墨区,青岛市即墨区市南七路88号,0058610862a8d6a446e2742b,1,1,120.435416,36.351429,(0532)88598206,hospital,http://api.map.baidu.com/place/detail?uid=0058610862a8d6a446e2742b&output=html&source=placeapi_v2,,08:30-18:00,0,,,,,,,5,0,,,,,,,120.43530811524,36.350953814866,1
9e05b74fcdacb0b69e95de71,山东大学校医院(青岛校区),医疗,综合医院,山东省,青岛市,即墨区,青岛市即墨区,,1,0,120.696418,36.364819,,hospital,http://api.map.baidu.com/place/detail?uid=9e05b74fcdacb0b69e95de71&output=html&source=placeapi_v2,,,,,,,,,,0,,,,,,,,,,0
bff8fa7dd40830a1c8213dc0,胶州市马店镇卫生院,医疗,综合医院,山东省,青岛市,胶州市,青岛市胶州市马店镇驻地217省道南,bff8fa7dd40830a1c8213dc0,1,1,120.02699,36.390868,(0532)83220211,hospital,http://api.map.baidu.com/place/detail?uid=bff8fa7dd40830a1c8213dc0&output=html&source=placeapi_v2,,,0,,,,,,,3,0,,,,,,,120.02764982728,36.391075931241,1
3180c0669613d46cab059d0d,青岛市即墨区蓝村卫生院,医疗,综合医院,山东省,青岛市,即墨区,青岛市即墨区蓝村镇振兴路26号,3180c0669613d46cab059d0d,1,2,120.189825,36.405936,,hospital,http://api.map.baidu.com/place/detail?uid=3180c0669613d46cab059d0d&output=html&source=placeapi_v2,,,0,,,,,,,2,0,,,,,,,120.18939653543,36.405684316482,2
00437249b3df16e3acee7a7e,即墨京源医院,医疗,综合医院,山东省,青岛市,即墨区,青岛市即墨区蓝鳌路1619号,00437249b3df16e3acee7a7e,1,2,120.382333,36.396601,(0532)88515102,hospital,http://api.map.baidu.com/place/detail?uid=00437249b3df16e3acee7a7e&output=html&source=placeapi_v2,,,,,,,,,,1,,,,,,,,120.38238849119,36.396766320221,2
724a1a3989ed789a018972e3,上和中医院,医疗,综合医院,山东省,青岛市,即墨区,山东省青岛市即墨区通济街道办事处阎家岭村淮涉河二路386号,,1,0,120.364927,36.382684,,hospital,http://api.map.baidu.com/place/detail?uid=724a1a3989ed789a018972e3&output=html&source=placeapi_v2,,,,,,,,,,1,,,,,,,,120.36498298202,36.38242742634,0
083a55fa04f96604246e98ee,即墨市中医院,医疗,综合医院,山东省,青岛市,即墨区,青岛市即墨区蓝鳌路1281号,083a55fa04f96604246e98ee,1,4,120.444165,36.396203,(0532)88555086,hospital,http://api.map.baidu.com/place/detail?uid=083a55fa04f96604246e98ee&output=html&source=placeapi_v2,0.0,"07:30-11:30,13:30-17:00",0,,,,,,,5,0,,,,,,,120.44368025612,36.396605152001,4
4cf8d24e7b5204e59cf7792b,即墨区人民医院,医疗,综合医院,山东省,青岛市,即墨区,青岛市即墨区健民街4号,4cf8d24e7b5204e59cf7792b,1,6,120.462238,36.390518,(0532)88512122,hospital,http://api.map.baidu.com/place/detail?uid=4cf8d24e7b5204e59cf7792b&output=html&source=placeapi_v2,,"08:00-12:00,13:30-17:00",0,,,,,,,2,0,,,,,,,120.46178962539,36.389532471527,6
2e16b9093d22455e932ca3a1,即墨博爱医院,医疗,综合医院,山东省,青岛市,即墨区,鹤山路248号,2e16b9093d22455e932ca3a1,1,0,120.466849,36.404104,"17362251923,4000505658",hospital,http://api.map.baidu.com/place/detail?uid=2e16b9093d22455e932ca3a1&output=html&source=placeapi_v2,0.0,08:00-20:00,0,,,,,,,6,0,,,,,,,120.46662166193,36.404070387964,0
303c7622d85e8846daeced15,即墨市建旭医院,医疗,综合医院,山东省,青岛市,即墨区,青岛市即墨区蓝鳌路932号,303c7622d85e8846daeced15,1,2,120.434385,36.396723,,hospital,http://api.map.baidu.com/place/detail?uid=303c7622d85e8846daeced15&output=html&source=placeapi_v2,,,0,,,,,,,6,0,,,,,,,120.43438932747,36.396546685706,2
df0aafc6b73a31d29dec2bb7,吉祥中医院,医疗,综合医院,山东省,青岛市,即墨区,青岛市即墨区,,1,0,120.442381,36.3896,,hospital,http://api.map.baidu.com/place/detail?uid=df0aafc6b73a31d29dec2bb7&output=html&source=placeapi_v2,,,,,,,,,,5,,,,,,,,120.44241794734,36.38978851549,0
1eeed5467941d6f3b5147f2b,青岛佳和医院,医疗,综合医院,山东省,青岛市,即墨区,青岛市即墨区经济开发区泰山二路255号,1eeed5467941d6f3b5147f2b,1,3,120.492561,36.39287,(0532)87568999,hospital,http://api.map.baidu.com/place/detail?uid=1eeed5467941d6f3b5147f2b&output=html&source=placeapi_v2,,,0,,,,,,,0,0,,,,,,,120.4937155464,36.392382068451,3
74beb28227e097e2d518b78c,即墨爱心医院,医疗,综合医院,山东省,青岛市,即墨区,青岛市即墨区烟青一级路220号,74beb28227e097e2d518b78c,1,1,120.507219,36.400844,,hospital,http://api.map.baidu.com/place/detail?uid=74beb28227e097e2d518b78c&output=html&source=placeapi_v2,0.0,,0,,,,,,,0,0,,,,,,,120.50704901029,36.400326674224,1
fd13a3f22957d1fbb1077d2b,青岛国金中医医院,医疗,综合医院,山东省,青岛市,即墨区,青岛市即墨区泰山三路139号,fd13a3f22957d1fbb1077d2b,1,1,120.498836,36.412862,(0532)87567188,hospital,http://api.map.baidu.com/place/detail?uid=fd13a3f22957d1fbb1077d2b&output=html&source=placeapi_v2,,,,,,,,,,6,,,,,,,,120.49898004303,36.412538252142,1
ef32251f3915f595ab0dd896,润露医院,医疗,综合医院,山东省,青岛市,即墨区,青岛市即墨区兴和路与阳辉路交叉路口西侧,,1,0,120.201648,36.416893,,hospital,http://api.map.baidu.com/place/detail?uid=ef32251f3915f595ab0dd896&output=html&source=placeapi_v2,,,0,,,,,,,2,0,,,,,,,120.20164568563,36.416748362565,0
cde716a724ae673d25d2bbb5,即墨市济康医院,医疗,综合医院,山东省,青岛市,即墨区,青岛市即墨区通济街道办事处小李村青威路,cde716a724ae673d25d2bbb5,1,2,120.444644,36.418964,"(0532)88509766,(0532)88509786",hospital,http://api.map.baidu.com/place/detail?uid=cde716a724ae673d25d2bbb5&output=html&source=placeapi_v2,,,0.0,,,,,,,0,,,,,,,,120.44456035118,36.418520844163,2
bd3b9f67f0a9a0ffd6b74e27,京源信达中医医院,医疗,综合医院,山东省,青岛市,即墨区,即墨区烟青路1277号,bd3b9f67f0a9a0ffd6b74e27,1,0,120.463225,36.437105,(0532)87518066,hospital,http://api.map.baidu.com/place/detail?uid=bd3b9f67f0a9a0ffd6b74e27&output=html&source=placeapi_v2,,,0.0,,,,,,,0,,,,,,,,120.46273458439,36.436753535334,0
fd13a3f22957d1fbb1077d2b,青岛国金中医医院,医疗,综合医院,山东省,青岛市,即墨区,青岛市即墨区泰山三路139号,fd13a3f22957d1fbb1077d2b,1,1,120.498836,36.412862,(0532)87567188,hospital,http://api.map.baidu.com/place/detail?uid=fd13a3f22957d1fbb1077d2b&output=html&source=placeapi_v2,,,,,,,,,,6,,,,,,,,120.49898004303,36.412538252142,1
2786540ce9c6a2f9d5b74ed1,灵山卫生院,医疗,综合医院,山东省,青岛市,即墨区,灵山镇,2786540ce9c6a2f9d5b74ed1,1,1,120.460385,36.541693,,hospital,http://api.map.baidu.com/place/detail?uid=2786540ce9c6a2f9d5b74ed1&output=html&source=placeapi_v2,,,5,,,,,,,3,1,,,,,,,120.46021259796,36.541165489425,1
