TIMESTAMP,TRACK_ID,OBJECT_TYPE,X,Y,CITY_NAME,latitude,longitude,Location
315973418.18193364,00000000-0000-0000-0000-000000000000,AV,502.9894738870528,3989.3995473928735,MIA,25.810519169080756,-80.1913088502171,Miami
315973418.18193364,00000000-0000-0000-0000-000000090973,OTHERS,484.405546306114,3994.667340754555,MIA,25.810567764131754,-80.19149390744415,Miami
315973418.18193364,00000000-0000-0000-0000-000000091333,OTHERS,472.2863122587359,3994.185572306736,MIA,25.810564086457145,-80.1916148299165,Miami
315973418.18193364,00000000-0000-0000-0000-000000091865,OTHERS,510.15269676977806,3992.86168640668,MIA,25.810550031890614,-80.1912371827149,Miami
315973418.18193364,00000000-0000-0000-0000-000000091884,OTHERS,538.4425212155652,3997.044546947524,MIA,25.810586229496934,-80.19095472687023,Miami
315973418.18193364,00000000-0000-0000-0000-000000091297,OTHERS,511.9803971511302,3996.920817374948,MIA,25.810586581137002,-80.19121870199119,Miami
315973418.18193364,00000000-0000-0000-0000-000000091886,OTHERS,520.2300954688537,3993.820385464752,MIA,25.810558128878984,-80.19113659891721,Miami
315973418.18193364,00000000-0000-0000-0000-000000091945,OTHERS,546.4298471692534,3973.997508276986,MIA,25.81037768990556,-80.1908764645946,Miami
315973418.18193364,00000000-0000-0000-0000-000000092040,OTHERS,558.4945862553471,4014.666701949684,MIA,25.81074422998043,-80.19075362050512,Miami
315973418.18193364,00000000-0000-0000-0000-000000092043,OTHERS,418.801458638415,3995.306786539238,MIA,25.810577175953778,-80.19214828853572,Miami
315973418.18193364,00000000-0000-0000-0000-000000091968,OTHERS,480.8512609359007,3988.548211443959,MIA,25.810512710508615,-80.19152973752726,Miami
315973418.18193364,00000000-0000-0000-0000-000000092002,OTHERS,504.9357696265699,4002.027997709286,MIA,25.810633085796784,-80.19128866113515,Miami
315973418.18193364,00000000-0000-0000-0000-000000091973,AGENT,495.9872252823858,3992.573282647036,MIA,25.810548213896165,-80.19137850513734,Miami
315973418.18193364,00000000-0000-0000-0000-000000091521,OTHERS,503.7619379593376,3996.034759652936,MIA,25.81057903683036,-80.19130073788313,Miami
315973418.18193364,00000000-0000-0000-0000-000000091449,OTHERS,523.7331555658641,3990.31846656998,MIA,25.810526314943182,-80.19110186960434,Miami
315973418.18193364,00000000-0000-0000-0000-000000092010,OTHERS,548.9328740432109,3961.761737052757,MIA,25.81026707179844,-80.19085224674231,Miami
315973418.18193364,00000000-0000-0000-0000-000000091848,OTHERS,551.3896123445447,3978.378106942025,MIA,25.81041696779745,-80.19082672084248,Miami
315973418.18193364,00000000-0000-0000-0000-000000092034,OTHERS,564.2679985614303,4009.9122953628553,MIA,25.81070098092464,-80.19069632062939,Miami
315973418.18193364,00000000-0000-0000-0000-000000092001,OTHERS,460.8302324237909,3989.7017254927337,MIA,25.810524236358464,-80.19172938244706,Miami
315973418.18193364,00000000-0000-0000-0000-000000091991,OTHERS,498.24592449456594,4001.625828643317,MIA,25.810629825756585,-80.1913554190079,Miami
315973418.18193364,00000000-0000-0000-0000-000000092025,OTHERS,546.4735474457929,3974.976551082537,MIA,25.810386527445395,-80.19087596861966,Miami
315973418.18193364,00000000-0000-0000-0000-000000091990,OTHERS,553.5125917629023,4016.101327345492,MIA,25.810757460128322,-80.1908032294331,Miami
315973418.18193364,00000000-0000-0000-0000-000000091534,OTHERS,544.986426966002,3993.612349025265,MIA,25.81055487621859,-80.19088965999526,Miami
315973418.18193364,00000000-0000-0000-0000-000000092036,OTHERS,545.5361835657064,3960.557698892623,MIA,25.810256388892455,-80.19088620349625,Miami
315973418.18193364,00000000-0000-0000-0000-000000091982,OTHERS,546.5670769453756,3969.003396947755,MIA,25.810332589493054,-80.19087540201795,Miami
315973418.3058928,00000000-0000-0000-0000-000000000000,AV,503.8787141037817,3989.4446537728186,MIA,25.81051952700983,-80.19129997702152,Miami
315973418.3058928,00000000-0000-0000-0000-000000090973,OTHERS,484.72940288715097,3994.662514488378,MIA,25.810567702587367,-80.19149067717474,Miami
315973418.3058928,00000000-0000-0000-0000-000000091333,OTHERS,472.3983934156929,3994.151661033636,MIA,25.810563774048514,-80.19161371395197,Miami
315973418.3058928,00000000-0000-0000-0000-000000091865,OTHERS,510.9881854767203,3992.853486783087,MIA,25.810549911488074,-80.19122884897232,Miami
315973418.3058928,00000000-0000-0000-0000-000000091884,OTHERS,538.4425212155652,3997.044546947524,MIA,25.810586229496934,-80.19095472687023,Miami
315973418.3058928,00000000-0000-0000-0000-000000091297,OTHERS,512.5631457777482,3997.346088266836,MIA,25.810590388648883,-80.19121286282602,Miami
315973418.3058928,00000000-0000-0000-0000-000000091886,OTHERS,521.063143499424,3993.8891942334026,MIA,25.810558703929765,-80.19112828479868,Miami
315973418.3058928,00000000-0000-0000-0000-000000091945,OTHERS,546.5521601366909,3973.52416955052,MIA,25.810373409248136,-80.19087527352234,Miami
315973418.3058928,00000000-0000-0000-0000-000000092040,OTHERS,558.6449321762568,4014.757759685207,MIA,25.810745043809543,-80.19075211517189,Miami
315973418.3058928,00000000-0000-0000-0000-000000092043,OTHERS,417.421185232954,3995.325717583738,MIA,25.810577423398723,-80.1921620560154,Miami
315973418.3058928,00000000-0000-0000-0000-000000091968,OTHERS,481.7287526194493,3988.648905261847,MIA,25.81051357101273,-80.19152097812054,Miami
315973418.3058928,00000000-0000-0000-0000-000000092002,OTHERS,503.8397526250893,4001.911689453438,MIA,25.81063209644756,-80.19129960136502,Miami
315973418.3058928,00000000-0000-0000-0000-000000091973,AGENT,496.8652872122288,3992.62938302734,MIA,25.810548671716656,-80.19136974277242,Miami
315973418.3058928,00000000-0000-0000-0000-000000091521,OTHERS,504.16075496927033,3996.070982665157,MIA,25.81057934176384,-80.19129675734453,Miami
315973418.3058928,00000000-0000-0000-0000-000000091449,OTHERS,524.601960809618,3990.345207929222,MIA,25.810526508172536,-80.19109320137895,Miami
315973418.3058928,00000000-0000-0000-0000-000000092010,OTHERS,548.8894095364775,3962.130650999588,MIA,25.810270405206804,-80.19085265768351,Miami
315973418.3058928,00000000-0000-0000-0000-000000091848,OTHERS,551.3472494244169,3978.211120543276,MIA,25.810415462397263,-80.19082715366778,Miami
315973418.3058928,00000000-0000-0000-0000-000000092034,OTHERS,564.2679985614303,4009.9122953628553,MIA,25.81070098092464,-80.19069632062939,Miami
315973418.3058928,00000000-0000-0000-0000-000000092001,OTHERS,461.8345000073981,3989.6095070244287,MIA,25.810523348000736,-80.19171937023444,Miami
315973418.3058928,00000000-0000-0000-0000-000000091991,OTHERS,497.33826292893735,4001.668927287193,MIA,25.8106302652667,-80.19136447056304,Miami
315973418.3058928,00000000-0000-0000-0000-000000092025,OTHERS,546.4735474457929,3974.976551082537,MIA,25.810386527445395,-80.19087596861966,Miami
315973418.3058928,00000000-0000-0000-0000-000000091990,OTHERS,553.7791418983564,4016.207216350597,MIA,25.810758401419925,-80.19080056401711,Miami
315973418.3058928,00000000-0000-0000-0000-000000091534,OTHERS,545.8748142915941,3993.5720459924096,MIA,25.81055446299131,-80.19088080054317,Miami
315973418.3058928,00000000-0000-0000-0000-000000092036,OTHERS,545.5673725324601,3960.492727611517,MIA,25.810255800522636,-80.19088589636307,Miami
315973418.3058928,00000000-0000-0000-0000-000000091982,OTHERS,546.5284212990937,3968.909780858814,MIA,25.810331746361527,-80.19087579336085,Miami
315973418.443537,00000000-0000-0000-0000-000000000000,AV,504.9005798992135,3989.49883540712,MIA,25.81051995952089,-80.19128978029072,Miami
315973418.443537,00000000-0000-0000-0000-000000090973,OTHERS,485.025191402886,3994.692191040942,MIA,25.810567954132722,-80.19148772477782,Miami
315973418.443537,00000000-0000-0000-0000-000000091333,OTHERS,472.33111353760256,3994.157718022872,MIA,25.810563832470276,-80.19161438471745,Miami
315973418.443537,00000000-0000-0000-0000-000000091865,OTHERS,511.8020982143824,3992.866329904607,MIA,25.810549982281476,-80.19122072916619,Miami
315973418.443537,00000000-0000-0000-0000-000000091884,OTHERS,538.4425212155652,3997.044546947524,MIA,25.810586229496934,-80.19095472687023,Miami
315973418.443537,00000000-0000-0000-0000-000000091297,OTHERS,512.7098275056404,3997.397445503133,MIA,25.810590844222766,-80.19121139648333,Miami
315973418.443537,00000000-0000-0000-0000-000000091886,OTHERS,522.0011157292997,3993.976916250299,MIA,25.810559443927712,-80.19111892287056,Miami
315973418.443537,00000000-0000-0000-0000-000000091945,OTHERS,546.5766680528579,3973.7194895533394,MIA,25.810375171469378,-80.1908750170685,Miami
315973418.443537,00000000-0000-0000-0000-000000091521,OTHERS,504.5909451003554,3996.159260535218,MIA,25.810580114969618,-80.1912924606584,Miami
315973418.443537,00000000-0000-0000-0000-000000091449,OTHERS,525.5200608829425,3990.373468124884,MIA,25.810526712379062,-80.19108404133013,Miami
315973418.443537,00000000-0000-0000-0000-000000092010,OTHERS,548.9258214038675,3961.9374794249793,MIA,25.810268659001768,-80.19085230631434,Miami
315973418.443537,00000000-0000-0000-0000-000000091968,OTHERS,482.5846035467032,3988.61526316182,MIA,25.810513219771817,-80.19151244282003,Miami
315973418.443537,00000000-0000-0000-0000-000000092002,OTHERS,503.0886425950832,4002.00053292229,MIA,25.81063294031276,-80.1913070884669,Miami
315973418.443537,00000000-0000-0000-0000-000000091973,AGENT,497.7475943691215,3992.6484441970833,MIA,25.810548794866854,-80.19136094033063,Miami
315973418.443537,00000000-0000-0000-0000-000000091848,OTHERS,551.3472494244169,3978.211120543276,MIA,25.810415462397263,-80.19082715366778,Miami
315973418.443537,00000000-0000-0000-0000-000000092034,OTHERS,564.3325971211698,4009.974141118629,MIA,25.810701535754443,-80.19069567244465,Miami
315973418.443537,00000000-0000-0000-0000-000000092043,OTHERS,416.26944578807627,3995.394951623224,MIA,25.810578112369882,-80.19217354072016,Miami
315973418.443537,00000000-0000-0000-0000-000000092040,OTHERS,558.695547718717,4014.806533311979,MIA,25.81074548138531,-80.19075160727404,Miami
315973418.443537,00000000-0000-0000-0000-000000091534,OTHERS,546.7272768832054,3993.66118694124,MIA,25.810555220532684,-80.190872291511,Miami
315973418.443537,00000000-0000-0000-0000-000000091982,OTHERS,546.5588274012242,3968.879775324972,MIA,25.810331473747613,-80.1908754918921,Miami
315973418.443537,00000000-0000-0000-0000-000000092036,OTHERS,545.4909922951713,3960.325393827821,MIA,25.81025429387423,-80.19088666854016,Miami
315973418.443537,00000000-0000-0000-0000-000000092001,OTHERS,462.6187851612986,3989.549472202147,MIA,25.810522762435713,-80.19171155043905,Miami
315973418.443537,00000000-0000-0000-0000-000000091991,OTHERS,496.5262404519723,4001.6267003048506,MIA,25.810629929047955,-80.19137257332012,Miami
315973418.443537,00000000-0000-0000-0000-000000092025,OTHERS,546.4735474457929,3974.976551082537,MIA,25.810386527445395,-80.19087596861966,Miami
315973418.443537,00000000-0000-0000-0000-000000091990,OTHERS,553.7278793027084,4017.164158901165,MIA,25.81076704468439,-80.19080101667404,Miami
315973418.5574612,00000000-0000-0000-0000-000000000000,AV,505.66249368472864,3989.5395822484975,MIA,25.810520285151394,-80.19128217748057,Miami
315973418.5574612,00000000-0000-0000-0000-000000090973,OTHERS,485.3176363434648,3994.691277769541,MIA,25.810567929662064,-80.19148480760897,Miami
315973418.5574612,00000000-0000-0000-0000-000000091990,OTHERS,554.1491936610504,4017.448505142869,MIA,25.810769588707064,-80.1907967964891,Miami
315973418.5574612,00000000-0000-0000-0000-000000091991,OTHERS,495.61751332543366,4001.580552215312,MIA,25.8106295627901,-80.19138164097551,Miami
315973418.5574612,00000000-0000-0000-0000-000000092001,OTHERS,462.6092904311989,3989.5215370776,MIA,25.81052251073066,-80.19171164686348,Miami
315973418.5574612,00000000-0000-0000-0000-000000091848,OTHERS,551.3472494244169,3978.211120543276,MIA,25.810415462397263,-80.19082715366778,Miami
315973418.5574612,00000000-0000-0000-0000-000000092034,OTHERS,564.4212172082501,4009.988998163268,MIA,25.81070166498017,-80.19069478752071,Miami
315973418.5574612,00000000-0000-0000-0000-000000091333,OTHERS,472.72617714757246,3994.172208585637,MIA,25.810563941394076,-80.19161044295303,Miami
315973418.5574612,00000000-0000-0000-0000-000000092043,OTHERS,415.3147382725483,3995.4267380237984,MIA,25.810578452296394,-80.19218306226603,Miami
315973418.5574612,00000000-0000-0000-0000-000000092040,OTHERS,558.7873544544501,4014.861333084969,MIA,25.810745971084973,-80.19075068811159,Miami
315973418.5574612,00000000-0000-0000-0000-000000091865,OTHERS,512.6013703562811,3992.8952713089807,MIA,25.81055019924145,-80.1912127544173,Miami
315973418.5574612,00000000-0000-0000-0000-000000091297,OTHERS,513.1701085225777,3997.779967467717,MIA,25.81059427254276,-80.19120678158966,Miami
315973418.5574612,00000000-0000-0000-0000-000000091886,OTHERS,522.6455828104358,3994.074376964403,MIA,25.810560288148547,-80.19111248814541,Miami
315973418.5574612,00000000-0000-0000-0000-000000091945,OTHERS,546.5326644648884,3973.707222695972,MIA,25.81037506315266,-80.19087545676898,Miami
315973418.5574612,00000000-0000-0000-0000-000000091973,AGENT,498.6056689524265,3992.6851172560496,MIA,25.81054907838229,-80.19135237853624,Miami
315973418.5574612,00000000-0000-0000-0000-000000091521,OTHERS,504.9409656490884,3996.251358459663,MIA,25.810580927116096,-80.1912889634534,Miami
315973418.5574612,00000000-0000-0000-0000-000000091449,OTHERS,526.3577909316276,3990.3762084678815,MIA,25.810526690622446,-80.19107568456066,Miami
315973418.5574612,00000000-0000-0000-0000-000000092010,OTHERS,548.8622033111543,3961.770804426618,MIA,25.81026715759328,-80.1908529511457,Miami
315973418.5574612,00000000-0000-0000-0000-000000091968,OTHERS,483.6093810246306,3988.6670010429975,MIA,25.810513630071156,-80.191502217195,Miami
315973418.5574612,00000000-0000-0000-0000-000000092002,OTHERS,502.05703053496353,4002.558047201347,MIA,25.81063803146221,-80.19131734492915,Miami
315973418.5574612,00000000-0000-0000-0000-000000091534,OTHERS,547.5895700583761,3993.654994700473,MIA,25.810555116746038,-80.19086369026347,Miami
315973418.5574612,00000000-0000-0000-0000-000000091982,OTHERS,546.6779756462397,3969.135608477544,MIA,25.810333777099284,-80.19087428766335,Miami
315973418.5574612,00000000-0000-0000-0000-000000092036,OTHERS,545.4630995125899,3960.232780037559,MIA,25.81025345919505,-80.19088695245877,Miami
315973418.69126844,00000000-0000-0000-0000-000000000000,AV,506.6454095438346,3989.5919004836296,MIA,25.81052070299768,-80.19127236940088,Miami
315973418.69126844,00000000-0000-0000-0000-000000091521,OTHERS,505.8384039894991,3996.471165412957,MIA,25.810582861994156,-80.19127999776393,Miami
315973418.69126844,00000000-0000-0000-0000-000000091990,OTHERS,554.6441210378018,4018.351895683401,MIA,25.81077771811191,-80.19079180401566,Miami
315973418.69126844,00000000-0000-0000-0000-000000091991,OTHERS,493.5425487677553,4001.377426228122,MIA,25.81062784385686,-80.19140235182263,Miami
315973418.69126844,00000000-0000-0000-0000-000000092001,OTHERS,465.2436812243353,3989.556608494811,MIA,25.81052268128257,-80.1916853658953,Miami
315973418.69126844,00000000-0000-0000-0000-000000092002,OTHERS,499.97956174026825,4002.722740774325,MIA,25.81063963379108,-80.19133805821025,Miami
315973418.69126844,00000000-0000-0000-0000-000000092040,OTHERS,559.028645401262,4014.944546486317,MIA,25.81074670903588,-80.1907482760548,Miami
315973418.69126844,00000000-0000-0000-0000-000000091297,OTHERS,514.0246713885131,3998.5421447624017,MIA,25.810601106961762,-80.19119821033864,Miami
315973418.69126844,00000000-0000-0000-0000-000000091886,OTHERS,524.3792591837506,3994.1000338089752,MIA,25.810560423581077,-80.19109519263995,Miami
315973418.69126844,00000000-0000-0000-0000-000000091945,OTHERS,546.5550852562594,3973.855706558304,MIA,25.810376402597242,-80.19087522400764,Miami
315973418.69126844,00000000-0000-0000-0000-000000091449,OTHERS,527.8685399084806,3990.4774993589726,MIA,25.8105275213394,-80.19106060818771,Miami
315973418.69126844,00000000-0000-0000-0000-000000092010,OTHERS,549.0134423966816,3962.3803063883806,MIA,25.810272652506885,-80.19085140510855,Miami
315973418.69126844,00000000-0000-0000-0000-000000091865,OTHERS,514.2346927833122,3992.9380573032495,MIA,25.81055049491788,-80.1911964589229,Miami
315973418.69126844,00000000-0000-0000-0000-000000090973,OTHERS,485.8771443992058,3994.727413789941,MIA,25.810568224900095,-80.19147922413566,Miami
315973418.69126844,00000000-0000-0000-0000-000000091848,OTHERS,551.7339917201025,3981.463517832841,MIA,25.81044480744488,-80.1908230962956,Miami
315973418.69126844,00000000-0000-0000-0000-000000092034,OTHERS,564.5274892371227,4009.923536432211,MIA,25.810701068011976,-80.19069373144104,Miami
315973418.69126844,00000000-0000-0000-0000-000000091333,OTHERS,472.60962150407823,3994.29112239865,MIA,25.810565021555362,-80.1916115983427,Miami
315973418.69126844,00000000-0000-0000-0000-000000092043,OTHERS,415.3147382725483,3995.4267380237984,MIA,25.810578452296394,-80.19218306226603,Miami
315973418.69126844,00000000-0000-0000-0000-000000091973,AGENT,500.2433756868345,3992.779533851804,MIA,25.810549840013792,-80.19133603614199,Miami
315973418.69126844,00000000-0000-0000-0000-000000091968,OTHERS,485.4341396966177,3988.700386985084,MIA,25.8105138302846,-80.19148401264921,Miami
315973418.69126844,00000000-0000-0000-0000-000000092046,OTHERS,547.6207310656557,3954.30919066328,MIA,25.810199854172264,-80.19086579284871,Miami
315973418.69126844,00000000-0000-0000-0000-000000091534,OTHERS,549.3346584215559,3993.7698085924353,MIA,25.810556056531475,-80.19084627545243,Miami
315973418.69126844,00000000-0000-0000-0000-000000091982,OTHERS,546.6334839990145,3969.080670098088,MIA,25.81033328352027,-80.19087473484956,Miami
315973418.69126844,00000000-0000-0000-0000-000000092036,OTHERS,545.6002826840966,3960.652515365221,MIA,25.810257241449918,-80.1908855582746,Miami
315973418.81977034,00000000-0000-0000-0000-000000000000,AV,507.5723739179092,3989.6428149425496,MIA,25.810521111273317,-80.19126311953957,Miami
315973418.81977034,00000000-0000-0000-0000-000000091521,OTHERS,506.2273300126089,3996.6849937691663,MIA,25.810584771108918,-80.19127610500203,Miami
315973418.81977034,00000000-0000-0000-0000-000000091991,OTHERS,492.3268315812182,4001.296339717549,MIA,25.810627179164463,-80.19141448393765,Miami
315973418.81977034,00000000-0000-0000-0000-000000092001,OTHERS,465.2490921504949,3989.424636983071,MIA,25.810521489386037,-80.19168532000654,Miami
315973418.81977034,00000000-0000-0000-0000-000000092002,OTHERS,498.7115514591394,4002.786750673837,MIA,25.810640282109286,-80.19135070307125,Miami
315973418.81977034,00000000-0000-0000-0000-000000091449,OTHERS,528.7040172362558,3990.524049810157,MIA,25.810527895276387,-80.19105227120312,Miami
315973418.81977034,00000000-0000-0000-0000-000000092010,OTHERS,549.0097137530099,3962.675736639175,MIA,25.810275320210575,-80.19085142418122,Miami
315973418.81977034,00000000-0000-0000-0000-000000091534,OTHERS,550.1632906591153,3993.79017656454,MIA,25.810556194429537,-80.19083800835338,Miami
315973418.81977034,00000000-0000-0000-0000-000000091982,OTHERS,546.6408876335123,3969.114429228771,MIA,25.810333587926912,-80.19087465892555,Miami
315973418.81977034,00000000-0000-0000-0000-000000092036,OTHERS,545.5946945185743,3960.784695533448,MIA,25.810258435240392,-80.19088560591052,Miami
315973418.81977034,00000000-0000-0000-0000-000000091865,OTHERS,514.9910580566083,3992.944365259653,MIA,25.81055050989604,-80.19118891357036,Miami
315973418.81977034,00000000-0000-0000-0000-000000090973,OTHERS,486.07830224589,3994.741901856552,MIA,25.810568344555506,-80.1914772166386,Miami
315973418.81977034,00000000-0000-0000-0000-000000091848,OTHERS,551.7375977390743,3981.135005230984,MIA,25.810441841041154,-80.1908230804762,Miami
315973418.81977034,00000000-0000-0000-0000-000000092034,OTHERS,564.5993664400418,4009.798226784407,MIA,25.810699932575513,-80.1906930221321,Miami
315973418.81977034,00000000-0000-0000-0000-000000091990,OTHERS,554.8455491985221,4018.928508927933,MIA,25.810782913278857,-80.19078975933428,Miami
315973418.81977034,00000000-0000-0000-0000-000000091297,OTHERS,514.3285071687081,3998.8866162404793,MIA,25.810604200398693,-80.19119515836513,Miami
315973418.81977034,00000000-0000-0000-0000-000000091886,OTHERS,525.0447463396924,3994.1531980540217,MIA,25.810560866672745,-80.19108855094954,Miami
315973418.81977034,00000000-0000-0000-0000-000000091945,OTHERS,546.5238223920642,3973.5396047481895,MIA,25.810373550188835,-80.19087555525246,Miami
315973418.81977034,00000000-0000-0000-0000-000000092050,OTHERS,538.3109786865516,4009.790057270012,MIA,25.81070131846577,-80.19095525732999,Miami
315973418.81977034,00000000-0000-0000-0000-000000092040,OTHERS,559.1219243359311,4015.183499589491,MIA,25.81074886140953,-80.19074733090912,Miami
315973418.81977034,00000000-0000-0000-0000-000000091333,OTHERS,473.2650146127805,3994.342184575779,MIA,25.810565446250607,-80.1916050574732,Miami
315973418.81977034,00000000-0000-0000-0000-000000092043,OTHERS,411.3055243114322,3995.259849233248,MIA,25.810577167654927,-80.1922230655921,Miami
315973418.81977034,00000000-0000-0000-0000-000000091973,AGENT,501.08702122167887,3992.822596753072,MIA,25.810550182023547,-80.19132761788978,Miami
315973418.81977034,00000000-0000-0000-0000-000000091968,OTHERS,486.4724942275312,3988.761143633155,MIA,25.81051432126087,-80.19147365103623,Miami
315973418.81977034,00000000-0000-0000-0000-000000092046,OTHERS,547.5011074665587,3954.134224363346,MIA,25.810198281009388,-80.19086699685775,Miami
315973418.9532632,00000000-0000-0000-0000-000000000000,AV,508.59155510112646,3989.699259202346,MIA,25.81052156436045,-80.19125294944965,Miami
315973418.9532632,00000000-0000-0000-0000-000000091521,OTHERS,506.5965027526154,3996.727915297107,MIA,25.81058513816898,-80.19127241976292,Miami
315973418.9532632,00000000-0000-0000-0000-000000091865,OTHERS,515.810439434398,3992.959649193511,MIA,25.810550602422264,-80.19118073906328,Miami
315973418.9532632,00000000-0000-0000-0000-000000091991,OTHERS,491.0358876151239,4001.2152022073706,MIA,25.810626518184378,-80.19142736646542,Miami
315973418.9532632,00000000-0000-0000-0000-000000092001,OTHERS,466.1021879612144,3989.3365009580175,MIA,25.81052064627134,-80.19167681552705,Miami
315973418.9532632,00000000-0000-0000-0000-000000092002,OTHERS,497.5973904508505,4002.735178928253,MIA,25.81063987828065,-80.19136182032487,Miami
315973418.9532632,00000000-0000-0000-0000-000000091449,OTHERS,529.4599472756312,3990.5733968899735,MIA,25.81052829887981,-80.19104472755438,Miami
315973418.9532632,00000000-0000-0000-0000-000000092010,OTHERS,548.9813357105388,3962.64121765794,MIA,25.810275010107645,-80.19085170937723,Miami
315973418.9532632,00000000-0000-0000-0000-000000090973,OTHERS,486.3395640349473,3994.741436408689,MIA,25.810568325858167,-80.19147461050345,Miami
315973418.9532632,00000000-0000-0000-0000-000000091848,OTHERS,551.710294318671,3980.932315689453,MIA,25.810440012434277,-80.19082336526898,Miami
315973418.9532632,00000000-0000-0000-0000-000000092034,OTHERS,564.5993664400418,4009.798226784407,MIA,25.810699932575513,-80.1906930221321,Miami
315973418.9532632,00000000-0000-0000-0000-000000091990,OTHERS,554.8455491985221,4018.928508927933,MIA,25.810782913278857,-80.19078975933428,Miami
315973418.9532632,00000000-0000-0000-0000-000000091534,OTHERS,551.080318253638,3993.8108474147375,MIA,25.81055633015381,-80.19082885946614,Miami
315973418.9532632,00000000-0000-0000-0000-000000091982,OTHERS,546.6624715583164,3969.060093936506,MIA,25.81033309612474,-80.19087444695279,Miami
315973418.9532632,00000000-0000-0000-0000-000000092036,OTHERS,545.6442072308388,3960.700997230597,MIA,25.810257676763356,-80.19088511714172,Miami
315973418.9532632,00000000-0000-0000-0000-000000091297,OTHERS,514.6229459827638,3999.235714525599,MIA,25.81060733613342,-80.19119219984532,Miami
315973418.9532632,00000000-0000-0000-0000-000000091886,OTHERS,526.0756482660602,3994.193565990367,MIA,25.810561173940755,-80.19107826492389,Miami
315973418.9532632,00000000-0000-0000-0000-000000091945,OTHERS,546.6080492387689,3973.820269793639,MIA,25.810376079691284,-80.19087469785079,Miami
315973418.9532632,00000000-0000-0000-0000-000000092050,OTHERS,538.2832469765782,4009.634953083056,MIA,25.81069991953977,-80.19095554347525,Miami
315973418.9532632,00000000-0000-0000-0000-000000092040,OTHERS,559.171284630746,4015.35454982207,MIA,25.810750403113918,-80.1907468280312,Miami
315973418.9532632,00000000-0000-0000-0000-000000091333,OTHERS,473.257360826848,3994.223966599649,MIA,25.810564379262125,-80.19160514106676,Miami
315973418.9532632,00000000-0000-0000-0000-000000092043,OTHERS,410.06988649571474,3995.030488387159,MIA,25.810575165199985,-80.19223540549322,Miami
315973418.9532632,00000000-0000-0000-0000-000000091973,AGENT,501.9542932352258,3992.865792743129,MIA,25.810550523923453,-80.19131896394829,Miami
315973418.9532632,00000000-0000-0000-0000-000000091968,OTHERS,487.39668979936965,3988.756841859033,MIA,25.810514231144893,-80.19146443217976,Miami
315973418.9532632,00000000-0000-0000-0000-000000092046,OTHERS,547.6048458009957,3954.184084495069,MIA,25.8101987254465,-80.1908659589822,Miami
315973419.10493106,00000000-0000-0000-0000-000000000000,AV,509.69179757089415,3989.758137913004,MIA,25.81052203492945,-80.19124197060044,Miami
315973419.10493106,00000000-0000-0000-0000-000000090973,OTHERS,486.946176124676,3994.767888761943,MIA,25.810568531046755,-80.19146855774699,Miami
315973419.10493106,00000000-0000-0000-0000-000000091521,OTHERS,507.3447402901563,3996.985646452641,MIA,25.810587423750736,-80.19126494007011,Miami
315973419.10493106,00000000-0000-0000-0000-000000091848,OTHERS,551.5764838977302,3980.153387893511,MIA,25.81043298677501,-80.19082474784688,Miami
315973419.10493106,00000000-0000-0000-0000-000000091865,OTHERS,517.5117187282053,3993.0256442498944,MIA,25.810551103882524,-80.19116376425606,Miami
315973419.10493106,00000000-0000-0000-0000-000000091973,AGENT,503.4311589271575,3992.993737320057,MIA,25.810551597207134,-80.19130422393499,Miami
315973419.10493106,00000000-0000-0000-0000-000000092062,OTHERS,515.4525128659213,4002.2915710232505,MIA,25.81063488201106,-80.19118373729731,Miami
315973419.10493106,00000000-0000-0000-0000-000000091991,OTHERS,488.591072715835,4000.987282412872,MIA,25.810624595896396,-80.19145176819963,Miami
315973419.10493106,00000000-0000-0000-0000-000000092001,OTHERS,468.95371073767313,3989.3322613088208,MIA,25.810520449825898,-80.19164837101334,Miami
315973419.10493106,00000000-0000-0000-0000-000000092002,OTHERS,495.3884544330239,4002.679468773635,MIA,25.810639497829925,-80.1913838585431,Miami
315973419.10493106,00000000-0000-0000-0000-000000091534,OTHERS,552.8762848732773,3993.8552533887487,MIA,25.810556631383403,-80.1908109414483,Miami
315973419.10493106,00000000-0000-0000-0000-000000091982,OTHERS,546.7774051828815,3968.847197093035,MIA,25.81033116745693,-80.19087331351699,Miami
315973419.10493106,00000000-0000-0000-0000-000000092036,OTHERS,545.6496956651802,3960.799041506712,MIA,25.810258561719316,-80.19088505637937,Miami
315973419.10493106,00000000-0000-0000-0000-000000091990,OTHERS,554.8455491985221,4018.928508927933,MIA,25.810782913278857,-80.19078975933428,Miami
315973419.10493106,00000000-0000-0000-0000-000000092058,OTHERS,544.0185624006574,3950.3188824024096,MIA,25.810164024899965,-80.19090197017822,Miami
315973419.10493106,00000000-0000-0000-0000-000000091297,OTHERS,515.1052340030593,3999.8009814117377,MIA,25.81061241327056,-80.19118735421902,Miami
315973419.10493106,00000000-0000-0000-0000-000000091886,OTHERS,527.8002337047501,3994.2941957110215,MIA,25.810561986818392,-80.19106105550546,Miami
315973419.10493106,00000000-0000-0000-0000-000000091945,OTHERS,546.6510649436897,3973.5712148145312,MIA,25.81037382853764,-80.19087428403371,Miami
315973419.10493106,00000000-0000-0000-0000-000000092050,OTHERS,538.3191798127335,4009.6936894609626,MIA,25.810700447886987,-80.19095518143176,Miami
315973419.10493106,00000000-0000-0000-0000-000000092054,OTHERS,509.8043339665479,4021.9443595616553,MIA,25.810812644294735,-80.1912388746422,Miami
315973419.10493106,00000000-0000-0000-0000-000000091449,OTHERS,531.7726291277454,3990.6040229054656,MIA,25.81052844703106,-80.19102165600056,Miami
315973419.10493106,00000000-0000-0000-0000-000000092010,OTHERS,549.0749443408223,3962.5837557302175,MIA,25.810274486075485,-80.19085077913057,Miami
315973419.10493106,00000000-0000-0000-0000-000000092053,OTHERS,545.1780901839967,4023.009280341684,MIA,25.810820296123058,-80.19088594494991,Miami
315973419.10493106,00000000-0000-0000-0000-000000092040,OTHERS,559.4484459868544,4015.385890198129,MIA,25.810750670701367,-80.19074406133822,Miami
315973419.10493106,00000000-0000-0000-0000-000000091333,OTHERS,473.7113953649288,3994.365376576008,MIA,25.810565630894505,-80.19160060327178,Miami
315973419.10493106,00000000-0000-0000-0000-000000092043,OTHERS,410.06988649571474,3995.030488387159,MIA,25.810575165199985,-80.19223540549322,Miami
315973419.10493106,00000000-0000-0000-0000-000000091968,OTHERS,489.57577078226575,3988.908462225156,MIA,25.810515479256694,-80.19144268591845,Miami
315973419.10493106,00000000-0000-0000-0000-000000092046,OTHERS,547.6117554987333,3954.3025627620623,MIA,25.810199794825987,-80.1908658827889,Miami
315973419.24148816,00000000-0000-0000-0000-000000000000,AV,510.7492331830792,3989.817065244445,MIA,25.810522508312246,-80.19123141875907,Miami
315973419.24148816,00000000-0000-0000-0000-000000090973,OTHERS,487.2951289430597,3994.7880281472712,MIA,25.81056869352915,-80.19146507560492,Miami
315973419.24148816,00000000-0000-0000-0000-000000092046,OTHERS,547.6668885683439,3954.377025555879,MIA,25.81020046410388,-80.19086532825457,Miami
315973419.24148816,00000000-0000-0000-0000-000000092043,OTHERS,410.06988649571474,3995.030488387159,MIA,25.810575165199985,-80.19223540549322,Miami
315973419.24148816,00000000-0000-0000-0000-000000091968,OTHERS,490.42897087645326,3988.928477985273,MIA,25.81051561264549,-80.19143417377198,Miami
315973419.24148816,00000000-0000-0000-0000-000000091333,OTHERS,473.9512455786081,3994.306262936524,MIA,25.8105650838412,-80.1915982143176,Miami
315973419.24148816,00000000-0000-0000-0000-000000092054,OTHERS,509.7982781044682,4021.9934402866297,MIA,25.81081308779015,-80.19123893204213,Miami
315973419.24148816,00000000-0000-0000-0000-000000092040,OTHERS,559.5324971329824,4015.437902501736,MIA,25.810751135663047,-80.19074321971112,Miami
315973419.24148816,00000000-0000-0000-0000-000000092055,OTHERS,507.9411682527885,4017.433755479805,MIA,25.810772020577875,-80.19125773685455,Miami
315973419.24148816,00000000-0000-0000-0000-000000092050,OTHERS,538.3191798127335,4009.6936894609626,MIA,25.810700447886987,-80.19095518143176,Miami
315973419.24148816,00000000-0000-0000-0000-000000091945,OTHERS,546.568560484441,3972.7056933417375,MIA,25.810366018158202,-80.190875160128,Miami
315973419.24148816,00000000-0000-0000-0000-000000092058,OTHERS,543.8340987008619,3950.022762762137,MIA,25.810161361419684,-80.19090382841429,Miami
315973419.24148816,00000000-0000-0000-0000-000000091886,OTHERS,528.4769182988548,3994.253231503963,MIA,25.810561579383,-80.19105430788956,Miami
315973419.24148816,00000000-0000-0000-0000-000000092036,OTHERS,545.6157559740816,3960.802596730768,MIA,25.81025859570443,-80.19088539471885,Miami
315973419.24148816,00000000-0000-0000-0000-000000091297,OTHERS,515.3799297730835,4000.241873549456,MIA,25.810616378925257,-80.1911845870132,Miami
315973419.24148816,00000000-0000-0000-0000-000000091982,OTHERS,546.6421551229841,3969.0477218373785,MIA,25.810332985542647,-80.1908746503737,Miami
315973419.24148816,00000000-0000-0000-0000-000000091534,OTHERS,553.7213525280258,3993.9085793449294,MIA,25.810557065950835,-80.19080250837935,Miami
315973419.24148816,00000000-0000-0000-0000-000000092010,OTHERS,549.1018589631309,3962.581826602153,MIA,25.81027446716267,-80.1908505107683,Miami
315973419.24148816,00000000-0000-0000-0000-000000091449,OTHERS,532.6447361462375,3990.615475639112,MIA,25.810528502028394,-80.19101295577649,Miami
315973419.24148816,00000000-0000-0000-0000-000000092053,OTHERS,545.1914662540373,4022.971906751878,MIA,25.81081995792709,-80.19088581381182,Miami
315973419.24148816,00000000-0000-0000-0000-000000092002,OTHERS,494.3344192986498,4002.5550015455487,MIA,25.81063843247522,-80.19139438049132,Miami
315973419.24148816,00000000-0000-0000-0000-000000092001,OTHERS,469.7829473077958,3989.180122751801,MIA,25.81051903014119,-80.19164010845925,Miami
315973419.24148816,00000000-0000-0000-0000-000000091991,OTHERS,487.9433926261875,4000.9613282634914,MIA,25.81062439748545,-80.19145823059405,Miami
315973419.24148816,00000000-0000-0000-0000-000000092062,OTHERS,515.4525128659213,4002.2915710232505,MIA,25.81063488201106,-80.19118373729731,Miami
315973419.24148816,00000000-0000-0000-0000-000000091973,AGENT,504.2369196140741,3993.001437203213,MIA,25.810551622017815,-80.19129618576311,Miami
315973419.24148816,00000000-0000-0000-0000-000000091865,OTHERS,518.2044047135208,3993.04536740428,MIA,25.810551243521715,-80.19115685330054,Miami
315973419.24148816,00000000-0000-0000-0000-000000091848,OTHERS,551.6596580052446,3979.976162440106,MIA,25.810431381954107,-80.19082392903299,Miami
315973419.24148816,00000000-0000-0000-0000-000000091521,OTHERS,507.6649249056581,3997.091312152384,MIA,25.810588360058333,-80.19126173965519,Miami
315973419.3922824,00000000-0000-0000-0000-000000000000,AV,511.9710268296975,3989.880478397818,MIA,25.81052301307622,-80.19121922712331,Miami
315973419.3922824,00000000-0000-0000-0000-000000090973,OTHERS,487.87466728193664,3994.8055700757927,MIA,25.81056881976546,-80.19145929346327,Miami
315973419.3922824,00000000-0000-0000-0000-000000091333,OTHERS,474.4965264107489,3994.327436845592,MIA,25.810565244776996,-80.19159277368227,Miami
315973419.3922824,00000000-0000-0000-0000-000000091449,OTHERS,534.2417200363984,3990.715233373741,MIA,25.810529314108543,-80.19099701927868,Miami
315973419.3922824,00000000-0000-0000-0000-000000091521,OTHERS,508.4800324206692,3997.488435058876,MIA,25.810591900523633,-80.191253584368,Miami
315973419.3922824,00000000-0000-0000-0000-000000092040,OTHERS,559.6461233567765,4015.648167755152,MIA,25.810753027878665,-80.1907420733548,Miami
315973419.3922824,00000000-0000-0000-0000-000000091865,OTHERS,519.8376529301198,3993.066247656286,MIA,25.81055134140481,-80.19114055988953,Miami
315973419.3922824,00000000-0000-0000-0000-000000091534,OTHERS,555.6433268702289,3993.928243289097,MIA,25.81055713677979,-80.19078333491527,Miami
315973419.3922824,00000000-0000-0000-0000-000000092060,OTHERS,497.67793484180817,4010.019548287356,MIA,25.810705645790925,-80.19136057032374,Miami
315973419.3922824,00000000-0000-0000-0000-000000092073,OTHERS,570.8412538413477,4004.3664671453857,MIA,25.810650541527995,-80.19063109068024,Miami
315973419.3922824,00000000-0000-0000-0000-000000092053,OTHERS,545.1619288085865,4023.085067288705,MIA,25.810820981315256,-80.19088610151607,Miami
315973419.3922824,00000000-0000-0000-0000-000000092002,OTHERS,492.1203937490261,4002.438151008759,MIA,25.810637500253588,-80.19141647322671,Miami
315973419.3922824,00000000-0000-0000-0000-000000092055,OTHERS,507.9783447797074,4017.397026323879,MIA,25.81077168688012,-80.19125736825896,Miami
315973419.3922824,00000000-0000-0000-0000-000000092054,OTHERS,509.636062333846,4022.016132274119,MIA,25.81081330168287,-80.19124054880439,Miami
315973419.3922824,00000000-0000-0000-0000-000000092046,OTHERS,547.7006251321263,3954.24623672786,MIA,25.810199281313253,-80.19086499974583,Miami
315973419.3922824,00000000-0000-0000-0000-000000091968,OTHERS,492.47777797612383,3989.009351105501,MIA,25.810516229190263,-80.19141373136681,Miami
315973419.3922824,00000000-0000-0000-0000-000000092036,OTHERS,545.5970201462186,3960.2196118859583,MIA,25.810253332862064,-80.19088561737225,Miami
315973419.3922824,00000000-0000-0000-0000-000000091297,OTHERS,515.7469264633305,4001.015094912649,MIA,25.810623340121918,-80.19118087870093,Miami
315973419.3922824,00000000-0000-0000-0000-000000091982,OTHERS,546.4349483927481,3968.641893909245,MIA,25.810329332748278,-80.19087674221035,Miami
315973419.3922824,00000000-0000-0000-0000-000000092010,OTHERS,549.0203310165831,3963.046124205827,MIA,25.81027866392181,-80.19085129555174,Miami
315973419.3922824,00000000-0000-0000-0000-000000092001,OTHERS,471.79518239579176,3989.218754612192,MIA,25.810519267339043,-80.19162003345885,Miami
315973419.3922824,00000000-0000-0000-0000-000000091991,OTHERS,485.65252050305696,4000.801159181933,MIA,25.810623078385923,-80.19148109254941,Miami
315973419.3922824,00000000-0000-0000-0000-000000092062,OTHERS,515.4525128659213,4002.2915710232505,MIA,25.81063488201106,-80.19118373729731,Miami
315973419.3922824,00000000-0000-0000-0000-000000091973,AGENT,505.9494846233361,3993.088815613724,MIA,25.810552315939727,-80.19127909706653,Miami
315973419.3922824,00000000-0000-0000-0000-000000091945,OTHERS,546.568560484441,3972.7056933417375,MIA,25.810366018158202,-80.190875160128,Miami
315973419.3922824,00000000-0000-0000-0000-000000092058,OTHERS,543.9507980274185,3950.321224103607,MIA,25.810164049805802,-80.19090264600187,Miami
315973419.3922824,00000000-0000-0000-0000-000000091886,OTHERS,530.1987590419818,3994.384417165026,MIA,25.81056266830561,-80.19103712397626,Miami
315973419.3922824,00000000-0000-0000-0000-000000091848,OTHERS,551.7133203554095,3980.105047674581,MIA,25.810432542704135,-80.19082338582977,Miami
315973419.5502746,00000000-0000-0000-0000-000000000000,AV,513.2088419096251,3989.941612188423,MIA,25.81052349636921,-80.19120687580875,Miami
315973419.5502746,00000000-0000-0000-0000-000000090973,OTHERS,488.20556544093336,3994.828616739813,MIA,25.810569009499716,-80.19145599124359,Miami
315973419.5502746,00000000-0000-0000-0000-000000091333,OTHERS,474.54045726221847,3994.2586380770726,MIA,25.810564621142646,-80.19159233967531,Miami
315973419.5502746,00000000-0000-0000-0000-000000091449,OTHERS,534.2576090813019,3990.663858898504,MIA,25.810528849356462,-80.19099686393159,Miami
315973419.5502746,00000000-0000-0000-0000-000000092040,OTHERS,559.7251155153049,4015.781601588303,MIA,25.810754228291874,-80.19074127719749,Miami
315973419.5502746,00000000-0000-0000-0000-000000091865,OTHERS,520.6552347308715,3993.096382796155,MIA,25.810551568122598,-80.1911324024231,Miami
315973419.5502746,00000000-0000-0000-0000-000000092060,OTHERS,497.67793484180817,4010.019548287356,MIA,25.810705645790925,-80.19136057032374,Miami
315973419.5502746,00000000-0000-0000-0000-000000092073,OTHERS,570.723358002906,4004.406488029775,MIA,25.810650909431914,-80.19063226427112,Miami
315973419.5502746,00000000-0000-0000-0000-000000092053,OTHERS,545.1619288085865,4023.085067288705,MIA,25.810820981315256,-80.19088610151607,Miami
315973419.5502746,00000000-0000-0000-0000-000000092002,OTHERS,491.01204509092383,4002.351450142009,MIA,25.810636778909778,-80.19142753465336,Miami
315973419.5502746,00000000-0000-0000-0000-000000092055,OTHERS,507.6935807886192,4018.2063281251008,MIA,25.810779010025275,-80.1912601592505,Miami
315973419.5502746,00000000-0000-0000-0000-000000092054,OTHERS,509.5648945569436,4022.178978998264,MIA,25.810814776006907,-80.19124124874106,Miami
315973419.5502746,00000000-0000-0000-0000-000000092046,OTHERS,547.5252074989694,3954.257910132607,MIA,25.810199396454,-80.19086674886692,Miami
315973419.5502746,00000000-0000-0000-0000-000000091968,OTHERS,493.4102460180194,3989.058974453621,MIA,25.810516625511863,-80.19140442668453,Miami
315973419.5502746,00000000-0000-0000-0000-000000092036,OTHERS,545.8024485268925,3959.89104101496,MIA,25.810250354727,-80.19088358832263,Miami
315973419.5502746,00000000-0000-0000-0000-000000091297,OTHERS,515.9505265330533,4001.355752966264,MIA,25.810626404689412,-80.19117882684151,Miami
315973419.5502746,00000000-0000-0000-0000-000000091982,OTHERS,546.2295393878684,3967.4432890068488,MIA,25.810318521717974,-80.1908788647411,Miami
315973419.5502746,00000000-0000-0000-0000-000000091534,OTHERS,556.5507123131167,3993.966936994721,MIA,25.810557435767844,-80.19077428110563,Miami
315973419.5502746,00000000-0000-0000-0000-000000092010,OTHERS,549.1839535402331,3962.987285321592,MIA,25.810278123569525,-80.19084966698202,Miami
315973419.5502746,00000000-0000-0000-0000-000000092001,OTHERS,472.6339127503379,3989.226809550177,MIA,25.81051929354427,-80.19161166638487,Miami
315973419.5502746,00000000-0000-0000-0000-000000091991,OTHERS,485.0663835889598,4000.843021327656,MIA,25.810623488885778,-80.19148693687545,Miami
315973419.5502746,00000000-0000-0000-0000-000000091945,OTHERS,546.568560484441,3972.7056933417375,MIA,25.810366018158202,-80.190875160128,Miami
315973419.5502746,00000000-0000-0000-0000-000000092058,OTHERS,543.8988604248729,3950.041563387984,MIA,25.810161527578714,-80.19090318124609,Miami
315973419.5502746,00000000-0000-0000-0000-000000091886,OTHERS,531.0888091603139,3994.4132153143214,MIA,25.81056287892289,-80.19102824369821,Miami
315973419.5502746,00000000-0000-0000-0000-000000091973,AGENT,506.77292924178334,3993.147149191115,MIA,25.81055279694909,-80.19127087938793,Miami
315973419.5502746,00000000-0000-0000-0000-000000091848,OTHERS,551.6856377777505,3979.968868252009,MIA,25.81043131465097,-80.19082367032485,Miami
315973419.5502746,00000000-0000-0000-0000-000000091521,OTHERS,508.7701657854763,3997.6460268871856,MIA,25.810593307349727,-80.19125068053944,Miami
315973419.68865097,00000000-0000-0000-0000-000000000000,AV,514.3089589721031,3989.992415776779,MIA,25.810523894029835,-80.19119589870537,Miami
315973419.68865097,00000000-0000-0000-0000-000000090973,OTHERS,488.7963479006323,3994.82772054957,MIA,25.810568968630484,-80.19145009806863,Miami
315973419.68865097,00000000-0000-0000-0000-000000091449,OTHERS,536.0965398957914,3990.689503289293,MIA,25.810528978819832,-80.19097851848801,Miami
315973419.68865097,00000000-0000-0000-0000-000000091521,OTHERS,509.4309610837653,3997.9957922879016,MIA,25.81059642877798,-80.19124406746542,Miami
315973419.68865097,00000000-0000-0000-0000-000000092040,OTHERS,559.8137716916916,4016.0290070683495,MIA,25.810756457240306,-80.19074037764653,Miami
315973419.68865097,00000000-0000-0000-0000-000000092002,OTHERS,488.7227922327625,4002.235118446312,MIA,25.81063585554155,-80.19145037777162,Miami
315973419.68865097,00000000-0000-0000-0000-000000092053,OTHERS,545.1619288085865,4023.085067288705,MIA,25.810820981315256,-80.19088610151607,Miami
315973419.68865097,00000000-0000-0000-0000-000000091848,OTHERS,551.5828848913386,3979.8115211828026,MIA,25.81042989963927,-80.19082470496593,Miami
315973419.68865097,00000000-0000-0000-0000-000000092081,OTHERS,546.9067738436055,4001.150740160177,MIA,25.810622835183626,-80.19087004157467,Miami
315973419.68865097,00000000-0000-0000-0000-000000091973,AGENT,508.2590930303346,3993.217471923104,MIA,25.810553349433093,-80.19125605015557,Miami
315973419.68865097,00000000-0000-0000-0000-000000091865,OTHERS,522.2887658215442,3993.10668288326,MIA,25.8105515704569,-80.19111610683916,Miami
315973419.68865097,00000000-0000-0000-0000-000000091534,OTHERS,558.2542493017235,3993.998514087021,MIA,25.81055762628879,-80.19075728588739,Miami
315973419.68865097,00000000-0000-0000-0000-000000092072,OTHERS,543.021662381315,3944.0027471319513,MIA,25.810107050641214,-80.19091230191319,Miami
315973419.68865097,00000000-0000-0000-0000-000000092073,OTHERS,571.8724952790737,4004.191432804537,MIA,25.810648903836096,-80.19062081447653,Miami
315973419.68865097,00000000-0000-0000-0000-000000091333,OTHERS,475.3288629569109,3994.415416500772,MIA,25.810565992991034,-80.19158446548708,Miami
315973419.68865097,00000000-0000-0000-0000-000000092060,OTHERS,497.6557285725872,4010.058019841465,MIA,25.810705994390208,-80.1913607894797,Miami
315973419.68865097,00000000-0000-0000-0000-000000092055,OTHERS,507.92525925689176,4017.847605121275,MIA,25.810775758189045,-80.1912578701786,Miami
315973419.68865097,00000000-0000-0000-0000-000000092054,OTHERS,509.7671322581362,4021.978752659077,MIA,25.810812956901202,-80.1912392436323,Miami
315973419.68865097,00000000-0000-0000-0000-000000092046,OTHERS,547.4564945021617,3953.853122231554,MIA,25.81019574536097,-80.1908674591261,Miami
315973419.68865097,00000000-0000-0000-0000-000000091968,OTHERS,495.0942786565466,3989.1093482587103,MIA,25.81051698690803,-80.19138762488032,Miami
315973419.68865097,00000000-0000-0000-0000-000000092036,OTHERS,545.3482559195027,3959.523956807924,MIA,25.810247065469476,-80.19088814153129,Miami
315973419.68865097,00000000-0000-0000-0000-000000091297,OTHERS,516.3537808175611,4002.335433958448,MIA,25.81063522803743,-80.19117474418888,Miami
315973419.68865097,00000000-0000-0000-0000-000000091982,OTHERS,546.2295393878684,3967.4432890068488,MIA,25.810318521717974,-80.1908788647411,Miami
315973419.68865097,00000000-0000-0000-0000-000000092010,OTHERS,548.9179001419211,3962.30996158341,MIA,25.810272022654775,-80.19085236248323,Miami
315973419.68865097,00000000-0000-0000-0000-000000092001,OTHERS,474.67738357148806,3989.30579403648,MIA,25.81051989335719,-80.19159127732595,Miami
315973419.68865097,00000000-0000-0000-0000-000000091991,OTHERS,483.7601036833594,4001.2720178973054,MIA,25.810627434849497,-80.19149994111643,Miami
315973419.68865097,00000000-0000-0000-0000-000000092058,OTHERS,544.0547144129871,3950.107010216914,MIA,25.810162109858016,-80.19090162254776,Miami
315973419.68865097,00000000-0000-0000-0000-000000091886,OTHERS,532.4954113069225,3994.365751150851,MIA,25.81056237227808,-80.19101421533863,Miami
315973419.81831604,00000000-0000-0000-0000-000000000000,AV,515.4183146191547,3990.048268729773,MIA,25.81052433676859,-80.19118482913478,Miami
315973419.81831604,00000000-0000-0000-0000-000000090973,OTHERS,489.1047683872488,3994.860018291124,MIA,25.810569243141387,-80.19144701950331,Miami
315973419.81831604,00000000-0000-0000-0000-000000091449,OTHERS,536.9408126893986,3990.727360193344,MIA,25.81052927376812,-80.19097009429905,Miami
315973419.81831604,00000000-0000-0000-0000-000000091521,OTHERS,509.786893123036,3998.2239960303887,MIA,25.810598469520926,-80.19124050294597,Miami
315973419.81831604,00000000-0000-0000-0000-000000091865,OTHERS,523.0256099504152,3993.0963565489415,MIA,25.810551436320193,-80.19110875723581,Miami
315973419.81831604,00000000-0000-0000-0000-000000092002,OTHERS,487.4749792320665,4002.3550911710354,MIA,25.81063700802862,-80.19146281772895,Miami
315973419.81831604,00000000-0000-0000-0000-000000092060,OTHERS,497.6557285725872,4010.058019841465,MIA,25.810705994390208,-80.1913607894797,Miami
315973419.81831604,00000000-0000-0000-0000-000000091333,OTHERS,475.3369600935842,3994.2282461773407,MIA,25.810564302544705,-80.19158439618643,Miami
315973419.81831604,00000000-0000-0000-0000-000000091848,OTHERS,551.6558303402238,3980.04566560277,MIA,25.810432009724067,-80.19082396295157,Miami
315973419.81831604,00000000-0000-0000-0000-000000092081,OTHERS,546.9067738436055,4001.150740160177,MIA,25.810622835183626,-80.19087004157467,Miami
315973419.81831604,00000000-0000-0000-0000-000000091973,AGENT,509.1286204667493,3993.290172549389,MIA,25.810553957606633,-80.19124737190634,Miami
315973419.81831604,00000000-0000-0000-0000-000000092001,OTHERS,475.42431346302095,3989.2226657681854,MIA,25.810519101342276,-80.19158383157654,Miami
315973419.81831604,00000000-0000-0000-0000-000000091991,OTHERS,483.0379615275534,4000.9213074762974,MIA,25.810624308280108,-80.19150716619708,Miami
315973419.81831604,00000000-0000-0000-0000-000000092073,OTHERS,570.2353292086601,4004.395313485053,MIA,25.81065083563874,-80.19063713319076,Miami
315973419.81831604,00000000-0000-0000-0000-000000092040,OTHERS,559.7321312144605,4016.474758659927,MIA,25.810760486550496,-80.19074116468909,Miami
315973419.81831604,00000000-0000-0000-0000-000000091886,OTHERS,533.4420476550715,3994.381414984328,MIA,25.81056246116047,-80.19100477140184,Miami
315973419.81831604,00000000-0000-0000-0000-000000092058,OTHERS,543.9776745749109,3950.162871092399,MIA,25.81016261851376,-80.19090238761396,Miami
315973419.81831604,00000000-0000-0000-0000-000000092055,OTHERS,507.73946791476135,4018.1926641557375,MIA,25.810778884104156,-80.1912597023498,Miami
315973419.81831604,00000000-0000-0000-0000-000000092054,OTHERS,509.6347568303373,4022.0929424663473,MIA,25.810813995289365,-80.19124055711785,Miami
315973419.81831604,00000000-0000-0000-0000-000000092046,OTHERS,547.3888475189267,3953.530085629557,MIA,25.810192832357004,-80.190868153737,Miami
315973419.81831604,00000000-0000-0000-0000-000000091968,OTHERS,496.1082457692955,3989.1635209609526,MIA,25.81051741978286,-80.19137750694209,Miami
315973419.81831604,00000000-0000-0000-0000-000000092036,OTHERS,545.3482559195027,3959.523956807924,MIA,25.810247065469476,-80.19088814153129,Miami
315973419.81831604,00000000-0000-0000-0000-000000091297,OTHERS,516.9591925552544,4003.375393087887,MIA,25.810644584428314,-80.19116864125806,Miami
315973419.81831604,00000000-0000-0000-0000-000000091982,OTHERS,546.2295393878684,3967.4432890068488,MIA,25.810318521717974,-80.1908788647411,Miami
315973419.81831604,00000000-0000-0000-0000-000000092010,OTHERS,549.0069513550935,3962.4671884129248,MIA,25.810273437341824,-80.19085146452913,Miami
315973419.81831604,00000000-0000-0000-0000-000000091534,OTHERS,559.0327268349984,3994.123182471121,MIA,25.810558708715316,-80.19074951269754,Miami
315973419.81831604,00000000-0000-0000-0000-000000092072,OTHERS,542.9163641327309,3943.464484745645,MIA,25.810102196412096,-80.19091338530417,Miami
315973419.98445535,00000000-0000-0000-0000-000000000000,AV,516.789103281507,3990.1182607687792,MIA,25.81052489266139,-80.19117115082662,Miami
315973419.98445535,00000000-0000-0000-0000-000000090973,OTHERS,489.79159100772887,3994.86123425502,MIA,25.810569216014326,-80.19144016816988,Miami
315973419.98445535,00000000-0000-0000-0000-000000091297,OTHERS,517.2298907399756,4004.325441668928,MIA,25.810653147576254,-80.19116588270818,Miami
315973419.98445535,00000000-0000-0000-0000-000000091449,OTHERS,538.7979002746381,3990.829033143751,MIA,25.810530088696634,-80.19095156307336,Miami
315973419.98445535,00000000-0000-0000-0000-000000091865,OTHERS,524.7007764542811,3993.06910909651,MIA,25.810551097316853,-80.19109204862897,Miami
315973419.98445535,00000000-0000-0000-0000-000000091968,OTHERS,498.0985377441242,3989.305365067017,MIA,25.810518590085366,-80.19135764450432,Miami
315973419.98445535,00000000-0000-0000-0000-000000092078,OTHERS,504.295065745828,4024.479735313887,MIA,25.810835842426243,-80.19129367589551,Miami
315973419.98445535,00000000-0000-0000-0000-000000091333,OTHERS,476.21406889196913,3994.300585613841,MIA,25.810564907056055,-80.19157564233332,Miami
315973419.98445535,00000000-0000-0000-0000-000000092079,OTHERS,538.7151981833471,3930.644859870079,MIA,25.80998667877341,-80.19095607924882,Miami
315973419.98445535,00000000-0000-0000-0000-000000091848,OTHERS,551.6793763303041,3980.0296581456128,MIA,25.810431863882286,-80.19082372905558,Miami
315973419.98445535,00000000-0000-0000-0000-000000092081,OTHERS,541.7258238491353,4001.692500698077,MIA,25.81062801448807,-80.19092168987147,Miami
315973419.98445535,00000000-0000-0000-0000-000000091973,AGENT,510.67215769256296,3993.3520287374986,MIA,25.810554430458154,-80.19123197087598,Miami
315973419.98445535,00000000-0000-0000-0000-000000092001,OTHERS,477.57993466389337,3989.2025318216015,MIA,25.810518799970335,-80.19156232985944,Miami
315973419.98445535,00000000-0000-0000-0000-000000091991,OTHERS,481.7511660103693,4001.156091752289,MIA,25.81062649958067,-80.19151998797946,Miami
315973419.98445535,00000000-0000-0000-0000-000000091521,OTHERS,510.4463260572877,3998.712155118774,MIA,25.810602840607665,-80.19123389497629,Miami
315973419.98445535,00000000-0000-0000-0000-000000092085,OTHERS,551.4902156600264,3975.0148062550775,MIA,25.81038659432219,-80.19082592360711,Miami
315973419.98445535,00000000-0000-0000-0000-000000092082,OTHERS,544.0203292408573,4012.79384172296,MIA,25.810728123243504,-80.19089812056906,Miami
315973419.98445535,00000000-0000-0000-0000-000000092060,OTHERS,497.6880572384625,4010.172745925727,MIA,25.810707028480355,-80.19136045995837,Miami
315973419.98445535,00000000-0000-0000-0000-000000092084,OTHERS,546.5487907297198,3973.73429396074,MIA,25.810375306688993,-80.19087529424449,Miami
315973419.98445535,00000000-0000-0000-0000-000000092073,OTHERS,572.6591192008433,4004.165350855085,MIA,25.810648624649026,-80.19061296926682,Miami
315973419.98445535,00000000-0000-0000-0000-000000092002,OTHERS,485.0719546855564,4002.250988969037,MIA,25.81063620138926,-80.19148679500447,Miami
315973419.98445535,00000000-0000-0000-0000-000000092069,OTHERS,507.0134080967383,4006.720457763288,MIA,25.810675339629928,-80.19126764837618,Miami
315973419.98445535,00000000-0000-0000-0000-000000092063,OTHERS,566.5488477241178,4005.5745436922857,MIA,25.81066168786752,-80.19067383460207,Miami
315973419.98445535,00000000-0000-0000-0000-000000091886,OTHERS,535.1059237709306,3994.3905201654616,MIA,25.81056245100685,-80.19098817318952,Miami
315973419.98445535,00000000-0000-0000-0000-000000092058,OTHERS,544.2584934518993,3950.695147801889,MIA,25.81016740895229,-80.19089955372498,Miami
315973419.98445535,00000000-0000-0000-0000-000000092055,OTHERS,507.992155725166,4017.733397807348,MIA,25.810774723276737,-80.19125720986747,Miami
315973419.98445535,00000000-0000-0000-0000-000000092054,OTHERS,509.4604885414079,4022.23702104089,MIA,25.810815305873852,-80.19124228666543,Miami
315973419.98445535,00000000-0000-0000-0000-000000092046,OTHERS,547.2096662969009,3952.679960749939,MIA,25.810185166363745,-80.1908699932617,Miami
315973419.98445535,00000000-0000-0000-0000-000000092036,OTHERS,545.2423153179858,3958.90229383089,MIA,25.810241458236327,-80.19088923644782,Miami
315973419.98445535,00000000-0000-0000-0000-000000092010,OTHERS,549.1763961660141,3963.7838182283112,MIA,25.81028531603824,-80.19084969350979,Miami
315973419.98445535,00000000-0000-0000-0000-000000091534,OTHERS,560.7515564855177,3994.2149317431263,MIA,25.810559441690323,-80.19073236123884,Miami
315973419.98445535,00000000-0000-0000-0000-000000092072,OTHERS,542.8670701639313,3943.8804951229945,MIA,25.810105955386778,-80.19091385150837,Miami
315973420.136456,00000000-0000-0000-0000-000000000000,AV,517.9827424928102,3990.179763956244,MIA,25.81052538173746,-80.19115924015632,Miami
315973420.136456,00000000-0000-0000-0000-000000090973,OTHERS,490.08002429570985,3994.877247251748,MIA,25.810569344595848,-80.19143728998095,Miami
315973420.136456,00000000-0000-0000-0000-000000091297,OTHERS,517.3552783074916,4004.9113373193486,MIA,25.810658430781977,-80.19116459600401,Miami
315973420.136456,00000000-0000-0000-0000-000000091449,OTHERS,539.5293710099005,3990.7899363468687,MIA,25.810529695075903,-80.19094426883753,Miami
315973420.136456,00000000-0000-0000-0000-000000091865,OTHERS,525.5097744369248,3993.088514461855,MIA,25.81055122762718,-80.19108397744664,Miami
315973420.136456,00000000-0000-0000-0000-000000092078,OTHERS,504.45412394706136,4023.653635688821,MIA,25.810828374586695,-80.19129213988562,Miami
315973420.136456,00000000-0000-0000-0000-000000091333,OTHERS,476.6060431877568,3994.3410466871833,MIA,25.81056525064295,-80.19157172979403,Miami
315973420.136456,00000000-0000-0000-0000-000000092079,OTHERS,538.7151981833471,3930.644859870079,MIA,25.80998667877341,-80.19095607924882,Miami
315973420.136456,00000000-0000-0000-0000-000000091848,OTHERS,551.6316607299285,3979.9179083430126,MIA,25.810430857521176,-80.19082421188715,Miami
315973420.136456,00000000-0000-0000-0000-000000092081,OTHERS,540.7201220761048,4001.116500535172,MIA,25.810622869505796,-80.19093175737659,Miami
315973420.136456,00000000-0000-0000-0000-000000091973,AGENT,511.4788982630333,3993.400138055659,MIA,25.810554820075055,-80.19122392045179,Miami
315973420.136456,00000000-0000-0000-0000-000000092001,OTHERS,478.0828056683927,3989.136607429807,MIA,25.810518176830023,-80.19155731761461,Miami
315973420.136456,00000000-0000-0000-0000-000000091991,OTHERS,480.59590259186905,4001.085810223108,MIA,25.81062592908497,-80.19153151638722,Miami
315973420.136456,00000000-0000-0000-0000-000000091521,OTHERS,510.7832501707772,3998.987756054378,MIA,25.810605310363645,-80.19123051716022,Miami
315973420.136456,00000000-0000-0000-0000-000000092085,OTHERS,551.4941008819396,3974.968142248419,MIA,25.810386172768162,-80.19082588771337,Miami
315973420.136456,00000000-0000-0000-0000-000000092080,OTHERS,546.9346020925972,3976.309653536966,MIA,25.810398538686194,-80.1908712877005,Miami
315973420.136456,00000000-0000-0000-0000-000000092082,OTHERS,544.0326388102202,4012.881306701585,MIA,25.810728912298188,-80.19089799241246,Miami
315973420.136456,00000000-0000-0000-0000-000000092060,OTHERS,497.68919258731233,4010.138109060155,MIA,25.8107067156744,-80.19136045075625,Miami
315973420.136456,00000000-0000-0000-0000-000000092084,OTHERS,546.6590413586573,3973.6426160959422,MIA,25.810374472790706,-80.19087420008714,Miami
315973420.136456,00000000-0000-0000-0000-000000092002,OTHERS,484.0247359425779,4002.101776512995,MIA,25.81063491221945,-80.1914972504728,Miami
315973420.136456,00000000-0000-0000-0000-000000092069,OTHERS,507.0134080967383,4006.720457763288,MIA,25.810675339629928,-80.19126764837618,Miami
315973420.136456,00000000-0000-0000-0000-000000092063,OTHERS,566.3694825097313,4005.5742419022217,MIA,25.810661695103622,-80.19067562384272,Miami
315973420.136456,00000000-0000-0000-0000-000000091886,OTHERS,535.798443351639,3994.291819800885,MIA,25.81056152137813,-80.19098127115628,Miami
315973420.136456,00000000-0000-0000-0000-000000092058,OTHERS,543.1599455270707,3948.7209110782505,MIA,25.810149644177137,-80.19091063311652,Miami
315973420.136456,00000000-0000-0000-0000-000000092055,OTHERS,508.1163596953627,4017.674779917396,MIA,25.810774187111768,-80.19125597448792,Miami
315973420.136456,00000000-0000-0000-0000-000000092054,OTHERS,509.3995376500311,4022.326317866388,MIA,25.810816115534664,-80.19124288919492,Miami
315973420.136456,00000000-0000-0000-0000-000000092046,OTHERS,547.2096662969009,3952.679960749939,MIA,25.810185166363745,-80.1908699932617,Miami
315973420.136456,00000000-0000-0000-0000-000000091968,OTHERS,498.9647414853324,3989.315364427834,MIA,25.810518632307605,-80.19134900325655,Miami
315973420.136456,00000000-0000-0000-0000-000000092036,OTHERS,545.9465468153134,3962.041682917245,MIA,25.810269765287103,-80.1908820189893,Miami
315973420.136456,00000000-0000-0000-0000-000000092010,OTHERS,549.0818143007576,3962.359336081213,MIA,25.810272459365795,-80.19085072436668,Miami
315973420.136456,00000000-0000-0000-0000-000000091534,OTHERS,561.7282415889691,3994.249125537016,MIA,25.810559696196325,-80.19072261642063,Miami
315973420.136456,00000000-0000-0000-0000-000000092072,OTHERS,542.7849517530672,3943.642913346797,MIA,25.810103814774042,-80.19091468523244,Miami
315973420.2937583,00000000-0000-0000-0000-000000000000,AV,519.2289154707598,3990.2397889706544,MIA,25.810525854550097,-80.19114680553693,Miami
315973420.2937583,00000000-0000-0000-0000-000000090973,OTHERS,490.6864316998462,3994.856415809118,MIA,25.810569122859683,-80.19143124216453,Miami
315973420.2937583,00000000-0000-0000-0000-000000091297,OTHERS,517.5395460599777,4005.992974696853,MIA,25.810668186867442,-80.19116269155464,Miami
315973420.2937583,00000000-0000-0000-0000-000000092085,OTHERS,551.3654523676272,3975.0162773798247,MIA,25.8103866145326,-80.19082716806552,Miami
315973420.2937583,00000000-0000-0000-0000-000000091449,OTHERS,541.342206044858,3990.899038881071,MIA,25.81053057954104,-80.19092617858809,Miami
315973420.2937583,00000000-0000-0000-0000-000000091521,OTHERS,511.4369049112364,3999.4871967092745,MIA,25.810609783634014,-80.1912239661373,Miami
315973420.2937583,00000000-0000-0000-0000-000000092080,OTHERS,546.6304659402847,3976.2688912884273,MIA,25.81039818752186,-80.19087432404415,Miami
315973420.2937583,00000000-0000-0000-0000-000000092069,OTHERS,507.0119615885176,4006.717974710601,MIA,25.81067531729023,-80.19126766295778,Miami
315973420.2937583,00000000-0000-0000-0000-000000092078,OTHERS,504.4154873724978,4023.644614180848,MIA,25.81082829527381,-80.1912925258508,Miami
315973420.2937583,00000000-0000-0000-0000-000000091333,OTHERS,476.6060431877568,3994.3410466871833,MIA,25.81056525064295,-80.19157172979403,Miami
315973420.2937583,00000000-0000-0000-0000-000000092079,OTHERS,538.5431740424739,3930.628955989068,MIA,25.80998654472396,-80.19095779620734,Miami
315973420.2937583,00000000-0000-0000-0000-000000091973,AGENT,513.013065071656,3993.4699594767976,MIA,25.810555365363754,-80.19120861240557,Miami
315973420.2937583,00000000-0000-0000-0000-000000092001,OTHERS,480.2172254498842,3989.2142426673786,MIA,25.81051875940726,-80.19153602139609,Miami
315973420.2937583,00000000-0000-0000-0000-000000091991,OTHERS,478.86867166145953,4001.267217079269,MIA,25.810627662861478,-80.19154873491753,Miami
315973420.2937583,00000000-0000-0000-0000-000000092040,OTHERS,560.0826589240785,4016.8525056524977,MIA,25.81076387783555,-80.19073764489185,Miami
315973420.2937583,00000000-0000-0000-0000-000000092096,OTHERS,532.8972100643625,3909.485499648973,MIA,25.809795949783645,-80.19101541273314,Miami
315973420.2937583,00000000-0000-0000-0000-000000091865,OTHERS,527.2718197337358,3993.112894856057,MIA,25.810551349956334,-80.19106639903251,Miami
315973420.2937583,00000000-0000-0000-0000-000000092082,OTHERS,543.9248750224336,4013.333619060263,MIA,25.810733002296445,-80.19089903964586,Miami
315973420.2937583,00000000-0000-0000-0000-000000092060,OTHERS,497.71675889613664,4010.110957953056,MIA,25.810706468992212,-80.19136017743827,Miami
315973420.2937583,00000000-0000-0000-0000-000000092095,OTHERS,546.6968262154821,3969.030231736385,MIA,25.810332824585792,-80.19087410608734,Miami
315973420.2937583,00000000-0000-0000-0000-000000092084,OTHERS,546.5856936964793,3973.530577244975,MIA,25.81037346524264,-80.19087493862271,Miami
315973420.2937583,00000000-0000-0000-0000-000000092002,OTHERS,481.8526687962658,4001.891665107864,MIA,25.810633135583988,-80.19151893037541,Miami
315973420.2937583,00000000-0000-0000-0000-000000092063,OTHERS,566.1686616112878,4005.765917618631,MIA,25.810663436932973,-80.19067761533177,Miami
315973420.2937583,00000000-0000-0000-0000-000000092055,OTHERS,508.0967422984315,4017.739114348181,MIA,25.810774769088432,-80.19125616623322,Miami
315973420.2937583,00000000-0000-0000-0000-000000092054,OTHERS,509.7085415554981,4022.0091464592792,MIA,25.810813234584266,-80.19123982622956,Miami
315973420.2937583,00000000-0000-0000-0000-000000092046,OTHERS,547.7429468752133,3955.1235187060015,MIA,25.810207200111662,-80.19086452376425,Miami
315973420.2937583,00000000-0000-0000-0000-000000091968,OTHERS,500.9047823417762,3989.388283711976,MIA,25.81051918305906,-80.19132964631335,Miami
315973420.2937583,00000000-0000-0000-0000-000000092036,OTHERS,545.8091347720945,3961.150864362336,MIA,25.8102617295437,-80.19088344435168,Miami
315973420.2937583,00000000-0000-0000-0000-000000092072,OTHERS,543.1860752255006,3944.0386115051374,MIA,25.81010736533977,-80.19091065965327,Miami
315973420.2937583,00000000-0000-0000-0000-000000091534,OTHERS,563.4257226445111,3994.475439636535,MIA,25.810561645365365,-80.19070566966448,Miami
315973420.2937583,00000000-0000-0000-0000-000000092010,OTHERS,549.2625214227862,3962.511869872695,MIA,25.81027382658956,-80.19084891240803,Miami
315973420.2937583,00000000-0000-0000-0000-000000092058,OTHERS,543.8868707676269,3950.276792402901,MIA,25.810163652172523,-80.19090328641819,Miami
315973420.2937583,00000000-0000-0000-0000-000000091886,OTHERS,537.8372777064403,3994.298280401557,MIA,25.810561466527634,-80.19096093278769,Miami
315973420.2937583,00000000-0000-0000-0000-000000092081,OTHERS,540.0415268728034,4000.9051422204607,MIA,25.810620998784398,-80.19093853953018,Miami
315973420.2937583,00000000-0000-0000-0000-000000091848,OTHERS,551.7107263213571,3980.058368631975,MIA,25.810432121374113,-80.19082341456938,Miami
315973420.45511377,00000000-0000-0000-0000-000000000000,AV,520.4998345271606,3990.302339213824,MIA,25.810526348788972,-80.1911341239133,Miami
315973420.45511377,00000000-0000-0000-0000-000000090973,OTHERS,491.0071322446949,3994.860058145952,MIA,25.810569137953657,-80.19142804285845,Miami
315973420.45511377,00000000-0000-0000-0000-000000091297,OTHERS,517.5255985772553,4006.498153367517,MIA,25.81067274899723,-80.19116279970895,Miami
315973420.45511377,00000000-0000-0000-0000-000000092085,OTHERS,551.3748319724982,3974.9616492281566,MIA,25.810386120763713,-80.19082707785233,Miami
315973420.45511377,00000000-0000-0000-0000-000000091449,OTHERS,542.0963558572821,3990.890321827537,MIA,25.8105304589645,-80.19091865625859,Miami
315973420.45511377,00000000-0000-0000-0000-000000091521,OTHERS,511.73481874991273,3999.713453212906,MIA,25.810611810014304,-80.19122098048541,Miami
315973420.45511377,00000000-0000-0000-0000-000000091865,OTHERS,528.1057580571808,3993.059825769048,MIA,25.810550824495024,-80.1910580835074,Miami
315973420.45511377,00000000-0000-0000-0000-000000091973,AGENT,513.7298677201703,3993.54074358812,MIA,25.810555964705866,-80.19120145774825,Miami
315973420.45511377,00000000-0000-0000-0000-000000092090,OTHERS,542.1869627394012,3997.396339956371,MIA,25.81058919802441,-80.19091735337992,Miami
315973420.45511377,00000000-0000-0000-0000-000000092001,OTHERS,481.1962331171708,3989.094655567958,MIA,25.810517625320905,-80.1915262628382,Miami
315973420.45511377,00000000-0000-0000-0000-000000091991,OTHERS,478.5623660093373,4001.286660900892,MIA,25.810627855415735,-80.19155178921697,Miami
315973420.45511377,00000000-0000-0000-0000-000000091534,OTHERS,564.3354294967145,3994.621817458321,MIA,25.810562916520215,-80.19069658609108,Miami
315973420.45511377,00000000-0000-0000-0000-000000092072,OTHERS,542.8531384258295,3944.048071625624,MIA,25.81010746924083,-80.19091398020282,Miami
315973420.45511377,00000000-0000-0000-0000-000000092095,OTHERS,546.6619256925585,3969.0356687221,MIA,25.810332875615074,-80.19087445389616,Miami
315973420.45511377,00000000-0000-0000-0000-000000092002,OTHERS,480.6278063338598,4001.9244585992506,MIA,25.8106334996338,-80.19153114673789,Miami
315973420.45511377,00000000-0000-0000-0000-000000092096,OTHERS,532.8768881435143,3908.8690566799214,MIA,25.809790384928753,-80.19101565325283,Miami
315973420.45511377,00000000-0000-0000-0000-000000092084,OTHERS,546.5356054603747,3973.5584031654894,MIA,25.810373719269165,-80.19087543656002,Miami
315973420.45511377,00000000-0000-0000-0000-000000092040,OTHERS,560.3162248954735,4016.7495523757616,MIA,25.810762935280554,-80.19073532131492,Miami
315973420.45511377,00000000-0000-0000-0000-000000091968,OTHERS,501.8103340863179,3989.4568671956818,MIA,25.81051975206359,-80.1913206089663,Miami
315973420.45511377,00000000-0000-0000-0000-000000092078,OTHERS,504.5429499874189,4023.398209302885,MIA,25.81082606336334,-80.19129126947729,Miami
315973420.45511377,00000000-0000-0000-0000-000000091848,OTHERS,551.7379228426662,3980.076389671609,MIA,25.810432282579484,-80.19082314217094,Miami
315973420.45511377,00000000-0000-0000-0000-000000092081,OTHERS,539.0587700170032,4000.86392754865,MIA,25.810620681208256,-80.19094834535154,Miami
315973420.45511377,00000000-0000-0000-0000-000000092080,OTHERS,546.6368000919867,3976.226134694335,MIA,25.810397801112657,-80.19087426348182,Miami
315973420.45511377,00000000-0000-0000-0000-000000092010,OTHERS,549.0244946387089,3962.338490666246,MIA,25.810272274331027,-80.19085129742442,Miami
315973420.45511377,00000000-0000-0000-0000-000000091333,OTHERS,477.4939752636917,3994.228038625456,MIA,25.810564181014612,-80.19156287933468,Miami
315973420.45511377,00000000-0000-0000-0000-000000092079,OTHERS,538.5431740424739,3930.628955989068,MIA,25.80998654472396,-80.19095779620734,Miami
315973420.45511377,00000000-0000-0000-0000-000000092036,OTHERS,545.9825542198793,3960.764099891391,MIA,25.81025822774451,-80.19088173816913,Miami
315973420.45511377,00000000-0000-0000-0000-000000092082,OTHERS,543.8678824677091,4013.34535277093,MIA,25.810733111406574,-80.19089960744445,Miami
315973420.45511377,00000000-0000-0000-0000-000000092060,OTHERS,497.71704981850695,4010.064792110172,MIA,25.810706052135746,-80.19136017736629,Miami
315973420.45511377,00000000-0000-0000-0000-000000092069,OTHERS,507.0119615885176,4006.717974710601,MIA,25.81067531729023,-80.19126766295778,Miami
315973420.45511377,00000000-0000-0000-0000-000000092063,OTHERS,565.5521043213886,4006.0822801080894,MIA,25.810666327670756,-80.19068374626701,Miami
315973420.45511377,00000000-0000-0000-0000-000000091886,OTHERS,537.8684332898694,3994.0890141808704,MIA,25.81055957529302,-80.1909606348363,Miami
315973420.45511377,00000000-0000-0000-0000-000000092058,OTHERS,543.6692684858525,3950.122141662644,MIA,25.81016226788201,-80.1909054665432,Miami
315973420.45511377,00000000-0000-0000-0000-000000092055,OTHERS,508.1487127797053,4017.804328232573,MIA,25.81077535503307,-80.19125564381314,Miami
315973420.45511377,00000000-0000-0000-0000-000000092054,OTHERS,509.6770135973949,4022.044866302074,MIA,25.810813558855305,-80.19124013854086,Miami
315973420.45511377,00000000-0000-0000-0000-000000092046,OTHERS,547.7774170681558,3954.587885137688,MIA,25.810202361859066,-80.19086421276987,Miami
315973420.63020176,00000000-0000-0000-0000-000000000000,AV,521.7698122387861,3990.362784473867,MIA,25.810526824072678,-80.19112145180885,Miami
315973420.63020176,00000000-0000-0000-0000-000000090973,OTHERS,491.6971253778437,3994.8633234591625,MIA,25.810569129153762,-80.19142115977262,Miami
315973420.63020176,00000000-0000-0000-0000-000000092085,OTHERS,551.3672220836564,3974.974241964608,MIA,25.810386234888483,-80.19082715299064,Miami
315973420.63020176,00000000-0000-0000-0000-000000091449,OTHERS,543.9652754786426,3990.965840249224,MIA,25.810531037075265,-80.19090000860879,Miami
315973420.63020176,00000000-0000-0000-0000-000000091521,OTHERS,512.2222466728077,4000.236261789028,MIA,25.810616503502903,-80.19121608619129,Miami
315973420.63020176,00000000-0000-0000-0000-000000091865,OTHERS,529.883074733874,3992.979342308298,MIA,25.810549999137372,-80.19104035918778,Miami
315973420.63020176,00000000-0000-0000-0000-000000091973,AGENT,515.3295543164222,3993.605695445188,MIA,25.81055646238765,-80.19118549642128,Miami
315973420.63020176,00000000-0000-0000-0000-000000091991,OTHERS,477.03900527498223,4000.983007145837,MIA,25.810625198174154,-80.19156700380886,Miami
315973420.63020176,00000000-0000-0000-0000-000000092001,OTHERS,483.0086177810736,3989.194263899729,MIA,25.810518424158616,-80.19150817766729,Miami
315973420.63020176,00000000-0000-0000-0000-000000092002,OTHERS,477.9389202799457,4001.952934184952,MIA,25.810633905911654,-80.191557967442,Miami
315973420.63020176,00000000-0000-0000-0000-000000092090,OTHERS,541.8856914559582,3997.579204620936,MIA,25.810590865870626,-80.19092034743421,Miami
315973420.63020176,00000000-0000-0000-0000-000000092095,OTHERS,546.6902840273599,3969.043466671316,MIA,25.810332944449794,-80.19087417053566,Miami
315973420.63020176,00000000-0000-0000-0000-000000092096,OTHERS,532.0540255773451,3906.280793136154,MIA,25.809767060672442,-80.19102402022148,Miami
315973420.63020176,00000000-0000-0000-0000-000000092097,OTHERS,503.84685166817655,4051.768323349871,MIA,25.81108226122334,-80.1912964739753,Miami
315973420.63020176,00000000-0000-0000-0000-000000091297,OTHERS,517.555606566813,4007.7333584706207,MIA,25.810683900236906,-80.19116242463099,Miami
315973420.63020176,00000000-0000-0000-0000-000000092040,OTHERS,560.8171206188118,4016.748518025416,MIA,25.810762898125923,-80.19073032478805,Miami
315973420.63020176,00000000-0000-0000-0000-000000092036,OTHERS,545.9545549369313,3961.100389088564,MIA,25.810261265719024,-80.19088199684246,Miami
315973420.63020176,00000000-0000-0000-0000-000000091848,OTHERS,551.7881151542024,3980.000202251029,MIA,25.810431591881706,-80.19082264616193,Miami
315973420.63020176,00000000-0000-0000-0000-000000092081,OTHERS,537.0987546264207,4000.783204060856,MIA,25.81062006115124,-80.19096790204212,Miami
315973420.63020176,00000000-0000-0000-0000-000000092094,OTHERS,551.2515136903511,4018.327708755267,MIA,25.810777688101044,-80.19082564781561,Miami
315973420.63020176,00000000-0000-0000-0000-000000091534,OTHERS,566.10597031792,3994.745253682336,MIA,25.81056393272478,-80.19067891685343,Miami
315973420.63020176,00000000-0000-0000-0000-000000092072,OTHERS,543.0542162518155,3943.819012704538,MIA,25.810105389860286,-80.19091198844926,Miami
315973420.63020176,00000000-0000-0000-0000-000000092080,OTHERS,547.0578346113849,3976.142593701979,MIA,25.81039702342878,-80.19087006866879,Miami
315973420.63020176,00000000-0000-0000-0000-000000091968,OTHERS,503.6736814190013,3989.5442699318432,MIA,25.810520437840992,-80.19130201617523,Miami
315973420.63020176,00000000-0000-0000-0000-000000092084,OTHERS,546.6478939073586,3973.505666136967,MIA,25.810373236862052,-80.19087431968632,Miami
315973420.63020176,00000000-0000-0000-0000-000000091333,OTHERS,477.4939752636917,3994.228038625456,MIA,25.810564181014612,-80.19156287933468,Miami
315973420.63020176,00000000-0000-0000-0000-000000092079,OTHERS,537.3452774435203,3924.019190808716,MIA,25.809926930375568,-80.19097015089541,Miami
315973420.63020176,00000000-0000-0000-0000-000000092078,OTHERS,504.5429499874189,4023.398209302885,MIA,25.81082606336334,-80.19129126947729,Miami
315973420.63020176,00000000-0000-0000-0000-000000092082,OTHERS,544.3460622670922,4014.080259683742,MIA,25.81073972047396,-80.19089479237617,Miami
315973420.63020176,00000000-0000-0000-0000-000000092060,OTHERS,497.7417225358285,4010.0636104877394,MIA,25.81070604009761,-80.19135993132079,Miami
315973420.63020176,00000000-0000-0000-0000-000000092063,OTHERS,565.2803034179666,4005.973373357232,MIA,25.810665359425045,-80.19068646424493,Miami
315973420.63020176,00000000-0000-0000-0000-000000091886,OTHERS,540.3786758846784,3994.223678167251,MIA,25.810560651841715,-80.19093558616918,Miami
315973420.63020176,00000000-0000-0000-0000-000000092058,OTHERS,543.54205014688,3949.464403167554,MIA,25.810156336097105,-80.19090677592169,Miami
315973420.63020176,00000000-0000-0000-0000-000000092055,OTHERS,508.1432834700445,4017.689243388092,MIA,25.8107743162111,-80.19125570502808,Miami
315973420.63020176,00000000-0000-0000-0000-000000092054,OTHERS,509.83642537879695,4021.8523512293127,MIA,25.810811811752792,-80.19123856016141,Miami
315973420.63020176,00000000-0000-0000-0000-000000092046,OTHERS,547.6888131177013,3954.060472663877,MIA,25.810197604669504,-80.19086512896823,Miami
315973420.63020176,00000000-0000-0000-0000-000000092010,OTHERS,548.9907960302976,3962.311136229365,MIA,25.810272029213554,-80.19085163525503,Miami
315973420.8138987,00000000-0000-0000-0000-000000000000,AV,523.0016316240001,3990.423923435056,MIA,25.810527307736823,-80.19110916030223,Miami
315973420.8138987,00000000-0000-0000-0000-000000090973,OTHERS,492.1843897372732,3994.889332244404,MIA,25.810569336956934,-80.19141629757219,Miami
315973420.8138987,00000000-0000-0000-0000-000000092085,OTHERS,551.425658558263,3974.650358214265,MIA,25.81038330723512,-80.19082658993808,Miami
315973420.8138987,00000000-0000-0000-0000-000000091449,OTHERS,545.9081494967021,3991.074825867535,MIA,25.810531913259403,-80.1908806211894,Miami
315973420.8138987,00000000-0000-0000-0000-000000091521,OTHERS,512.7372556460698,4000.781013748178,MIA,25.810621393591667,-80.19121091542212,Miami
315973420.8138987,00000000-0000-0000-0000-000000091865,OTHERS,531.6430826335045,3992.8967952725866,MIA,25.81054915610598,-80.19102280765514,Miami
315973420.8138987,00000000-0000-0000-0000-000000091973,AGENT,516.9027023309446,3993.689423701098,MIA,25.810557131076305,-80.1911697986731,Miami
315973420.8138987,00000000-0000-0000-0000-000000091991,OTHERS,475.1987689715451,4000.639266209729,MIA,25.810622196553883,-80.19158538178593,Miami
315973420.8138987,00000000-0000-0000-0000-000000092001,OTHERS,484.2412141273425,3989.156989889834,MIA,25.810518019222613,-80.19149588444358,Miami
315973420.8138987,00000000-0000-0000-0000-000000092002,OTHERS,475.6893626439389,4001.68804543144,MIA,25.81063163897041,-80.19158042369183,Miami
315973420.8138987,00000000-0000-0000-0000-000000092010,OTHERS,549.4706486471296,3962.523629652621,MIA,25.8102739212152,-80.1908468355615,Miami
315973420.8138987,00000000-0000-0000-0000-000000092109,OTHERS,542.9022557056686,3932.079003422045,MIA,25.809999395485466,-80.1909142243587,Miami
315973420.8138987,00000000-0000-0000-0000-000000092097,OTHERS,503.7852498426428,4050.968796906565,MIA,25.811075045563474,-80.19129713749169,Miami
315973420.8138987,00000000-0000-0000-0000-000000091297,OTHERS,517.5830557292545,4008.891669394908,MIA,25.810694357326224,-80.19116207979293,Miami
315973420.8138987,00000000-0000-0000-0000-000000091968,OTHERS,505.60225354629785,3989.639920971153,MIA,25.810521194472027,-80.19128277224199,Miami
315973420.8138987,00000000-0000-0000-0000-000000092104,OTHERS,541.3571681746631,3940.4763694086687,MIA,25.810075302703247,-80.19092912195283,Miami
315973420.8138987,00000000-0000-0000-0000-000000092080,OTHERS,547.1076433832338,3975.998289948917,MIA,25.810395717716975,-80.19086958066372,Miami
315973420.8138987,00000000-0000-0000-0000-000000092094,OTHERS,551.1439592729938,4018.353963662813,MIA,25.810777931133572,-80.19082671909392,Miami
315973420.8138987,00000000-0000-0000-0000-000000091534,OTHERS,567.7676477045957,3994.816624140619,MIA,25.810564484861196,-80.19066233675473,Miami
315973420.8138987,00000000-0000-0000-0000-000000092072,OTHERS,543.1578800547187,3943.935288106043,MIA,25.81010643397818,-80.19091094724462,Miami
315973420.8138987,00000000-0000-0000-0000-000000092040,OTHERS,560.8171206188118,4016.748518025416,MIA,25.810762898125923,-80.19073032478805,Miami
315973420.8138987,00000000-0000-0000-0000-000000092090,OTHERS,541.9739147732316,3997.534481268516,MIA,25.810590457156902,-80.19091947012359,Miami
315973420.8138987,00000000-0000-0000-0000-000000092100,OTHERS,504.6439264846322,4042.130305087837,MIA,25.810995193466383,-80.19128911377634,Miami
315973420.8138987,00000000-0000-0000-0000-000000091848,OTHERS,551.8821448521359,3980.069885119133,MIA,25.810432215840805,-80.1908217039146,Miami
315973420.8138987,00000000-0000-0000-0000-000000092081,OTHERS,535.140136967187,4000.679528479636,MIA,25.81061923377512,-80.19098744619744,Miami
315973420.8138987,00000000-0000-0000-0000-000000092095,OTHERS,546.8980888852685,3968.934188118199,MIA,25.81033194621523,-80.19087210432805,Miami
315973420.8138987,00000000-0000-0000-0000-000000092096,OTHERS,532.010471656276,3905.7660521512175,MIA,25.809762415394,-80.19102448624827,Miami
315973420.8138987,00000000-0000-0000-0000-000000092073,OTHERS,571.5527604695347,4004.487477403,MIA,25.810651594637115,-80.19062398576271,Miami
315973420.8138987,00000000-0000-0000-0000-000000092084,OTHERS,546.5958805864325,3973.368493239208,MIA,25.810372001189343,-80.19087484694757,Miami
315973420.8138987,00000000-0000-0000-0000-000000092079,OTHERS,537.3777201228083,3924.034852866957,MIA,25.809927069990326,-80.19096982631132,Miami
315973420.8138987,00000000-0000-0000-0000-000000092082,OTHERS,543.9259151955719,4013.611520688783,MIA,25.81073551146593,-80.19089901222411,Miami
315973420.8138987,00000000-0000-0000-0000-000000092060,OTHERS,497.720042462592,4010.071702307305,MIA,25.810706114363192,-80.19136014709012,Miami
315973420.8138987,00000000-0000-0000-0000-000000092063,OTHERS,564.8955690961988,4006.163517834833,MIA,25.810667097641826,-80.19069029042014,Miami
315973420.8138987,00000000-0000-0000-0000-000000091886,OTHERS,541.9289950333834,3994.614372308324,MIA,25.810564093424826,-80.19092009731668,Miami
315973420.8138987,00000000-0000-0000-0000-000000092058,OTHERS,544.0352674416189,3950.295293819618,MIA,25.81016381098667,-80.1909018049879,Miami
315973420.8138987,00000000-0000-0000-0000-000000092055,OTHERS,508.1652037166523,4017.566604223072,MIA,25.81077320766194,-80.1912554938858,Miami
315973420.8138987,00000000-0000-0000-0000-000000092054,OTHERS,509.797752970913,4021.949745379055,MIA,25.81081269328954,-80.1912389399595,Miami
315973420.8138987,00000000-0000-0000-0000-000000092046,OTHERS,547.5955684257657,3954.0341314503607,MIA,25.81019737200663,-80.19086606072432,Miami
315973420.8138987,00000000-0000-0000-0000-000000092036,OTHERS,545.9021090933251,3961.0990973134935,MIA,25.810261256967124,-80.19088252008308,Miami
315973421.00257444,00000000-0000-0000-0000-000000000000,AV,524.1029875828717,3990.481525538793,MIA,25.8105277667064,-80.19109817042315,Miami
315973421.00257444,00000000-0000-0000-0000-000000090973,OTHERS,492.8498724274843,3994.855741044944,MIA,25.810568996731842,-80.19140966124453,Miami
315973421.00257444,00000000-0000-0000-0000-000000092085,OTHERS,551.3229255873039,3974.677791790384,MIA,25.81038356064229,-80.1908276130453,Miami
315973421.00257444,00000000-0000-0000-0000-000000091449,OTHERS,546.6568272893836,3991.0973641029454,MIA,25.810532075194338,-80.19087315152777,Miami
315973421.00257444,00000000-0000-0000-0000-000000091521,OTHERS,513.0661107580294,4001.1496300798985,MIA,25.81062470364887,-80.19120761239265,Miami
315973421.00257444,00000000-0000-0000-0000-000000091865,OTHERS,532.4881414422654,3992.8796146779655,MIA,25.810548954068988,-80.19101437899938,Miami
315973421.00257444,00000000-0000-0000-0000-000000091973,AGENT,517.6535770234063,3993.712206265344,MIA,25.81055729511023,-80.19116230708015,Miami
315973421.00257444,00000000-0000-0000-0000-000000091991,OTHERS,474.25480145353487,4000.617452872348,MIA,25.810622051960763,-80.19159479948263,Miami
315973421.00257444,00000000-0000-0000-0000-000000092001,OTHERS,485.15302336471336,3989.160916603367,MIA,25.810518004091822,-80.19148678863974,Miami
315973421.00257444,00000000-0000-0000-0000-000000092002,OTHERS,474.4605561974839,4001.618138902296,MIA,25.810631075935436,-80.19159268569082,Miami
315973421.00257444,00000000-0000-0000-0000-000000092010,OTHERS,548.9696872760259,3962.288160237457,MIA,25.810271822930893,-80.19085184722988,Miami
315973421.00257444,00000000-0000-0000-0000-000000092109,OTHERS,542.8963192419694,3933.094082952812,MIA,25.810008561164246,-80.19091422131746,Miami
315973421.00257444,00000000-0000-0000-0000-000000092036,OTHERS,545.9667917502987,3961.053936472645,MIA,25.810260845610017,-80.19088187762623,Miami
315973421.00257444,00000000-0000-0000-0000-000000091968,OTHERS,506.5518326734044,3989.6676989702814,MIA,25.81052139258978,-80.19127329821036,Miami
315973421.00257444,00000000-0000-0000-0000-000000092104,OTHERS,541.3571681746631,3940.4763694086687,MIA,25.810075302703247,-80.19092912195283,Miami
315973421.00257444,00000000-0000-0000-0000-000000092080,OTHERS,547.0150840973482,3976.062271752143,MIA,25.81039630055997,-80.19087050004396,Miami
315973421.00257444,00000000-0000-0000-0000-000000092046,OTHERS,547.5536772966044,3953.8325467750497,MIA,25.81019555418555,-80.1908664909642,Miami
315973421.00257444,00000000-0000-0000-0000-000000092094,OTHERS,551.1476044772221,4019.283849386002,MIA,25.810786327047946,-80.19082662569008,Miami
315973421.00257444,00000000-0000-0000-0000-000000091534,OTHERS,568.6980919780237,3994.9708049925066,MIA,25.810565825316694,-80.19065304584011,Miami
315973421.00257444,00000000-0000-0000-0000-000000092072,OTHERS,542.8383154694723,3943.918038479271,MIA,25.81010629596937,-80.19091413604112,Miami
315973421.00257444,00000000-0000-0000-0000-000000091297,OTHERS,517.5438444018581,4009.526571713045,MIA,25.810700092158008,-80.19116243200753,Miami
315973421.00257444,00000000-0000-0000-0000-000000092097,OTHERS,503.7852498426428,4050.968796906565,MIA,25.811075045563474,-80.19129713749169,Miami
315973421.00257444,00000000-0000-0000-0000-000000092099,OTHERS,568.6070628374687,4004.67303243061,MIA,25.81065343364516,-80.190653358598,Miami
315973421.00257444,00000000-0000-0000-0000-000000092100,OTHERS,504.7699143778535,4041.739214367535,MIA,25.810991655241363,-80.19128788098253,Miami
315973421.00257444,00000000-0000-0000-0000-000000091848,OTHERS,551.7924635504817,3980.09471498315,MIA,25.81043244501392,-80.19082259698784,Miami
315973421.00257444,00000000-0000-0000-0000-000000092081,OTHERS,534.2983082814527,4000.7136883331104,MIA,25.810619588943478,-80.1909958415953,Miami
315973421.00257444,00000000-0000-0000-0000-000000092095,OTHERS,546.8623485205277,3968.990104871776,MIA,25.810332453082697,-80.19087245741818,Miami
315973421.00257444,00000000-0000-0000-0000-000000092040,OTHERS,560.8171206188118,4016.748518025416,MIA,25.810762898125923,-80.19073032478805,Miami
315973421.00257444,00000000-0000-0000-0000-000000092114,OTHERS,540.7098191608799,3936.497558561989,MIA,25.810039413189703,-80.19093582345388,Miami
315973421.00257444,00000000-0000-0000-0000-000000092090,OTHERS,542.0730526579582,3997.508117044184,MIA,25.810590213605316,-80.19091848281084,Miami
315973421.00257444,00000000-0000-0000-0000-000000092096,OTHERS,532.010471656276,3905.7660521512175,MIA,25.809762415394,-80.19102448624827,Miami
315973421.00257444,00000000-0000-0000-0000-000000092073,OTHERS,571.3085032585033,4004.507471847727,MIA,25.8106517887364,-80.19062642107507,Miami
315973421.00257444,00000000-0000-0000-0000-000000092084,OTHERS,546.6283982486863,3973.331387859505,MIA,25.81037166435232,-80.19087452485081,Miami
315973421.00257444,00000000-0000-0000-0000-000000092079,OTHERS,536.9117466519945,3923.635494392221,MIA,25.809923489972995,-80.19097449900136,Miami
315973421.00257444,00000000-0000-0000-0000-000000092082,OTHERS,544.0080823102414,4013.658786280333,MIA,25.810735933674152,-80.19089818968264,Miami
315973421.00257444,00000000-0000-0000-0000-000000092060,OTHERS,497.72211659813377,4010.0747809796494,MIA,25.810706142046033,-80.19136012621126,Miami
315973421.00257444,00000000-0000-0000-0000-000000092063,OTHERS,564.8294040825513,4006.057512211527,MIA,25.810666144171105,-80.19069095693987,Miami
315973421.00257444,00000000-0000-0000-0000-000000091886,OTHERS,541.9289950333834,3994.614372308324,MIA,25.810564093424826,-80.19092009731668,Miami
315973421.00257444,00000000-0000-0000-0000-000000092058,OTHERS,544.4009508754106,3951.679515605227,MIA,25.810176289090105,-80.1908980722981,Miami
315973421.00257444,00000000-0000-0000-0000-000000092055,OTHERS,508.614336037014,4016.803457669851,MIA,25.81076629213965,-80.1912510604395,Miami
315973421.00257444,00000000-0000-0000-0000-000000092054,OTHERS,509.7336809230772,4021.9616613747,MIA,25.810812804437134,-80.19123957836781,Miami
315973421.23658305,00000000-0000-0000-0000-000000000000,AV,525.3049869476289,3990.54359547537,MIA,25.810528260429724,-80.1910861763227,Miami
315973421.23658305,00000000-0000-0000-0000-000000090973,OTHERS,493.65449128618513,3995.018545216298,MIA,25.810570422078328,-80.19140162495373,Miami
315973421.23658305,00000000-0000-0000-0000-000000091297,OTHERS,517.3720533684101,4010.884335947396,MIA,25.810712361207813,-80.19116406242163,Miami
315973421.23658305,00000000-0000-0000-0000-000000091449,OTHERS,548.4673943655547,3991.235778826463,MIA,25.810533224441915,-80.19085508210324,Miami
315973421.23658305,00000000-0000-0000-0000-000000091521,OTHERS,513.4216404420073,4001.684427696524,MIA,25.8106295127085,-80.19120403308693,Miami
315973421.23658305,00000000-0000-0000-0000-000000091865,OTHERS,534.3373757325331,3992.81156283225,MIA,25.810548236961143,-80.1909959365188,Miami
315973421.23658305,00000000-0000-0000-0000-000000091973,AGENT,519.0563232571386,3993.787254706829,MIA,25.810557894882326,-80.19114830967195,Miami
315973421.23658305,00000000-0000-0000-0000-000000091991,OTHERS,471.5067686388255,4000.878855781632,MIA,25.81062456465367,-80.19162219591719,Miami
315973421.23658305,00000000-0000-0000-0000-000000092001,OTHERS,486.70942840638406,3989.246089287553,MIA,25.810518686784103,-80.19147125782487,Miami
315973421.23658305,00000000-0000-0000-0000-000000092002,OTHERS,471.9336074376548,4001.699488420216,MIA,25.810631950628242,-80.19161788778135,Miami
315973421.23658305,00000000-0000-0000-0000-000000092010,OTHERS,549.1806015737708,3962.4065755720703,MIA,25.810272880415397,-80.19084973603934,Miami
315973421.23658305,00000000-0000-0000-0000-000000092109,OTHERS,542.7289971216667,3931.9869700260906,MIA,25.809998574116957,-80.19091595830062,Miami
315973421.23658305,00000000-0000-0000-0000-000000092036,OTHERS,545.8949742197458,3961.120421001748,MIA,25.810261449898942,-80.19088258994742,Miami
315973421.23658305,00000000-0000-0000-0000-000000092100,OTHERS,504.5696526685237,4041.9384543166734,MIA,25.810993465330473,-80.1912898664443,Miami
315973421.23658305,00000000-0000-0000-0000-000000091848,OTHERS,551.9290624990455,3980.076152477957,MIA,25.81043226982492,-80.19082123551334,Miami
315973421.23658305,00000000-0000-0000-0000-000000092081,OTHERS,532.5812742950412,4000.644877489196,MIA,25.810619062953364,-80.19101297374289,Miami
315973421.23658305,00000000-0000-0000-0000-000000092094,OTHERS,551.4591754478673,4020.114055260413,MIA,25.81079380583629,-80.19082346674487,Miami
315973421.23658305,00000000-0000-0000-0000-000000092114,OTHERS,540.4275749871657,3935.92481495196,MIA,25.810034257445942,-80.19093867403785,Miami
315973421.23658305,00000000-0000-0000-0000-000000092090,OTHERS,542.6475619800025,3997.374023312815,MIA,25.810588970951486,-80.19091276013482,Miami
315973421.23658305,00000000-0000-0000-0000-000000092085,OTHERS,551.6268575182714,3974.2293712712208,MIA,25.810379494891592,-80.19082460874648,Miami
315973421.23658305,00000000-0000-0000-0000-000000091968,OTHERS,508.34939313924286,3989.758932870037,MIA,25.810522116604258,-80.19125536142724,Miami
315973421.23658305,00000000-0000-0000-0000-000000092104,OTHERS,541.2272318339573,3940.302905091966,MIA,25.810073743673993,-80.19093042873983,Miami
315973421.23658305,00000000-0000-0000-0000-000000092116,OTHERS,503.38417173769614,4031.1361944029663,MIA,25.81089599542776,-80.19130235426556,Miami
315973421.23658305,00000000-0000-0000-0000-000000091534,OTHERS,570.4651042112637,3995.013616776168,MIA,25.81056611373838,-80.19063541674736,Miami
315973421.23658305,00000000-0000-0000-0000-000000092072,OTHERS,542.8383154694723,3943.918038479271,MIA,25.81010629596937,-80.19091413604112,Miami
315973421.23658305,00000000-0000-0000-0000-000000092054,OTHERS,509.767994776783,4021.865840449904,MIA,25.81081193734722,-80.19123924195122,Miami
315973421.23658305,00000000-0000-0000-0000-000000092099,OTHERS,568.2493141078476,4004.802405018048,MIA,25.81065462164307,-80.19065691931158,Miami
315973421.23658305,00000000-0000-0000-0000-000000092097,OTHERS,503.7852498426428,4050.968796906565,MIA,25.811075045563474,-80.19129713749169,Miami
315973421.23658305,00000000-0000-0000-0000-000000092095,OTHERS,546.9627020663953,3968.654647125649,MIA,25.810329418598375,-80.19087147694036,Miami
315973421.23658305,00000000-0000-0000-0000-000000092073,OTHERS,571.0549621073785,4004.569288727392,MIA,25.810652360974043,-80.1906289464314,Miami
315973421.23658305,00000000-0000-0000-0000-000000092084,OTHERS,546.5593400259341,3973.1419871344015,MIA,25.81036995805083,-80.19087522534325,Miami
315973421.23658305,00000000-0000-0000-0000-000000092079,OTHERS,536.8446780516147,3923.650786478909,MIA,25.809923631771362,-80.19097516708892,Miami
315973421.23658305,00000000-0000-0000-0000-000000092082,OTHERS,543.7164236906236,4013.995786176457,MIA,25.810738992703765,-80.19090107839679,Miami
315973421.23658305,00000000-0000-0000-0000-000000092060,OTHERS,497.7483835416833,4010.085464088172,MIA,25.810706237048386,-80.19135986353554,Miami
315973421.23658305,00000000-0000-0000-0000-000000092120,OTHERS,606.2690719719465,3944.2304412333706,MIA,25.810105593831405,-80.19028137889815,Miami
315973421.23658305,00000000-0000-0000-0000-000000092080,OTHERS,546.9323420969615,3976.116248495488,MIA,25.810396792520297,-80.19087132210774,Miami
315973421.23658305,00000000-0000-0000-0000-000000092063,OTHERS,564.5529067798524,4006.1702934334553,MIA,25.810667177849297,-80.19069370816462,Miami
315973421.23658305,00000000-0000-0000-0000-000000091886,OTHERS,544.329468879347,3994.726811237928,MIA,25.810564975386498,-80.19089614498722,Miami
315973421.23658305,00000000-0000-0000-0000-000000092058,OTHERS,544.0801593009244,3950.488162076426,MIA,25.81016554993906,-80.19090134535024,Miami
315973421.23658305,00000000-0000-0000-0000-000000092055,OTHERS,508.364764902003,4017.699554875223,MIA,25.810774397024325,-80.19125349504935,Miami
315973421.23658305,00000000-0000-0000-0000-000000092046,OTHERS,547.5134993581354,3953.707883097196,MIA,25.810194430803868,-80.19086689939635,Miami
315973421.432268,00000000-0000-0000-0000-000000000000,AV,526.1763388510168,3990.586728725554,MIA,25.810528601522325,-80.1910774816883,Miami
315973421.432268,00000000-0000-0000-0000-000000090973,OTHERS,494.5964704744733,3995.007679990857,MIA,25.81057027170827,-80.1913922290986,Miami
315973421.432268,00000000-0000-0000-0000-000000091297,OTHERS,517.1525534658958,4012.567060809709,MIA,25.81072756703768,-80.19116614882114,Miami
315973421.432268,00000000-0000-0000-0000-000000091449,OTHERS,551.2208215684323,3991.331460548797,MIA,25.810533935491595,-80.19082760999514,Miami
315973421.432268,00000000-0000-0000-0000-000000091534,OTHERS,573.0523933590189,3995.283209100607,MIA,25.810568404245682,-80.19060959123654,Miami
315973421.432268,00000000-0000-0000-0000-000000091865,OTHERS,536.9892021968782,3992.688872584356,MIA,25.810546981955092,-80.19096949129748,Miami
315973421.432268,00000000-0000-0000-0000-000000092117,OTHERS,580.3908216713736,4005.378312819729,MIA,25.810659147282944,-80.19053576877907,Miami
315973421.432268,00000000-0000-0000-0000-000000091973,AGENT,521.2970409016139,3993.896779314023,MIA,25.810558759434773,-80.19112595113816,Miami
315973421.432268,00000000-0000-0000-0000-000000091991,OTHERS,471.5067686388255,4000.878855781632,MIA,25.81062456465367,-80.19162219591719,Miami
315973421.432268,00000000-0000-0000-0000-000000092114,OTHERS,539.8576438215297,3935.596763959506,MIA,25.81003132705004,-80.19094437936361,Miami
315973421.432268,00000000-0000-0000-0000-000000092090,OTHERS,543.2944867173393,3997.373300867132,MIA,25.810588928512026,-80.19090630691322,Miami
315973421.432268,00000000-0000-0000-0000-000000091968,OTHERS,511.16611355798784,3989.887530330247,MIA,25.810523121419706,-80.19122725593549,Miami
315973421.432268,00000000-0000-0000-0000-000000092104,OTHERS,541.2272318339573,3940.302905091966,MIA,25.810073743673993,-80.19093042873983,Miami
315973421.432268,00000000-0000-0000-0000-000000092085,OTHERS,551.5062102956923,3974.316587039967,MIA,25.810380289078378,-80.19082580688615,Miami
315973421.432268,00000000-0000-0000-0000-000000091886,OTHERS,547.0003090890714,3994.928589516573,MIA,25.810566648995326,-80.1908694901935,Miami
315973421.432268,00000000-0000-0000-0000-000000092058,OTHERS,544.0141697225852,3949.995863411533,MIA,25.810161108543035,-80.19090203380883,Miami
315973421.432268,00000000-0000-0000-0000-000000092095,OTHERS,546.859115704872,3968.982681112839,MIA,25.81033238623164,-80.19087249012176,Miami
315973421.432268,00000000-0000-0000-0000-000000092002,OTHERS,468.12939517202415,4001.980269912295,MIA,25.810634696873844,-80.1916558187402,Miami
315973421.432268,00000000-0000-0000-0000-000000091521,OTHERS,514.0992641219893,4002.713183349927,MIA,25.810638763934655,-80.19119721050973,Miami
315973421.432268,00000000-0000-0000-0000-000000092063,OTHERS,563.863075724877,4006.489792595601,MIA,25.810670100977163,-80.190700569836,Miami
315973421.432268,00000000-0000-0000-0000-000000092105,OTHERS,566.4488682555592,4005.23946315144,MIA,25.810658667913376,-80.19067485248596,Miami
315973421.432268,00000000-0000-0000-0000-000000092055,OTHERS,508.251633626578,4017.819839952565,MIA,25.810775489379765,-80.19125461619447,Miami
315973421.432268,00000000-0000-0000-0000-000000092082,OTHERS,544.2878055672925,4014.5080968588654,MIA,25.81074358673247,-80.19089534726227,Miami
315973421.432268,00000000-0000-0000-0000-000000092060,OTHERS,497.6645573127977,4010.040901338176,MIA,25.810705839334048,-80.1913607024597,Miami
315973421.432268,00000000-0000-0000-0000-000000092099,OTHERS,567.8659455438318,4004.891338085225,MIA,25.81065544592753,-80.19066073807197,Miami
315973421.432268,00000000-0000-0000-0000-000000092116,OTHERS,503.3468619784708,4030.9804732543794,MIA,25.810894591461857,-80.19130273598927,Miami
315973421.432268,00000000-0000-0000-0000-000000092001,OTHERS,490.1589045255869,3989.32587998345,MIA,25.81051921584903,-80.19143684340345,Miami
315973421.432268,00000000-0000-0000-0000-000000092094,OTHERS,551.3931599471479,4018.360242726485,MIA,25.810777973991637,-80.19082423285428,Miami
315973421.432268,00000000-0000-0000-0000-000000092073,OTHERS,570.2923388961891,4004.648511101136,MIA,25.810653118642403,-80.19063654896657,Miami
315973421.432268,00000000-0000-0000-0000-000000092084,OTHERS,546.5421936435512,3972.873933776886,MIA,25.810367538697406,-80.19087541282504,Miami
315973421.432268,00000000-0000-0000-0000-000000092120,OTHERS,606.2091702898429,3944.0804494308336,MIA,25.81010424285485,-80.19028198563949,Miami
315973421.432268,00000000-0000-0000-0000-000000092080,OTHERS,547.1024787308277,3975.9364213935937,MIA,25.810395159380615,-80.19086963597749,Miami
315973421.432268,00000000-0000-0000-0000-000000091848,OTHERS,551.9199909488203,3980.077708770575,MIA,25.810432284380674,-80.19082132590916,Miami
315973421.432268,00000000-0000-0000-0000-000000092081,OTHERS,529.9674595724778,4000.489362543175,MIA,25.81061780387354,-80.19103905686366,Miami
315973421.432268,00000000-0000-0000-0000-000000092054,OTHERS,509.7836932518208,4021.864162886384,MIA,25.810811921328966,-80.19123908545683,Miami
315973421.432268,00000000-0000-0000-0000-000000092046,OTHERS,547.3244634252467,3953.352693727349,MIA,25.810191234225943,-80.19086880686613,Miami
315973421.432268,00000000-0000-0000-0000-000000092036,OTHERS,546.1097403195541,3960.68524708184,MIA,25.810257508705938,-80.19088047429025,Miami
315973421.432268,00000000-0000-0000-0000-000000092010,OTHERS,548.8730634352896,3962.191035092976,MIA,25.810270951333987,-80.19085281703634,Miami
315973421.432268,00000000-0000-0000-0000-000000092109,OTHERS,542.7655310425454,3933.024556564207,MIA,25.810007940658025,-80.19091553022648,Miami
315973421.63101536,00000000-0000-0000-0000-000000000000,AV,526.9583897721951,3990.627232702308,MIA,25.810528923831072,-80.19106967801844,Miami
315973421.63101536,00000000-0000-0000-0000-000000090973,OTHERS,495.813128994056,3995.1569735306207,MIA,25.810571552201193,-80.19138008341814,Miami
315973421.63101536,00000000-0000-0000-0000-000000091297,OTHERS,516.878796974926,4013.862845691922,MIA,25.810739282123105,-80.1911688001733,Miami
315973421.63101536,00000000-0000-0000-0000-000000091449,OTHERS,552.9709640181395,3991.4234935916993,MIA,25.810534669299493,-80.19081014616852,Miami
315973421.63101536,00000000-0000-0000-0000-000000091534,OTHERS,574.8541822953857,3995.481898100064,MIA,25.81057009817584,-80.19059160567097,Miami
315973421.63101536,00000000-0000-0000-0000-000000091865,OTHERS,538.6954586918574,3992.616027412012,MIA,25.810546229499195,-80.190952475357,Miami
315973421.63101536,00000000-0000-0000-0000-000000092117,OTHERS,579.9365717679043,4005.351572536756,MIA,25.81065893107078,-80.19054030169958,Miami
315973421.63101536,00000000-0000-0000-0000-000000091968,OTHERS,513.0425975237604,3989.985745585942,MIA,25.810523904084416,-80.191208531439,Miami
315973421.63101536,00000000-0000-0000-0000-000000092132,OTHERS,559.7993210006267,4041.070029603015,MIA,25.810982558236486,-80.19073898553916,Miami
315973421.63101536,00000000-0000-0000-0000-000000091973,AGENT,522.6226336625829,3994.019738183879,MIA,25.810559796078238,-80.19111272042039,Miami
315973421.63101536,00000000-0000-0000-0000-000000092106,OTHERS,564.8902598721777,4010.3255189772017,MIA,25.81070467744347,-80.19069008803045,Miami
315973421.63101536,00000000-0000-0000-0000-000000092010,OTHERS,548.9260243495721,3962.2337893355134,MIA,25.810271334429792,-80.19085228611442,Miami
315973421.63101536,00000000-0000-0000-0000-000000092114,OTHERS,539.4266560014152,3934.4118497098248,MIA,25.810020652156563,-80.19094875124729,Miami
315973421.63101536,00000000-0000-0000-0000-000000092131,OTHERS,544.589903375801,4024.829428771197,MIA,25.810836763249334,-80.19089170065469,Miami
315973421.63101536,00000000-0000-0000-0000-000000092090,OTHERS,543.6036876048425,3997.432151478699,MIA,25.81058944271903,-80.19090321893307,Miami
315973421.63101536,00000000-0000-0000-0000-000000092001,OTHERS,491.99669549629175,3989.4473562363855,MIA,25.810520210715662,-80.19141850345626,Miami
315973421.63101536,00000000-0000-0000-0000-000000092085,OTHERS,551.5865505513215,3974.18433701764,MIA,25.810379090506654,-80.19082501358218,Miami
315973421.63101536,00000000-0000-0000-0000-000000092082,OTHERS,544.0082617251155,4013.8640055957103,MIA,25.81073778662884,-80.19089817530535,Miami
315973421.63101536,00000000-0000-0000-0000-000000091521,OTHERS,514.4573313202217,4003.428918919408,MIA,25.810645206576876,-80.19119359479656,Miami
315973421.63101536,00000000-0000-0000-0000-000000092129,OTHERS,542.9683869815624,3943.9606156094646,MIA,25.810106673185274,-80.19091283593305,Miami
315973421.63101536,00000000-0000-0000-0000-000000092063,OTHERS,563.5057715541678,4006.735653500916,MIA,25.810672340744624,-80.1907041189692,Miami
315973421.63101536,00000000-0000-0000-0000-000000092060,OTHERS,497.6654350278275,4010.036494755238,MIA,25.810705799497452,-80.19136069397437,Miami
315973421.63101536,00000000-0000-0000-0000-000000092116,OTHERS,503.2228519038089,4030.608575638064,MIA,25.810891240408107,-80.1913039958297,Miami
315973421.63101536,00000000-0000-0000-0000-000000091886,OTHERS,548.6842256101249,3995.07577083666,MIA,25.810567884429574,-80.19085268360253,Miami
315973421.63101536,00000000-0000-0000-0000-000000092058,OTHERS,544.0527611877371,3950.334515566554,MIA,25.810164164156163,-80.19090162807754,Miami
315973421.63101536,00000000-0000-0000-0000-000000092099,OTHERS,567.5857701277749,4004.9700929215887,MIA,25.81065617257979,-80.19066352807415,Miami
315973421.63101536,00000000-0000-0000-0000-000000092095,OTHERS,546.9191728181271,3968.874249005237,MIA,25.81033140384283,-80.19087189768658,Miami
315973421.63101536,00000000-0000-0000-0000-000000092002,OTHERS,466.8315133269538,4001.987452084145,MIA,25.810634833712744,-80.1916687650634,Miami
315973421.63101536,00000000-0000-0000-0000-000000092094,OTHERS,551.3492918630657,4018.262349924469,MIA,25.810777092534504,-80.19082467645715,Miami
315973421.63101536,00000000-0000-0000-0000-000000092073,OTHERS,569.7698212373281,4004.869904439796,MIA,25.81065514666453,-80.19064174765356,Miami
315973421.63101536,00000000-0000-0000-0000-000000092084,OTHERS,546.5499194599076,3972.888339387753,MIA,25.810367668339495,-80.19087533487425,Miami
315973421.63101536,00000000-0000-0000-0000-000000092120,OTHERS,606.2289845224185,3944.65424871633,MIA,25.810109422697685,-80.19028175276638,Miami
315973421.63101536,00000000-0000-0000-0000-000000092080,OTHERS,547.0388435609799,3975.943115115773,MIA,25.810395223352607,-80.19087027034556,Miami
315973421.63101536,00000000-0000-0000-0000-000000091848,OTHERS,552.0306270625937,3980.036266736152,MIA,25.810431904049572,-80.19082022482478,Miami
315973421.63101536,00000000-0000-0000-0000-000000092081,OTHERS,528.2010584022869,4000.411514154456,MIA,25.81061719901689,-80.1910566820176,Miami
315973421.63101536,00000000-0000-0000-0000-000000092105,OTHERS,566.2709584090635,4005.553973678805,MIA,25.81066151756946,-80.19067660789389,Miami
315973421.63101536,00000000-0000-0000-0000-000000092055,OTHERS,508.59339851911216,4017.424468444776,MIA,25.810771900527733,-80.19125123122326,Miami
315973421.63101536,00000000-0000-0000-0000-000000092054,OTHERS,509.7529173603836,4021.883786304775,MIA,25.810812100220545,-80.19123939125292,Miami
315973421.63101536,00000000-0000-0000-0000-000000092046,OTHERS,547.3038199328795,3953.318487473059,MIA,25.810190926517215,-80.19086901488855,Miami
315973421.63101536,00000000-0000-0000-0000-000000092036,OTHERS,546.0172113511192,3961.144892351625,MIA,25.810261664068893,-80.19088136909818,Miami
315973421.8410055,00000000-0000-0000-0000-000000000000,AV,527.7575646584363,3990.665870990953,MIA,25.810529228343217,-80.19106170364643,Miami
315973421.8410055,00000000-0000-0000-0000-000000090973,OTHERS,496.7790004513077,3995.1768626871526,MIA,25.810571678191305,-80.19137044734525,Miami
315973421.8410055,00000000-0000-0000-0000-000000091297,OTHERS,516.5526223533077,4015.2634905405152,MIA,25.810751946918586,-80.19117196798342,Miami
315973421.8410055,00000000-0000-0000-0000-000000092085,OTHERS,551.5398870756821,3974.150724839448,MIA,25.810378789606762,-80.19082548112519,Miami
315973421.8410055,00000000-0000-0000-0000-000000091449,OTHERS,554.8973590247284,3991.504978112562,MIA,25.81053529807394,-80.19079092481823,Miami
315973421.8410055,00000000-0000-0000-0000-000000091534,OTHERS,576.5961835584318,3995.5424552671752,MIA,25.81057054820567,-80.19057422498057,Miami
315973421.8410055,00000000-0000-0000-0000-000000091865,OTHERS,540.579507284394,3992.4740646301375,MIA,25.810544843094657,-80.19093369012784,Miami
315973421.8410055,00000000-0000-0000-0000-000000092117,OTHERS,579.1347656533367,4005.363750805494,MIA,25.81065908556605,-80.19054829920981,Miami
315973421.8410055,00000000-0000-0000-0000-000000091968,OTHERS,514.9597187964932,3990.017600864849,MIA,25.810524085314313,-80.1911894056422,Miami
315973421.8410055,00000000-0000-0000-0000-000000092132,OTHERS,560.4305664619296,4042.9173134908974,MIA,25.81099920266271,-80.19073257532632,Miami
315973421.8410055,00000000-0000-0000-0000-000000091973,AGENT,524.0151555743256,3994.0664583883854,MIA,25.81056014063195,-80.19109882673952,Miami
315973421.8410055,00000000-0000-0000-0000-000000092001,OTHERS,493.28806862182313,3989.4954797486894,MIA,25.810520573581652,-80.19140561868268,Miami
315973421.8410055,00000000-0000-0000-0000-000000092002,OTHERS,466.8315133269538,4001.987452084145,MIA,25.810634833712744,-80.1916687650634,Miami
315973421.8410055,00000000-0000-0000-0000-000000092010,OTHERS,548.8964827935181,3962.11709245761,MIA,25.810270282391397,-80.19085258795752,Miami
315973421.8410055,00000000-0000-0000-0000-000000092036,OTHERS,546.0839084275061,3961.0112906994295,MIA,25.810260454050802,-80.19088071197167,Miami
315973421.8410055,00000000-0000-0000-0000-000000092046,OTHERS,547.3190334359738,3953.231113099821,MIA,25.810190136752485,-80.19086886848922,Miami
315973421.8410055,00000000-0000-0000-0000-000000092131,OTHERS,544.4877171474473,4024.878201908604,MIA,25.810837209304772,-80.19089271700307,Miami
315973421.8410055,00000000-0000-0000-0000-000000092114,OTHERS,540.845184217451,3936.505613847948,MIA,25.81003947840755,-80.1909344726595,Miami
315973421.8410055,00000000-0000-0000-0000-000000092090,OTHERS,543.9111963622705,3997.485525932299,MIA,25.81058990757462,-80.19090014816828,Miami
315973421.8410055,00000000-0000-0000-0000-000000091886,OTHERS,550.4327182920372,3995.384871890865,MIA,25.81057057828077,-80.19083522291263,Miami
315973421.8410055,00000000-0000-0000-0000-000000092058,OTHERS,544.0659210257635,3950.1710415114,MIA,25.810162687386764,-80.19090150683148,Miami
315973421.8410055,00000000-0000-0000-0000-000000092116,OTHERS,503.13663197753743,4030.625523277304,MIA,25.810891398216132,-80.19130485486227,Miami
315973421.8410055,00000000-0000-0000-0000-000000092060,OTHERS,497.6907441233325,4010.1215692230494,MIA,25.81070656624692,-80.19136043629312,Miami
315973421.8410055,00000000-0000-0000-0000-000000092135,OTHERS,508.2671215656177,4027.345717552685,MIA,25.810861499507112,-80.19125387766114,Miami
315973421.8410055,00000000-0000-0000-0000-000000092099,OTHERS,567.3661096140038,4005.012762284517,MIA,25.81065657004862,-80.190665716636,Miami
315973421.8410055,00000000-0000-0000-0000-000000092082,OTHERS,544.1222267980485,4014.194875801989,MIA,25.810740767792236,-80.19089701817386,Miami
315973421.8410055,00000000-0000-0000-0000-000000092130,OTHERS,503.9394854405864,4051.396802153453,MIA,25.811078901546328,-80.1912955726993,Miami
315973421.8410055,00000000-0000-0000-0000-000000091521,OTHERS,514.8389493184337,4004.18744608514,MIA,25.810652034285514,-80.19118974153287,Miami
315973421.8410055,00000000-0000-0000-0000-000000092129,OTHERS,542.8752060784636,3943.853697326881,MIA,25.810105712972614,-80.19091377199418,Miami
315973421.8410055,00000000-0000-0000-0000-000000092063,OTHERS,563.2321061067348,4006.9402209720256,MIA,25.81067420302098,-80.19070683631435,Miami
315973421.8410055,00000000-0000-0000-0000-000000092106,OTHERS,564.9477614743784,4010.339654914517,MIA,25.810704801886274,-80.19068951356714,Miami
315973421.8410055,00000000-0000-0000-0000-000000092095,OTHERS,546.9033452805495,3968.895923262635,MIA,25.810331600422636,-80.19087205424115,Miami
315973421.8410055,00000000-0000-0000-0000-000000092094,OTHERS,551.3145916096466,4018.231043763088,MIA,25.81077681179189,-80.1908250245234,Miami
315973421.8410055,00000000-0000-0000-0000-000000092073,OTHERS,569.4766528117614,4004.864083512055,MIA,25.810655110387955,-80.19064467245406,Miami
315973421.8410055,00000000-0000-0000-0000-000000092084,OTHERS,546.5322002228295,3972.7683219517216,MIA,25.81036658566273,-80.19087551899018,Miami
315973421.8410055,00000000-0000-0000-0000-000000092120,OTHERS,606.4382178173195,3944.4706424331953,MIA,25.810107753256194,-80.1902796768812,Miami
315973421.8410055,00000000-0000-0000-0000-000000092080,OTHERS,547.0115148628383,3975.8862202845344,MIA,25.810394711155528,-80.1908705464468,Miami
315973421.8410055,00000000-0000-0000-0000-000000091848,OTHERS,552.0099113205829,3980.125540941384,MIA,25.810432711273787,-80.19082042599388,Miami
315973421.8410055,00000000-0000-0000-0000-000000092081,OTHERS,526.3057094071874,4000.3135115786736,MIA,25.810616419339606,-80.19107559470046,Miami
315973421.8410055,00000000-0000-0000-0000-000000092105,OTHERS,566.0598411365984,4005.641167364804,MIA,25.810662316582306,-80.19067870850274,Miami
315973421.8410055,00000000-0000-0000-0000-000000092055,OTHERS,508.3146906774589,4017.940766426686,MIA,25.810776577748868,-80.19125397976661,Miami
315973421.8410055,00000000-0000-0000-0000-000000092054,OTHERS,509.7353574085263,4021.9551393348256,MIA,25.81081274545534,-80.19123956204423,Miami
315973422.0304265,00000000-0000-0000-0000-000000000000,AV,528.4342703527977,3990.695723679125,MIA,25.81052946032613,-80.19105495147906,Miami
315973422.0304265,00000000-0000-0000-0000-000000090973,OTHERS,496.6323893382456,3995.065670063993,MIA,25.81057068234659,-80.19137191665071,Miami
315973422.0304265,00000000-0000-0000-0000-000000091297,OTHERS,516.1389495017412,4015.8713847929534,MIA,25.81075745867219,-80.1911760572248,Miami
315973422.0304265,00000000-0000-0000-0000-000000092085,OTHERS,551.4381611035994,3974.176421208303,MIA,25.810379027272457,-80.19082649429382,Miami
315973422.0304265,00000000-0000-0000-0000-000000091449,OTHERS,556.6976284616378,3991.615926722199,MIA,25.81053619988627,-80.1907729597996,Miami
315973422.0304265,00000000-0000-0000-0000-000000091534,OTHERS,578.3495481644018,3995.76796546401,MIA,25.810572486994797,-80.19055672081542,Miami
315973422.0304265,00000000-0000-0000-0000-000000091865,OTHERS,542.4509969937911,3992.4609261967767,MIA,25.810544620564794,-80.19091502227622,Miami
315973422.0304265,00000000-0000-0000-0000-000000092117,OTHERS,578.7213539554704,4005.418679920732,MIA,25.810659604493846,-80.19055241974542,Miami
315973422.0304265,00000000-0000-0000-0000-000000091968,OTHERS,516.6221339194811,3990.086342001268,MIA,25.810524613727548,-80.19117281835183,Miami
315973422.0304265,00000000-0000-0000-0000-000000091973,AGENT,525.4971103955587,3994.101291951495,MIA,25.81056037289343,-80.19108404166795,Miami
315973422.0304265,00000000-0000-0000-0000-000000092001,OTHERS,495.114180488133,3989.685167289633,MIA,25.810522184985274,-80.19138739105628,Miami
315973422.0304265,00000000-0000-0000-0000-000000092131,OTHERS,544.4877171474473,4024.878201908604,MIA,25.810837209304772,-80.19089271700307,Miami
315973422.0304265,00000000-0000-0000-0000-000000092114,OTHERS,540.3439491085733,3935.679395581712,MIA,25.810032046149555,-80.19093952327898,Miami
315973422.0304265,00000000-0000-0000-0000-000000092090,OTHERS,544.2763377137231,3997.5661353988494,MIA,25.810590615140587,-80.19089650083076,Miami
315973422.0304265,00000000-0000-0000-0000-000000091886,OTHERS,552.5320513784957,3995.4017657151753,MIA,25.810570614254196,-80.19081428041046,Miami
315973422.0304265,00000000-0000-0000-0000-000000092058,OTHERS,544.0177000775268,3950.1414565714745,MIA,25.810162422935772,-80.1909019896626,Miami
315973422.0304265,00000000-0000-0000-0000-000000092060,OTHERS,497.729719922859,4010.015009871891,MIA,25.810705601939254,-80.19136005402986,Miami
315973422.0304265,00000000-0000-0000-0000-000000092140,OTHERS,505.8273740087937,4024.2659491269465,MIA,25.81083382707672,-80.19127840374045,Miami
315973422.0304265,00000000-0000-0000-0000-000000092134,OTHERS,541.2577069647265,3940.491216772228,MIA,25.810075442284667,-80.19093011319295,Miami
315973422.0304265,00000000-0000-0000-0000-000000091521,OTHERS,515.0854364864136,4004.990425928368,MIA,25.810659270865553,-80.19118723351406,Miami
315973422.0304265,00000000-0000-0000-0000-000000092129,OTHERS,542.7140373999058,3943.645814425354,MIA,25.810103844905413,-80.19091539244332,Miami
315973422.0304265,00000000-0000-0000-0000-000000092082,OTHERS,544.1589889347217,4014.1755653503615,MIA,25.81074059139343,-80.19089665264464,Miami
315973422.0304265,00000000-0000-0000-0000-000000092135,OTHERS,508.2614353319069,4027.232286951604,MIA,25.8108604756359,-80.19125394133764,Miami
315973422.0304265,00000000-0000-0000-0000-000000092063,OTHERS,565.5696535985765,4006.357996978597,MIA,25.810668816196703,-80.19068355429151,Miami
315973422.0304265,00000000-0000-0000-0000-000000092130,OTHERS,503.93684949001135,4051.312718874996,MIA,25.811078142488483,-80.19129560414878,Miami
315973422.0304265,00000000-0000-0000-0000-000000092132,OTHERS,560.739320331368,4044.759857805968,MIA,25.811015822202634,-80.19072938236299,Miami
315973422.0304265,00000000-0000-0000-0000-000000092116,OTHERS,503.13663197753743,4030.625523277304,MIA,25.810891398216132,-80.19130485486227,Miami
315973422.0304265,00000000-0000-0000-0000-000000092106,OTHERS,564.9428545262027,4010.395249701444,MIA,25.810705304134768,-80.19068955910453,Miami
315973422.0304265,00000000-0000-0000-0000-000000092095,OTHERS,546.9195276707393,3968.950685226071,MIA,25.8103320939805,-80.19087188945836,Miami
315973422.0304265,00000000-0000-0000-0000-000000092094,OTHERS,551.3237249511803,4018.7648597298767,MIA,25.810781631211636,-80.19082490066964,Miami
315973422.0304265,00000000-0000-0000-0000-000000092084,OTHERS,546.4812730357188,3972.850135540856,MIA,25.810367327200883,-80.19087602198475,Miami
315973422.0304265,00000000-0000-0000-0000-000000092120,OTHERS,606.5579702190716,3944.228695486456,MIA,25.810105562017295,-80.19027849717185,Miami
315973422.0304265,00000000-0000-0000-0000-000000092080,OTHERS,547.0673295338279,3975.739129434772,MIA,25.810393379945033,-80.19086999870215,Miami
315973422.0304265,00000000-0000-0000-0000-000000091848,OTHERS,552.0527182498971,3980.1566568727753,MIA,25.810432989848685,-80.19081999707392,Miami
315973422.0304265,00000000-0000-0000-0000-000000092081,OTHERS,524.6939951838415,4000.1184089936737,MIA,25.810614747181692,-80.19109168399588,Miami
315973422.0304265,00000000-0000-0000-0000-000000092055,OTHERS,508.2763998075268,4017.87696910641,MIA,25.810776003835517,-80.19125436564146,Miami
315973422.0304265,00000000-0000-0000-0000-000000092054,OTHERS,509.6586764055328,4022.003706984336,MIA,25.81081318823753,-80.19124032398368,Miami
315973422.0304265,00000000-0000-0000-0000-000000092046,OTHERS,547.287419908047,3953.215456062751,MIA,25.810189997137286,-80.19086918480284,Miami
315973422.0304265,00000000-0000-0000-0000-000000092036,OTHERS,546.1174383226836,3961.115940791255,MIA,25.81026139709508,-80.19088037108301,Miami
315973422.0304265,00000000-0000-0000-0000-000000092010,OTHERS,548.9883992002764,3962.1753431172783,MIA,25.810270803244453,-80.19085166749353,Miami
315973422.23618704,00000000-0000-0000-0000-000000000000,AV,529.2019118551009,3990.7316675314655,MIA,25.810529742259273,-80.19104729182693,Miami
315973422.23618704,00000000-0000-0000-0000-000000090973,OTHERS,497.6200446966917,3995.3284794759193,MIA,25.810573000501414,-80.19136204838564,Miami
315973422.23618704,00000000-0000-0000-0000-000000091297,OTHERS,515.7054917748097,4017.763338836277,MIA,25.810774565547224,-80.1911802650935,Miami
315973422.23618704,00000000-0000-0000-0000-000000092085,OTHERS,551.4962167199958,3974.267270664997,MIA,25.810379844346212,-80.19082590960002,Miami
315973422.23618704,00000000-0000-0000-0000-000000091449,OTHERS,558.6471025373698,3991.725583334005,MIA,25.81053708174546,-80.19075350650026,Miami
315973422.23618704,00000000-0000-0000-0000-000000091534,OTHERS,580.0309684377067,3995.8727570800897,MIA,25.810573339786664,-80.19053994172343,Miami
315973422.23618704,00000000-0000-0000-0000-000000091865,OTHERS,544.3882755029618,3992.3892861122113,MIA,25.81054386615731,-80.19089570175052,Miami
315973422.23618704,00000000-0000-0000-0000-000000092117,OTHERS,578.1458613099387,4005.4286382921614,MIA,25.810659726374496,-80.19055815984689,Miami
315973422.23618704,00000000-0000-0000-0000-000000091968,OTHERS,518.2463964288003,3990.162299953892,MIA,25.810525209418437,-80.19115661120227,Miami
315973422.23618704,00000000-0000-0000-0000-000000092132,OTHERS,561.0079596025989,4046.463293417061,MIA,25.811031187930954,-80.19072659808961,Miami
315973422.23618704,00000000-0000-0000-0000-000000091973,AGENT,526.8251015519756,3994.160349612393,MIA,25.810560832423608,-80.1910707909437,Miami
315973422.23618704,00000000-0000-0000-0000-000000092001,OTHERS,496.8605478431849,3989.834253210655,MIA,25.81052343421149,-80.19136996139315,Miami
315973422.23618704,00000000-0000-0000-0000-000000091521,OTHERS,515.1833330916652,4005.5326828988977,MIA,25.81066416157516,-80.19118622371717,Miami
315973422.23618704,00000000-0000-0000-0000-000000092129,OTHERS,542.7802859803853,3943.785450219028,MIA,25.810105102026018,-80.19091472303232,Miami
315973422.23618704,00000000-0000-0000-0000-000000092140,OTHERS,505.82814064625455,4024.127920668389,MIA,25.810832580748592,-80.19127840455535,Miami
315973422.23618704,00000000-0000-0000-0000-000000092135,OTHERS,508.2680052642224,4027.307516899488,MIA,25.810861154537005,-80.19125387118808,Miami
315973422.23618704,00000000-0000-0000-0000-000000092141,OTHERS,504.890544459068,4042.678952931359,MIA,25.811000133627857,-80.19128662004356,Miami
315973422.23618704,00000000-0000-0000-0000-000000092130,OTHERS,503.9026396870657,4051.737461628388,MIA,25.81108197947107,-80.191295919363,Miami
315973422.23618704,00000000-0000-0000-0000-000000091886,OTHERS,554.400712019014,3995.522183140647,MIA,25.810571597767517,-80.19079563258335,Miami
315973422.23618704,00000000-0000-0000-0000-000000092058,OTHERS,543.9644187462072,3950.241557522799,MIA,25.81016332972467,-80.19090251501804,Miami
315973422.23618704,00000000-0000-0000-0000-000000092060,OTHERS,497.7013062539127,4010.083292150988,MIA,25.810706220049767,-80.19136033327909,Miami
315973422.23618704,00000000-0000-0000-0000-000000092136,OTHERS,545.7195450179419,4020.746411383234,MIA,25.810799834182443,-80.1908806825687,Miami
315973422.23618704,00000000-0000-0000-0000-000000092084,OTHERS,546.5362268703069,3972.705677936805,MIA,25.810366019814285,-80.19087548266572,Miami
315973422.23618704,00000000-0000-0000-0000-000000092134,OTHERS,541.2702804457997,3940.540021916756,MIA,25.81007588225771,-80.19092998477593,Miami
315973422.23618704,00000000-0000-0000-0000-000000092063,OTHERS,565.2170281088983,4006.509392096182,MIA,25.810670202755016,-80.19068706254886,Miami
315973422.23618704,00000000-0000-0000-0000-000000092137,OTHERS,506.8525466649117,4007.861992474634,MIA,25.81068565569419,-80.19126918303161,Miami
315973422.23618704,00000000-0000-0000-0000-000000092082,OTHERS,544.0950041776313,4014.196845041199,MIA,25.81074078708427,-80.19089728960711,Miami
315973422.23618704,00000000-0000-0000-0000-000000092112,OTHERS,565.8225904097371,4011.560808826412,MIA,25.810715779336213,-80.19068071195903,Miami
315973422.23618704,00000000-0000-0000-0000-000000092114,OTHERS,540.2064255879218,3935.337845788011,MIA,25.810028969865144,-80.19094091605841,Miami
315973422.23618704,00000000-0000-0000-0000-000000092090,OTHERS,544.7265083247557,3997.747213175137,MIA,25.81059222513335,-80.19089199913867,Miami
315973422.23618704,00000000-0000-0000-0000-000000092106,OTHERS,564.6725601520212,4010.733575034444,MIA,25.81070837394959,-80.1906922346163,Miami
315973422.23618704,00000000-0000-0000-0000-000000092095,OTHERS,546.9321344698903,3968.956175347302,MIA,25.810332142851923,-80.19087176336534,Miami
315973422.23618704,00000000-0000-0000-0000-000000092094,OTHERS,551.4177357529805,4018.987981837173,MIA,25.810783640604054,-80.19082394919556,Miami
315973422.23618704,00000000-0000-0000-0000-000000092120,OTHERS,606.5408544755056,3944.4112551726616,MIA,25.810107211334653,-80.19027865669976,Miami
315973422.23618704,00000000-0000-0000-0000-000000092080,OTHERS,547.0466121926115,3975.691955764913,MIA,25.810392955155127,-80.190870208257,Miami
315973422.23618704,00000000-0000-0000-0000-000000091848,OTHERS,551.9843858903597,3980.215285343214,MIA,25.81043352301054,-80.19082067511214,Miami
315973422.23618704,00000000-0000-0000-0000-000000092081,OTHERS,522.9909932258271,4000.160011756854,MIA,25.81061521734716,-80.19110866939833,Miami
315973422.23618704,00000000-0000-0000-0000-000000092055,OTHERS,508.3809359796506,4017.860004257421,MIA,25.81077584485535,-80.19125332390057,Miami
315973422.23618704,00000000-0000-0000-0000-000000092054,OTHERS,509.4601654678272,4022.549590346806,MIA,25.810818128140344,-80.19124227072413,Miami
315973422.23618704,00000000-0000-0000-0000-000000092046,OTHERS,547.2787904312769,3953.176978729455,MIA,25.810189650197135,-80.19086927324425,Miami
315973422.23618704,00000000-0000-0000-0000-000000092036,OTHERS,546.1244077436667,3961.02608689608,MIA,25.8102605854,-80.19088030707256,Miami
315973422.23618704,00000000-0000-0000-0000-000000092010,OTHERS,549.4475306335177,3962.463103612624,MIA,25.81027337599748,-80.19084706988258,Miami
315973422.4538152,00000000-0000-0000-0000-000000000000,AV,530.1006328033989,3990.767040723457,MIA,25.81053001176324,-80.19103832465406,Miami
315973422.4538152,00000000-0000-0000-0000-000000090973,OTHERS,497.638054287061,3996.37330313136,MIA,25.810582433417046,-80.19136180468519,Miami
315973422.4538152,00000000-0000-0000-0000-000000091297,OTHERS,515.3312272561435,4018.179489502368,MIA,25.810778343823625,-80.19118397298244,Miami
315973422.4538152,00000000-0000-0000-0000-000000092085,OTHERS,551.4525360231415,3973.8970206870704,MIA,25.810376503713197,-80.1908263680389,Miami
315973422.4538152,00000000-0000-0000-0000-000000091449,OTHERS,560.4579285809805,3991.7088990459138,MIA,25.81053683054496,-80.19073544400615,Miami
315973422.4538152,00000000-0000-0000-0000-000000091534,OTHERS,581.852626349455,3996.10583965406,MIA,25.81057534315072,-80.19052175584694,Miami
315973422.4538152,00000000-0000-0000-0000-000000091865,OTHERS,546.3821623563564,3992.273556655879,MIA,25.810542710512898,-80.19087581924474,Miami
315973422.4538152,00000000-0000-0000-0000-000000092117,OTHERS,577.5622133165317,4005.466972792044,MIA,25.810660104921404,-80.1905639795592,Miami
315973422.4538152,00000000-0000-0000-0000-000000092132,OTHERS,561.2508683889323,4048.319828922328,MIA,25.8110479374563,-80.1907240610928,Miami
315973422.4538152,00000000-0000-0000-0000-000000091973,AGENT,528.3360965423532,3994.1532578278193,MIA,25.81056068451821,-80.19105571875889,Miami
315973422.4538152,00000000-0000-0000-0000-000000092001,OTHERS,497.8109125414405,3989.914827850447,MIA,25.81052410900243,-80.19136047628851,Miami
315973422.4538152,00000000-0000-0000-0000-000000092036,OTHERS,546.1065273056221,3960.96064212405,MIA,25.81025999547925,-80.19088048944894,Miami
315973422.4538152,00000000-0000-0000-0000-000000092046,OTHERS,547.5213941354531,3953.4085206127193,MIA,25.810191727363936,-80.19086683900622,Miami
315973422.4538152,00000000-0000-0000-0000-000000092054,OTHERS,509.7311598213923,4022.0543862902086,MIA,25.810813641808195,-80.1912395978315,Miami
315973422.4538152,00000000-0000-0000-0000-000000092140,OTHERS,505.731311093619,4024.1032764586616,MIA,25.8108323636047,-80.19127937197179,Miami
315973422.4538152,00000000-0000-0000-0000-000000092010,OTHERS,549.4492851879023,3962.444152554375,MIA,25.81027320478731,-80.19084705354287,Miami
315973422.4538152,00000000-0000-0000-0000-000000091521,OTHERS,515.5998654823104,4006.739708950506,MIA,25.810675036928792,-80.19118199467079,Miami
315973422.4538152,00000000-0000-0000-0000-000000092129,OTHERS,542.8897399534738,3943.9371056150335,MIA,25.810106465275272,-80.19091362189926,Miami
315973422.4538152,00000000-0000-0000-0000-000000092137,OTHERS,506.9045678399499,4007.881480183084,MIA,25.810685828765603,-80.19126866290974,Miami
315973422.4538152,00000000-0000-0000-0000-000000092063,OTHERS,564.7476756457612,4006.7210227922096,MIA,25.810672139674136,-80.19069173149755,Miami
315973422.4538152,00000000-0000-0000-0000-000000091968,OTHERS,519.7825452510884,3990.259929350351,MIA,25.810526005673704,-80.19114128168349,Miami
315973422.4538152,00000000-0000-0000-0000-000000092112,OTHERS,565.8225904097371,4011.560808826412,MIA,25.810715779336213,-80.19068071195903,Miami
315973422.4538152,00000000-0000-0000-0000-000000092084,OTHERS,546.5435143011795,3972.633920300185,MIA,25.81036537149616,-80.19087541437304,Miami
315973422.4538152,00000000-0000-0000-0000-000000092120,OTHERS,606.5087611088885,3944.3346526902633,MIA,25.810106521459293,-80.19027898154131,Miami
315973422.4538152,00000000-0000-0000-0000-000000092106,OTHERS,564.6952144554857,4010.741462218448,MIA,25.810708443906407,-80.19069200814877,Miami
315973422.4538152,00000000-0000-0000-0000-000000092135,OTHERS,508.1915254985177,4027.2879160131233,MIA,25.810860981801103,-80.19125463529994,Miami
315973422.4538152,00000000-0000-0000-0000-000000092141,OTHERS,504.5810058984436,4045.157610759927,MIA,25.811022531084607,-80.19128955583098,Miami
315973422.4538152,00000000-0000-0000-0000-000000092130,OTHERS,504.06618612875104,4051.321873695008,MIA,25.811078217971822,-80.19129431341082,Miami
315973422.4538152,00000000-0000-0000-0000-000000091886,OTHERS,556.6601630343355,3995.697494999656,MIA,25.810573055231092,-80.1907730831393,Miami
315973422.4538152,00000000-0000-0000-0000-000000092058,OTHERS,543.9963835860274,3950.319824044746,MIA,25.81016403463357,-80.19090219135992,Miami
315973422.4538152,00000000-0000-0000-0000-000000092082,OTHERS,544.0859812206444,4014.166409682568,MIA,25.810740512778516,-80.19089738148072,Miami
315973422.4538152,00000000-0000-0000-0000-000000092136,OTHERS,545.6302937036584,4020.733050561004,MIA,25.810799718500327,-80.19088157369812,Miami
315973422.4538152,00000000-0000-0000-0000-000000092147,OTHERS,498.89400832245576,3995.023161165157,MIA,25.810570173033682,-80.19134935893814,Miami
315973422.4538152,00000000-0000-0000-0000-000000092060,OTHERS,497.6829484356186,4010.071535181749,MIA,25.810706114912453,-80.19136051712469,Miami
315973422.4538152,00000000-0000-0000-0000-000000092114,OTHERS,540.0561059417649,3935.3035691029218,MIA,25.810028668719365,-80.19094241763665,Miami
315973422.4538152,00000000-0000-0000-0000-000000092090,OTHERS,544.7139006492843,3997.907626272771,MIA,25.810593674234052,-80.19089211506466,Miami
315973422.4538152,00000000-0000-0000-0000-000000092095,OTHERS,546.9099312013514,3968.9462150534273,MIA,25.810332054151253,-80.19087198545998,Miami
315973422.4538152,00000000-0000-0000-0000-000000092094,OTHERS,551.464489883099,4019.0591649551593,MIA,25.810784280734076,-80.19082347844191,Miami
315973422.4538152,00000000-0000-0000-0000-000000092148,OTHERS,498.26228821619,3995.269054906353,MIA,25.810572428308845,-80.19135564545925,Miami
315973422.4538152,00000000-0000-0000-0000-000000092080,OTHERS,547.0678573098944,3975.490358428502,MIA,25.810391133714397,-80.19087000869668,Miami
315973422.4538152,00000000-0000-0000-0000-000000091848,OTHERS,551.9501053555406,3980.216718132453,MIA,25.81043353785088,-80.19082101698228,Miami
315973422.4538152,00000000-0000-0000-0000-000000092081,OTHERS,520.9943496189634,3999.9879270531846,MIA,25.81061377438349,-80.19112859706745,Miami
315973422.4538152,00000000-0000-0000-0000-000000092055,OTHERS,509.081442594916,4017.005373740454,MIA,25.810768089356426,-80.19124638852621,Miami
315973422.65329736,00000000-0000-0000-0000-000000000000,AV,530.9532478700216,3990.796342434661,MIA,25.810530229005433,-80.19102981777314,Miami
315973422.65329736,00000000-0000-0000-0000-000000090973,OTHERS,498.5262943678008,3996.399289095666,MIA,25.810582618762812,-80.19135294263373,Miami
315973422.65329736,00000000-0000-0000-0000-000000091297,OTHERS,514.6357625021532,4020.464618273511,MIA,25.81079901529021,-80.19119077034777,Miami
315973422.65329736,00000000-0000-0000-0000-000000092085,OTHERS,551.5752732231118,3974.067583488951,MIA,25.810378036942726,-80.19082513323855,Miami
315973422.65329736,00000000-0000-0000-0000-000000091534,OTHERS,583.4816873306984,3996.09832520791,MIA,25.81057518481395,-80.19050550594561,Miami
315973422.65329736,00000000-0000-0000-0000-000000091865,OTHERS,548.1129202126782,3992.185754514811,MIA,25.810541821636352,-80.190858559815,Miami
315973422.65329736,00000000-0000-0000-0000-000000092117,OTHERS,577.0671452779167,4005.45533287004,MIA,25.810660027319525,-80.19056891872634,Miami
315973422.65329736,00000000-0000-0000-0000-000000092132,OTHERS,561.8201564284986,4049.992372589585,MIA,25.811063007559337,-80.1907182796408,Miami
315973422.65329736,00000000-0000-0000-0000-000000091521,OTHERS,515.816016169803,4007.3898444229967,MIA,25.810680895131025,-80.19117979863837,Miami
315973422.65329736,00000000-0000-0000-0000-000000092129,OTHERS,542.8633631198555,3943.41006767678,MIA,25.810101708012347,-80.19091391734045,Miami
315973422.65329736,00000000-0000-0000-0000-000000092140,OTHERS,505.75185811467065,4024.287373599892,MIA,25.81083402471308,-80.19127915572199,Miami
315973422.65329736,00000000-0000-0000-0000-000000092063,OTHERS,564.3561148965157,4006.923974476645,MIA,25.8106739939086,-80.19069562498298,Miami
315973422.65329736,00000000-0000-0000-0000-000000092137,OTHERS,506.9888527389586,4006.675132011522,MIA,25.81067493173764,-80.19126789610223,Miami
315973422.65329736,00000000-0000-0000-0000-000000091449,OTHERS,562.5092029211329,3991.796605225253,MIA,25.810537508551292,-80.19071497656593,Miami
315973422.65329736,00000000-0000-0000-0000-000000092120,OTHERS,606.2631764658437,3944.361824455964,MIA,25.810106780443263,-80.19028142964271,Miami
315973422.65329736,00000000-0000-0000-0000-000000092135,OTHERS,508.2276026368568,4027.36341894704,MIA,25.810861661529536,-80.19125427078983,Miami
315973422.65329736,00000000-0000-0000-0000-000000092142,OTHERS,504.67229431776514,4044.282851926886,MIA,25.811014627652565,-80.19128869882864,Miami
315973422.65329736,00000000-0000-0000-0000-000000091968,OTHERS,520.8663235600241,3990.304656992653,MIA,25.810526349375337,-80.1911304679362,Miami
315973422.65329736,00000000-0000-0000-0000-000000092054,OTHERS,509.7887925023683,4022.0112175005775,MIA,25.810813248830463,-80.19123902557403,Miami
315973422.65329736,00000000-0000-0000-0000-000000092141,OTHERS,504.6648649064447,4042.30733653633,MIA,25.81099679075552,-80.19128889405513,Miami
315973422.65329736,00000000-0000-0000-0000-000000092130,OTHERS,503.7952239222723,4051.3838996899376,MIA,25.811078793053017,-80.19129701254778,Miami
315973422.65329736,00000000-0000-0000-0000-000000091886,OTHERS,558.5618152649365,3995.6970071034807,MIA,25.81057294522974,-80.19075411362806,Miami
315973422.65329736,00000000-0000-0000-0000-000000092058,OTHERS,544.165336879012,3950.2855040780873,MIA,25.81016371537196,-80.19090050811182,Miami
315973422.65329736,00000000-0000-0000-0000-000000092136,OTHERS,545.5720521206858,4020.865025306685,MIA,25.81080091335929,-80.19088214658105,Miami
315973422.65329736,00000000-0000-0000-0000-000000092147,OTHERS,499.1184335179378,3995.098446066007,MIA,25.81057084034261,-80.19134711561526,Miami
315973422.65329736,00000000-0000-0000-0000-000000092084,OTHERS,546.5742520528587,3972.437609198879,MIA,25.81036359725882,-80.19087511979677,Miami
315973422.65329736,00000000-0000-0000-0000-000000092082,OTHERS,544.0883555026104,4014.207679354906,MIA,25.810740885278506,-80.19089735526515,Miami
315973422.65329736,00000000-0000-0000-0000-000000092114,OTHERS,540.0847948866743,3935.2277068018575,MIA,25.810027982151315,-80.19094213611005,Miami
315973422.65329736,00000000-0000-0000-0000-000000092090,OTHERS,545.3407619160406,3998.330660821604,MIA,25.81059745909104,-80.19088583598958,Miami
315973422.65329736,00000000-0000-0000-0000-000000092001,OTHERS,499.35501139236993,3990.0967015684855,MIA,25.81052566549638,-80.19134506230232,Miami
315973422.65329736,00000000-0000-0000-0000-000000092095,OTHERS,546.9138412403562,3968.898376335814,MIA,25.810331621989164,-80.19087194939061,Miami
315973422.65329736,00000000-0000-0000-0000-000000092094,OTHERS,551.2643891291536,4019.08598301875,MIA,25.810784533990088,-80.19082547286435,Miami
315973422.65329736,00000000-0000-0000-0000-000000092148,OTHERS,500.4489255091497,3995.253956091551,MIA,25.810572170645045,-80.19133383403071,Miami
315973422.65329736,00000000-0000-0000-0000-000000092080,OTHERS,547.2173349784928,3975.265289500637,MIA,25.81038909322455,-80.19086853142055,Miami
315973422.65329736,00000000-0000-0000-0000-000000091848,OTHERS,552.0613086871124,3980.192814778199,MIA,25.810433315848393,-80.19081990916386,Miami
315973422.65329736,00000000-0000-0000-0000-000000092081,OTHERS,519.1428467738982,3999.922551043486,MIA,25.81061328685482,-80.1911470703705,Miami
315973422.65329736,00000000-0000-0000-0000-000000091973,AGENT,529.7402494761249,3994.207502627872,MIA,25.81056109636185,-80.1910417085936,Miami
315973422.65329736,00000000-0000-0000-0000-000000092055,OTHERS,509.081442594916,4017.005373740454,MIA,25.810768089356426,-80.19124638852621,Miami
315973422.65329736,00000000-0000-0000-0000-000000092046,OTHERS,547.3500477541113,3952.971993917952,MIA,25.810187795393485,-80.1908685750071,Miami
315973422.65329736,00000000-0000-0000-0000-000000092036,OTHERS,546.1112998988972,3961.077747458527,MIA,25.810261052580923,-80.19088043465811,Miami
315973422.65329736,00000000-0000-0000-0000-000000092010,OTHERS,549.0408244450336,3962.14733008105,MIA,25.810270547398602,-80.19085114625591,Miami
315973422.853551,00000000-0000-0000-0000-000000000000,AV,531.92813517513,3990.836262291351,MIA,25.810530535332973,-80.19102009053975,Miami
315973422.853551,00000000-0000-0000-0000-000000090973,OTHERS,500.28331793989855,3995.229911979367,MIA,25.81057196273557,-80.19133548748921,Miami
315973422.853551,00000000-0000-0000-0000-000000091297,OTHERS,514.2862420666744,4021.057244557141,MIA,25.81080438562544,-80.19119422058718,Miami
315973422.853551,00000000-0000-0000-0000-000000092157,OTHERS,497.6898205169135,4010.0608740382936,MIA,25.810706018269613,-80.19136044922712,Miami
315973422.853551,00000000-0000-0000-0000-000000092085,OTHERS,551.5817509193499,3973.978668845337,MIA,25.810377233755624,-80.19082507407592,Miami
315973422.853551,00000000-0000-0000-0000-000000091534,OTHERS,585.2326626082901,3996.354054105452,MIA,25.81057739657791,-80.1904880237587,Miami
315973422.853551,00000000-0000-0000-0000-000000091865,OTHERS,550.2099184648373,3992.113373023507,MIA,25.810541051658895,-80.19083764608473,Miami
315973422.853551,00000000-0000-0000-0000-000000092117,OTHERS,576.8690013579492,4005.31519587182,MIA,25.810658773001038,-80.19057090387074,Miami
315973422.853551,00000000-0000-0000-0000-000000092132,OTHERS,561.9052609574833,4051.9797687373134,MIA,25.811080947413526,-80.19071730876408,Miami
315973422.853551,00000000-0000-0000-0000-000000092136,OTHERS,545.4116874129928,4020.851256169252,MIA,25.810800797938693,-80.19088374711393,Miami
315973422.853551,00000000-0000-0000-0000-000000092140,OTHERS,505.75187427925766,4024.079833148307,MIA,25.810832150789395,-80.19127916828475,Miami
315973422.853551,00000000-0000-0000-0000-000000092141,OTHERS,504.29681346897706,4044.019475112775,MIA,25.811012270409208,-80.19129246052222,Miami
315973422.853551,00000000-0000-0000-0000-000000092130,OTHERS,503.7116028489199,4050.6524975215657,MIA,25.811072193722246,-80.19129789153698,Miami
315973422.853551,00000000-0000-0000-0000-000000091886,OTHERS,560.5824154073479,3995.9742624857568,MIA,25.810575336418072,-80.1907339405371,Miami
315973422.853551,00000000-0000-0000-0000-000000092058,OTHERS,544.1331190302154,3950.160857554388,MIA,25.810162591703126,-80.19090083713851,Miami
315973422.853551,00000000-0000-0000-0000-000000092156,OTHERS,612.0388330868055,4008.402635850096,MIA,25.81068469626063,-80.1902198846879,Miami
315973422.853551,00000000-0000-0000-0000-000000092082,OTHERS,544.3188396824485,4014.441827479565,MIA,25.8107429866505,-80.19089504175219,Miami
315973422.853551,00000000-0000-0000-0000-000000092152,OTHERS,543.1701676734559,4017.546362252585,MIA,25.810771081865504,-80.1909063096887,Miami
315973422.853551,00000000-0000-0000-0000-000000091521,OTHERS,515.8376850362847,4008.1959201802574,MIA,25.81068817214194,-80.19117953305967,Miami
315973422.853551,00000000-0000-0000-0000-000000092129,OTHERS,542.754346923263,3943.399600745109,MIA,25.810101619556686,-80.19091500544684,Miami
315973422.853551,00000000-0000-0000-0000-000000092137,OTHERS,506.9542916042527,4006.6898722904216,MIA,25.8106750667484,-80.19126823995634,Miami
315973422.853551,00000000-0000-0000-0000-000000092063,OTHERS,563.8962914074904,4007.1743761399416,MIA,25.810676280368778,-80.19070019649887,Miami
315973422.853551,00000000-0000-0000-0000-000000091968,OTHERS,522.1547214432441,3990.330225664389,MIA,25.81052650872888,-80.19111761422381,Miami
315973422.853551,00000000-0000-0000-0000-000000092054,OTHERS,509.959322509552,4021.923749092563,MIA,25.810812449597513,-80.1912373298462,Miami
315973422.853551,00000000-0000-0000-0000-000000092084,OTHERS,546.5553696464741,3972.344215802918,MIA,25.81036275504022,-80.19087531388259,Miami
315973422.853551,00000000-0000-0000-0000-000000092142,OTHERS,504.6970612834418,4042.14263240218,MIA,25.810995301823443,-80.19128858298335,Miami
315973422.853551,00000000-0000-0000-0000-000000092135,OTHERS,508.1898604655857,4027.305225408488,MIA,25.810861138183377,-80.19125465084792,Miami
315973422.853551,00000000-0000-0000-0000-000000091449,OTHERS,564.3089420477118,3991.932430707562,MIA,25.810538635001713,-80.19069701531043,Miami
315973422.853551,00000000-0000-0000-0000-000000092114,OTHERS,540.1759605720807,3935.396260859364,MIA,25.810029498997384,-80.19094121637183,Miami
315973422.853551,00000000-0000-0000-0000-000000092090,OTHERS,545.7525360817286,3998.607294631317,MIA,25.81059993400907,-80.1908817114518,Miami
315973422.853551,00000000-0000-0000-0000-000000092001,OTHERS,500.83333578555056,3990.108523031495,MIA,25.810525690203775,-80.19133031486008,Miami
315973422.853551,00000000-0000-0000-0000-000000092095,OTHERS,546.8924943802954,3968.9133210927,MIA,25.81033175811345,-80.19087216141472,Miami
315973422.853551,00000000-0000-0000-0000-000000092094,OTHERS,551.432016300793,4018.848803762893,MIA,25.810782383145572,-80.19082381528024,Miami
315973422.853551,00000000-0000-0000-0000-000000092120,OTHERS,606.2969245256659,3944.598486837908,MIA,25.810108915438196,-80.19028107847035,Miami
315973422.853551,00000000-0000-0000-0000-000000092080,OTHERS,547.2042597313348,3975.185086322991,MIA,25.81038836978056,-80.19086866676933,Miami
315973422.853551,00000000-0000-0000-0000-000000091848,OTHERS,552.0906499332834,3980.022438270313,MIA,25.81043177585696,-80.19081962692793,Miami
315973422.853551,00000000-0000-0000-0000-000000092081,OTHERS,517.1247967922142,3999.7835470009527,MIA,25.81061214376561,-80.19116720954557,Miami
315973422.853551,00000000-0000-0000-0000-000000091973,AGENT,531.0556302025227,3994.301564633776,MIA,25.810561872649146,-80.19102858151528,Miami
315973422.853551,00000000-0000-0000-0000-000000092046,OTHERS,547.3366517043883,3953.014716372264,MIA,25.81018818188652,-80.1908687060157,Miami
315973422.853551,00000000-0000-0000-0000-000000092036,OTHERS,546.086941052071,3961.038927935691,MIA,25.810260703424362,-80.19088068002524,Miami
315973422.853551,00000000-0000-0000-0000-000000092010,OTHERS,549.4336463401247,3962.424893447151,MIA,25.810273031761426,-80.19084721072595,Miami
315973423.04426086,00000000-0000-0000-0000-000000000000,AV,532.8936098169974,3990.872889772382,MIA,25.81053081245488,-80.19101045740233,Miami
315973423.04426086,00000000-0000-0000-0000-000000090973,OTHERS,500.97015798592736,3995.1119758591967,MIA,25.810570859755074,-80.1913286432865,Miami
315973423.04426086,00000000-0000-0000-0000-000000091297,OTHERS,513.702219408972,4022.346953781324,MIA,25.81081606307158,-80.19119996731919,Miami
315973423.04426086,00000000-0000-0000-0000-000000092157,OTHERS,497.6898205169135,4010.0608740382936,MIA,25.810706018269613,-80.19136044922712,Miami
315973423.04426086,00000000-0000-0000-0000-000000092085,OTHERS,551.593046871644,3973.494753190069,MIA,25.8103728637608,-80.19082499107991,Miami
315973423.04426086,00000000-0000-0000-0000-000000091534,OTHERS,586.8880666858147,3996.463534365358,MIA,25.810578293141653,-80.19047150389723,Miami
315973423.04426086,00000000-0000-0000-0000-000000091865,OTHERS,552.0971470175555,3992.13265569217,MIA,25.810541120979185,-80.19081881924588,Miami
315973423.04426086,00000000-0000-0000-0000-000000092117,OTHERS,576.5611993510594,4005.453442304677,MIA,25.810660038350466,-80.19057396580546,Miami
315973423.04426086,00000000-0000-0000-0000-000000091968,OTHERS,523.1528901855776,3990.381284956943,MIA,25.81052691435019,-80.19110765406859,Miami
315973423.04426086,00000000-0000-0000-0000-000000092132,OTHERS,562.8100929109994,4054.0502483987207,MIA,25.811099591922552,-80.19070815573107,Miami
315973423.04426086,00000000-0000-0000-0000-000000091973,AGENT,532.5282690687195,3994.432094318593,MIA,25.81056296947935,-80.1910138835041,Miami
315973423.04426086,00000000-0000-0000-0000-000000092001,OTHERS,502.35224407050765,3990.2053204247054,MIA,25.81052647992176,-80.19131515737226,Miami
315973423.04426086,00000000-0000-0000-0000-000000092010,OTHERS,549.5028941723124,3962.446019829209,MIA,25.8102732186708,-80.19084651866426,Miami
315973423.04426086,00000000-0000-0000-0000-000000092036,OTHERS,546.0354492192891,3961.038683133033,MIA,25.810260704072817,-80.19088119368513,Miami
315973423.04426086,00000000-0000-0000-0000-000000092137,OTHERS,506.676986741108,4009.134235173093,MIA,25.810697152761772,-80.19127085629566,Miami
315973423.04426086,00000000-0000-0000-0000-000000092063,OTHERS,563.5067913981425,4007.4309876225,MIA,25.810678618993208,-80.19070406613594,Miami
315973423.04426086,00000000-0000-0000-0000-000000092082,OTHERS,544.2033934271407,4014.213221330388,MIA,25.81074092893119,-80.19089620738639,Miami
315973423.04426086,00000000-0000-0000-0000-000000092152,OTHERS,543.182575599079,4017.5727700245848,MIA,25.81077131961748,-80.19090618429601,Miami
315973423.04426086,00000000-0000-0000-0000-000000092161,OTHERS,547.5361427003719,3947.2002489590864,MIA,25.81013567086277,-80.19086707268879,Miami
315973423.04426086,00000000-0000-0000-0000-000000092142,OTHERS,504.5301258181004,4042.128406802592,MIA,25.81099518264158,-80.19129024909206,Miami
315973423.04426086,00000000-0000-0000-0000-000000092135,OTHERS,508.2386466212912,4027.3716214557135,MIA,25.81086173497868,-80.19125416011964,Miami
315973423.04426086,00000000-0000-0000-0000-000000091449,OTHERS,566.2935169073065,3991.937421360831,MIA,25.81053856985238,-80.1906772182915,Miami
315973423.04426086,00000000-0000-0000-0000-000000092158,OTHERS,541.2665962829229,3940.483734533016,MIA,25.81007537423258,-80.19093002497867,Miami
315973423.04426086,00000000-0000-0000-0000-000000091521,OTHERS,515.9692798962242,4009.126727065799,MIA,25.810696569273347,-80.19117816328749,Miami
315973423.04426086,00000000-0000-0000-0000-000000092129,OTHERS,542.7557949568069,3943.900934570071,MIA,25.81010614611619,-80.1909149602534,Miami
315973423.04426086,00000000-0000-0000-0000-000000092046,OTHERS,547.3266419921172,3952.875129127323,MIA,25.81018692208211,-80.19086881442722,Miami
315973423.04426086,00000000-0000-0000-0000-000000091848,OTHERS,552.0639942487751,3980.208427928356,MIA,25.81043345667342,-80.19081988141687,Miami
315973423.04426086,00000000-0000-0000-0000-000000092081,OTHERS,515.1438865336432,3999.740705694233,MIA,25.810611866884265,-80.19118697234427,Miami
315973423.04426086,00000000-0000-0000-0000-000000092156,OTHERS,610.9911017197143,4007.851010448216,MIA,25.810679773747594,-80.19023036998837,Miami
315973423.04426086,00000000-0000-0000-0000-000000092080,OTHERS,547.2093146848545,3975.09302987594,MIA,25.810387538304514,-80.19086862199137,Miami
315973423.04426086,00000000-0000-0000-0000-000000092140,OTHERS,505.75187427925766,4024.079833148307,MIA,25.810832150789395,-80.19127916828475,Miami
315973423.04426086,00000000-0000-0000-0000-000000092136,OTHERS,545.3966661924293,4020.9188995892505,MIA,25.810801409538115,-80.19088389280617,Miami
315973423.04426086,00000000-0000-0000-0000-000000092141,OTHERS,504.6503415331705,4044.94624425275,MIA,25.811020618767998,-80.19128887714345,Miami
315973423.04426086,00000000-0000-0000-0000-000000092130,OTHERS,503.2631617930899,4050.502234958253,MIA,25.811070861857836,-80.19130237410019,Miami
315973423.04426086,00000000-0000-0000-0000-000000091886,OTHERS,562.7851870120356,3996.1516082537432,MIA,25.810576815384138,-80.19071195636093,Miami
315973423.04426086,00000000-0000-0000-0000-000000092058,OTHERS,544.1034954403431,3950.193610255255,MIA,25.810162889078235,-80.19090113063264,Miami
315973423.04426086,00000000-0000-0000-0000-000000092114,OTHERS,540.0712233642464,3935.312663164527,MIA,25.810028749992156,-80.19094226627882,Miami
315973423.04426086,00000000-0000-0000-0000-000000092090,OTHERS,546.6876000158754,3999.450089322978,MIA,25.810607491848923,-80.19087233221518,Miami
315973423.04426086,00000000-0000-0000-0000-000000092095,OTHERS,546.9131091609944,3968.880818249375,MIA,25.81033146349446,-80.19087195777028,Miami
315973423.04426086,00000000-0000-0000-0000-000000092094,OTHERS,551.2459701549617,4019.111647666279,MIA,25.810784766743822,-80.19082565502504,Miami
315973423.04426086,00000000-0000-0000-0000-000000092120,OTHERS,607.175920207565,3944.527508193285,MIA,25.810108225720477,-80.1902723146216,Miami
315973423.04426086,00000000-0000-0000-0000-000000092054,OTHERS,509.82070281097816,4021.950355954479,MIA,25.81081269752891,-80.19123871099016,Miami
315973423.2409439,00000000-0000-0000-0000-000000000000,AV,534.0324646296808,3990.915296173789,MIA,25.810531132130397,-80.1909990943927,Miami
315973423.2409439,00000000-0000-0000-0000-000000090973,OTHERS,502.61294766436,3995.376481595683,MIA,25.810573156869506,-80.19131223975793,Miami
315973423.2409439,00000000-0000-0000-0000-000000091297,OTHERS,513.1113100343987,4023.8669687242304,MIA,25.81082982037445,-80.19120576862849,Miami
315973423.2409439,00000000-0000-0000-0000-000000091534,OTHERS,588.5916923837636,3996.688329835987,MIA,25.81058022822792,-80.19045449593375,Miami
315973423.2409439,00000000-0000-0000-0000-000000091865,OTHERS,553.9944473778878,3992.046371512429,MIA,25.810540236554417,-80.19079989841377,Miami
315973423.2409439,00000000-0000-0000-0000-000000092117,OTHERS,576.4933566677969,4005.187573490521,MIA,25.810657641538096,-80.1905746588708,Miami
315973423.2409439,00000000-0000-0000-0000-000000091968,OTHERS,523.944711494239,3990.398272886194,MIA,25.810527023787326,-80.19109975437846,Miami
315973423.2409439,00000000-0000-0000-0000-000000092132,OTHERS,563.0363546422255,4056.009255146503,MIA,25.811117267604253,-80.19070577850304,Miami
315973423.2409439,00000000-0000-0000-0000-000000091973,AGENT,534.1556768560522,3994.497504034319,MIA,25.81056346973571,-80.19099764562088,Miami
315973423.2409439,00000000-0000-0000-0000-000000092001,OTHERS,503.92266906389887,3990.2852306599,MIA,25.810527114301987,-80.19129948702536,Miami
315973423.2409439,00000000-0000-0000-0000-000000092010,OTHERS,549.6673286010979,3962.610857858917,MIA,25.810274697895355,-80.1908448682753,Miami
315973423.2409439,00000000-0000-0000-0000-000000092046,OTHERS,547.3958434430153,3953.035014767649,MIA,25.810188361878286,-80.1908681143175,Miami
315973423.2409439,00000000-0000-0000-0000-000000092036,OTHERS,546.1065323585498,3960.916440623568,MIA,25.810259596375097,-80.19088049210974,Miami
315973423.2409439,00000000-0000-0000-0000-000000092082,OTHERS,544.2295704986068,4014.2472698124407,MIA,25.810741234908132,-80.19089594417356,Miami
315973423.2409439,00000000-0000-0000-0000-000000092161,OTHERS,547.5043609103395,3947.1836655302704,MIA,25.810135522892335,-80.19086739073755,Miami
315973423.2409439,00000000-0000-0000-0000-000000092156,OTHERS,610.1069655553569,4007.430819199904,MIA,25.810676028887713,-80.19023921530811,Miami
315973423.2409439,00000000-0000-0000-0000-000000092165,OTHERS,545.1331928852957,4014.0523409636,MIA,25.810739424688837,-80.19088694221763,Miami
315973423.2409439,00000000-0000-0000-0000-000000091449,OTHERS,568.2704845022976,3992.022558041426,MIA,25.810539228776687,-80.19065749223998,Miami
315973423.2409439,00000000-0000-0000-0000-000000092158,OTHERS,541.4281998009529,3940.598382823917,MIA,25.810076400442526,-80.1909284059109,Miami
315973423.2409439,00000000-0000-0000-0000-000000091848,OTHERS,552.0001356719837,3980.095939094207,MIA,25.81043244453579,-80.19082052532458,Miami
315973423.2409439,00000000-0000-0000-0000-000000092081,OTHERS,512.9114069830089,3999.592949943101,MIA,25.810610656669095,-80.19120925105452,Miami
315973423.2409439,00000000-0000-0000-0000-000000092080,OTHERS,547.193726533204,3974.975207961685,MIA,25.810386475333225,-80.19086878471455,Miami
315973423.2409439,00000000-0000-0000-0000-000000092085,OTHERS,551.6005921474068,3973.747636659788,MIA,25.810375146675398,-80.19082490030135,Miami
315973423.2409439,00000000-0000-0000-0000-000000092094,OTHERS,551.4067373813127,4018.972536169658,MIA,25.81078350175284,-80.19082405985525,Miami
315973423.2409439,00000000-0000-0000-0000-000000091521,OTHERS,516.1277998593697,4009.906931359439,MIA,25.8107036050905,-80.19117653416332,Miami
315973423.2409439,00000000-0000-0000-0000-000000092129,OTHERS,542.6122746649775,3943.3849001296185,MIA,25.810101494709443,-80.19091642355556,Miami
315973423.2409439,00000000-0000-0000-0000-000000092135,OTHERS,508.20740423663045,4027.3101060955896,MIA,25.81086118127844,-80.19125447554396,Miami
315973423.2409439,00000000-0000-0000-0000-000000092152,OTHERS,543.2437184785382,4017.767728045991,MIA,25.810773076536325,-80.19090556241864,Miami
315973423.2409439,00000000-0000-0000-0000-000000092063,OTHERS,563.3735811385493,4007.652756290743,MIA,25.81068062878261,-80.1907053813428,Miami
315973423.2409439,00000000-0000-0000-0000-000000092137,OTHERS,506.9082089301119,4006.736209442272,MIA,25.810675487692816,-80.19126869680416,Miami
315973423.2409439,00000000-0000-0000-0000-000000092136,OTHERS,545.4398551447442,4021.326287071269,MIA,25.810805085520077,-80.19088343699426,Miami
315973423.2409439,00000000-0000-0000-0000-000000092141,OTHERS,504.5647235211344,4043.084843330492,MIA,25.81100381657145,-80.19128984533104,Miami
315973423.2409439,00000000-0000-0000-0000-000000092130,OTHERS,503.2631617930899,4050.502234958253,MIA,25.811070861857836,-80.19130237410019,Miami
315973423.2409439,00000000-0000-0000-0000-000000091886,OTHERS,565.323129793806,3996.3843055341526,MIA,25.810578775512976,-80.19068662535703,Miami
315973423.2409439,00000000-0000-0000-0000-000000092058,OTHERS,544.1344568191456,3950.220353469421,MIA,25.810163128828954,-80.1909008201445,Miami
315973423.2409439,00000000-0000-0000-0000-000000092114,OTHERS,540.1406453275797,3935.478755450001,MIA,25.810030245817522,-80.19094156359064,Miami
315973423.2409439,00000000-0000-0000-0000-000000092090,OTHERS,547.2618324133496,3999.967632263957,MIA,25.810612132961502,-80.19086657233032,Miami
315973423.2409439,00000000-0000-0000-0000-000000092095,OTHERS,546.8692634937497,3968.7463848991297,MIA,25.810330252104183,-80.19087240338874,Miami
315973423.2409439,00000000-0000-0000-0000-000000092120,OTHERS,607.6570530939196,3944.563555116573,MIA,25.81010852446258,-80.19026751298595,Miami
315973423.2409439,00000000-0000-0000-0000-000000092054,OTHERS,509.9023533443148,4021.92166473348,MIA,25.81081243393902,-80.1912378982594,Miami
315973423.4382892,00000000-0000-0000-0000-000000000000,AV,535.183734502513,3990.96030357748,MIA,25.81053147460078,-80.19098760737967,Miami
315973423.4382892,00000000-0000-0000-0000-000000090973,OTHERS,503.44576980443946,3995.031218094129,MIA,25.810569993204275,-80.19130395327736,Miami
315973423.4382892,00000000-0000-0000-0000-000000091297,OTHERS,512.6165431402003,4025.037851751336,MIA,25.81084041996194,-80.19121063229385,Miami
315973423.4382892,00000000-0000-0000-0000-000000091449,OTHERS,570.1302340769251,3991.9222481445618,MIA,25.81053821977552,-80.19063894685058,Miami
315973423.4382892,00000000-0000-0000-0000-000000091534,OTHERS,590.1059507056852,3996.738214901236,MIA,25.810580594532183,-80.19043938769967,Miami
315973423.4382892,00000000-0000-0000-0000-000000091865,OTHERS,555.8983099334383,3992.038380453663,MIA,25.810540058686456,-80.19078090731927,Miami
315973423.4382892,00000000-0000-0000-0000-000000092117,OTHERS,575.9883164416885,4005.240661217948,MIA,25.81065814892807,-80.19057969354165,Miami
315973423.4382892,00000000-0000-0000-0000-000000091968,OTHERS,524.9662415781378,3990.441251803944,MIA,25.810527355151446,-80.19108956168249,Miami
315973423.4382892,00000000-0000-0000-0000-000000092132,OTHERS,563.1161414294602,4056.999809182661,MIA,25.81112620707533,-80.1907049218293,Miami
315973423.4382892,00000000-0000-0000-0000-000000092136,OTHERS,545.368232151198,4021.522493290589,MIA,25.8108068610803,-80.19088413942113,Miami
315973423.4382892,00000000-0000-0000-0000-000000092141,OTHERS,504.63229028425405,4041.9959456244287,MIA,25.810993980954617,-80.19128923808864,Miami
315973423.4382892,00000000-0000-0000-0000-000000092082,OTHERS,544.2847350935664,4014.267727059376,MIA,25.810741416557814,-80.19089539263489,Miami
315973423.4382892,00000000-0000-0000-0000-000000092152,OTHERS,543.2268538911065,4017.724153868113,MIA,25.810772684033005,-80.19090573332085,Miami
315973423.4382892,00000000-0000-0000-0000-000000092161,OTHERS,547.425562672625,3947.213547934721,MIA,25.81013579708125,-80.19086817493739,Miami
315973423.4382892,00000000-0000-0000-0000-000000092080,OTHERS,547.1480917607729,3974.888634704604,MIA,25.810385696180294,-80.19086924524443,Miami
315973423.4382892,00000000-0000-0000-0000-000000092085,OTHERS,551.5981753921571,3973.441195503317,MIA,25.81037237989338,-80.1908249432068,Miami
315973423.4382892,00000000-0000-0000-0000-000000092094,OTHERS,551.3532928291497,4018.253575594316,MIA,25.810777013087232,-80.1908246370845,Miami
315973423.4382892,00000000-0000-0000-0000-000000092046,OTHERS,547.3541488873783,3952.548749910941,MIA,25.810183973614016,-80.19086856005816,Miami
315973423.4382892,00000000-0000-0000-0000-000000091848,OTHERS,552.0942959893589,3980.178872521885,MIA,25.810433188129476,-80.19081958096143,Miami
315973423.4382892,00000000-0000-0000-0000-000000092081,OTHERS,510.7469117034466,3999.520643275229,MIA,25.810610123921958,-80.19123084697506,Miami
315973423.4382892,00000000-0000-0000-0000-000000091973,AGENT,535.8332702731594,3994.560942259216,MIA,25.81056394940328,-80.19098090724208,Miami
315973423.4382892,00000000-0000-0000-0000-000000092156,OTHERS,609.1833473860902,4007.363262157136,MIA,25.810675470222613,-80.1902484328253,Miami
315973423.4382892,00000000-0000-0000-0000-000000092165,OTHERS,545.1522764676208,4013.989795267505,MIA,25.810738858892197,-80.19088675568943,Miami
315973423.4382892,00000000-0000-0000-0000-000000092135,OTHERS,508.0506795085115,4027.172156881799,MIA,25.810859944405887,-80.191256047381,Miami
315973423.4382892,00000000-0000-0000-0000-000000091521,OTHERS,516.1568093243898,4010.8110763296777,MIA,25.810711767179818,-80.19117618934636,Miami
315973423.4382892,00000000-0000-0000-0000-000000092129,OTHERS,542.1672874879029,3942.480447461524,MIA,25.810093352936004,-80.19092091788985,Miami
315973423.4382892,00000000-0000-0000-0000-000000092137,OTHERS,506.9701665557184,4006.662653078889,MIA,25.810674820099912,-80.19126808326766,Miami
315973423.4382892,00000000-0000-0000-0000-000000092063,OTHERS,563.1895607070542,4007.94640746246,MIA,25.810683290434543,-80.19070719898646,Miami
315973423.4382892,00000000-0000-0000-0000-000000092114,OTHERS,540.2208832134693,3935.957979521773,MIA,25.810034568369826,-80.19094073380589,Miami
315973423.4382892,00000000-0000-0000-0000-000000092090,OTHERS,547.8326897401083,4000.499610116498,MIA,25.81061690459682,-80.19086084522692,Miami
315973423.4382892,00000000-0000-0000-0000-000000092001,OTHERS,505.5987034102423,3990.384630050767,MIA,25.81052791879133,-80.19128276199936,Miami
315973423.4382892,00000000-0000-0000-0000-000000092095,OTHERS,546.7922549208581,3968.6680471234654,MIA,25.81032954905287,-80.19087317637549,Miami
315973423.4382892,00000000-0000-0000-0000-000000092120,OTHERS,606.3284575550116,3944.244260526221,MIA,25.810105715308946,-80.19028078566359,Miami
315973423.4382892,00000000-0000-0000-0000-000000091886,OTHERS,567.3690756361354,3996.6086290782105,MIA,25.810580687352573,-80.19066620268077,Miami
315973423.4382892,00000000-0000-0000-0000-000000092058,OTHERS,544.0676934499247,3950.157068401105,MIA,25.810162561122453,-80.19090149000813,Miami
315973423.4382892,00000000-0000-0000-0000-000000092054,OTHERS,509.8109829924925,4022.404225799055,MIA,25.810816796146714,-80.1912387801209,Miami
315973423.4382892,00000000-0000-0000-0000-000000092036,OTHERS,546.1434649553038,3960.994813138698,MIA,25.81026030196515,-80.19088011889001,Miami
315973423.4382892,00000000-0000-0000-0000-000000092010,OTHERS,549.537936160473,3962.6927227478577,MIA,25.810275444253385,-80.19084615397823,Miami
315973423.62679935,00000000-0000-0000-0000-000000000000,AV,536.3427734163909,3991.006223848,MIA,25.81053182488142,-80.19097604281215,Miami
315973423.62679935,00000000-0000-0000-0000-000000090973,OTHERS,504.51557072698967,3995.243156157623,MIA,25.810571847468776,-80.19129326870363,Miami
315973423.62679935,00000000-0000-0000-0000-000000091297,OTHERS,511.9655241697703,4026.830513279273,MIA,25.81085664237895,-80.191217016501,Miami
315973423.62679935,00000000-0000-0000-0000-000000091449,OTHERS,571.9899824960993,3991.8064611876257,MIA,25.81053707102672,-80.19062040242272,Miami
315973423.62679935,00000000-0000-0000-0000-000000091865,OTHERS,557.3015196341639,3992.187885471633,MIA,25.810541330678838,-80.19076690072134,Miami
315973423.62679935,00000000-0000-0000-0000-000000092117,OTHERS,575.5737003448725,4005.408299729405,MIA,25.810659685596605,-80.19058381917567,Miami
315973423.62679935,00000000-0000-0000-0000-000000091968,OTHERS,525.6149409431202,3990.452014018301,MIA,25.81052741631862,-80.19108309005722,Miami
315973423.62679935,00000000-0000-0000-0000-000000092132,OTHERS,563.865055382834,4059.572695726109,MIA,25.811149396569977,-80.19069729330162,Miami
315973423.62679935,00000000-0000-0000-0000-000000091973,AGENT,537.4306801655002,3994.582922955671,MIA,25.810564059192302,-80.19096497126012,Miami
315973423.62679935,00000000-0000-0000-0000-000000092135,OTHERS,508.0468607085164,4027.215836601457,MIA,25.810860339010425,-80.19125608279673,Miami
315973423.62679935,00000000-0000-0000-0000-000000092136,OTHERS,545.2912910690677,4021.497354183518,MIA,25.81080663836629,-80.1908849084746,Miami
315973423.62679935,00000000-0000-0000-0000-000000092141,OTHERS,503.90361797759584,4043.4065052392098,MIA,25.811006757605643,-80.1912964203579,Miami
315973423.62679935,00000000-0000-0000-0000-000000092152,OTHERS,543.2562321949507,4017.759704090728,MIA,25.810773003391738,-80.19090543808258,Miami
315973423.62679935,00000000-0000-0000-0000-000000092161,OTHERS,547.3735647988042,3946.651966451901,MIA,25.81013072934064,-80.19086872807581,Miami
315973423.62679935,00000000-0000-0000-0000-000000092156,OTHERS,608.3501153952444,4007.354588342854,MIA,25.810675438202665,-80.19025674509841,Miami
315973423.62679935,00000000-0000-0000-0000-000000092165,OTHERS,545.1522764676208,4013.989795267505,MIA,25.810738858892197,-80.19088675568943,Miami
315973423.62679935,00000000-0000-0000-0000-000000092176,OTHERS,497.6742755454584,4009.955124488007,MIA,25.810705064299036,-80.19136061077566,Miami
315973423.62679935,00000000-0000-0000-0000-000000092082,OTHERS,544.1899275496073,4013.7459449514986,MIA,25.81073671055055,-80.19089637037419,Miami
315973423.62679935,00000000-0000-0000-0000-000000092095,OTHERS,546.6145775858099,3968.509374758145,MIA,25.810328126234243,-80.1908749584883,Miami
315973423.62679935,00000000-0000-0000-0000-000000091848,OTHERS,552.0919796663813,3980.1690897273993,MIA,25.810433099927355,-80.19081960466751,Miami
315973423.62679935,00000000-0000-0000-0000-000000092081,OTHERS,508.5259316133783,3999.337841018505,MIA,25.810608596620202,-80.19125301312286,Miami
315973423.62679935,00000000-0000-0000-0000-000000092036,OTHERS,546.0749876711476,3961.009479115702,MIA,25.810260438188944,-80.19088080106974,Miami
315973423.62679935,00000000-0000-0000-0000-000000092080,OTHERS,547.1428903061144,3974.707830357304,MIA,25.81038406395181,-80.19086930822066,Miami
315973423.62679935,00000000-0000-0000-0000-000000092085,OTHERS,551.5841665674535,3973.508645802431,MIA,25.810372989692944,-80.19082507881122,Miami
315973423.62679935,00000000-0000-0000-0000-000000092177,OTHERS,500.7194386013472,3994.047190039377,MIA,25.81056125951028,-80.19133120956212,Miami
315973423.62679935,00000000-0000-0000-0000-000000092164,OTHERS,537.1831571078526,3924.109891449085,MIA,25.809927758328993,-80.19097176252221,Miami
315973423.62679935,00000000-0000-0000-0000-000000092094,OTHERS,551.5224961895585,4019.095249589752,MIA,25.810784603328376,-80.19082289759734,Miami
315973423.62679935,00000000-0000-0000-0000-000000092010,OTHERS,549.0873754744623,3962.253650880493,MIA,25.81027150480498,-80.19085067537516,Miami
315973423.62679935,00000000-0000-0000-0000-000000091521,OTHERS,516.1255623030336,4011.7676907280047,MIA,25.810720406369978,-80.19117644238914,Miami
315973423.62679935,00000000-0000-0000-0000-000000092129,OTHERS,542.1665981800244,3942.514454978125,MIA,25.810093660034713,-80.19092092268006,Miami
315973423.62679935,00000000-0000-0000-0000-000000092137,OTHERS,507.00114994388895,4006.678471615264,MIA,25.81067496120914,-80.19126777322913,Miami
315973423.62679935,00000000-0000-0000-0000-000000092063,OTHERS,562.5343438404128,4008.216336185923,MIA,25.810685764058586,-80.19071371841326,Miami
315973423.62679935,00000000-0000-0000-0000-000000092114,OTHERS,540.176641925838,3935.734197135264,MIA,25.810032550251492,-80.19094118884883,Miami
315973423.62679935,00000000-0000-0000-0000-000000092090,OTHERS,548.2662653070771,4000.9856751121033,MIA,25.8106212692981,-80.19085649036595,Miami
315973423.62679935,00000000-0000-0000-0000-000000092001,OTHERS,507.1667204892903,3990.468363299149,MIA,25.8105285878204,-80.19126711543747,Miami
315973423.62679935,00000000-0000-0000-0000-000000092120,OTHERS,607.5737794339277,3944.546109898007,MIA,25.81010837157318,-80.19026834473274,Miami
315973423.62679935,00000000-0000-0000-0000-000000091886,OTHERS,569.6596466642479,3996.848182320044,MIA,25.81058272311547,-80.19064333886111,Miami
315973423.62679935,00000000-0000-0000-0000-000000092058,OTHERS,544.052396730416,3950.130649009068,MIA,25.810162323425914,-80.19090164421735,Miami
315973423.62679935,00000000-0000-0000-0000-000000092054,OTHERS,509.7302294442777,4022.929777232801,MIA,25.81082154593353,-80.19123955344068,Miami
315973423.62679935,00000000-0000-0000-0000-000000092046,OTHERS,547.3541488873783,3952.548749910941,MIA,25.810183973614016,-80.19086856005816,Miami
315973423.62679935,00000000-0000-0000-0000-000000091534,OTHERS,591.8587487912578,3996.950114017525,MIA,25.810582410439398,-80.1904218900179,Miami
315973423.82596326,00000000-0000-0000-0000-000000000000,AV,537.6924557037546,3991.063529201525,MIA,25.810532267375713,-80.1909625758231,Miami
315973423.82596326,00000000-0000-0000-0000-000000090973,OTHERS,504.91718248815727,3995.364493788116,MIA,25.81057292076331,-80.19128925506865,Miami
315973423.82596326,00000000-0000-0000-0000-000000091297,OTHERS,511.595322002254,4027.8875142766296,MIA,25.81086620679021,-80.19122064457783,Miami
315973423.82596326,00000000-0000-0000-0000-000000091449,OTHERS,573.9539983599542,3992.321507701726,MIA,25.81054161240101,-80.19060077918972,Miami
315973423.82596326,00000000-0000-0000-0000-000000091865,OTHERS,559.3546965198594,3992.1803398284273,MIA,25.810541148536927,-80.1907464201455,Miami
315973423.82596326,00000000-0000-0000-0000-000000092117,OTHERS,575.1423371645637,4005.347566605513,MIA,25.81065916118391,-80.19058812588004,Miami
315973423.82596326,00000000-0000-0000-0000-000000091968,OTHERS,526.6430555380526,3990.511956745259,MIA,25.810527900485592,-80.1910728306385,Miami
315973423.82596326,00000000-0000-0000-0000-000000092132,OTHERS,564.1045125949291,4061.5185359996112,MIA,25.811166952635897,-80.19069478524914,Miami
315973423.82596326,00000000-0000-0000-0000-000000091973,AGENT,539.2679378307807,3994.7412791187794,MIA,25.810565387024546,-80.19094663436172,Miami
315973423.82596326,00000000-0000-0000-0000-000000092136,OTHERS,545.1903003559016,4021.4982059838494,MIA,25.81080665166444,-80.19088591583647,Miami
315973423.82596326,00000000-0000-0000-0000-000000092141,OTHERS,503.90361797759584,4043.4065052392098,MIA,25.811006757605643,-80.1912964203579,Miami
315973423.82596326,00000000-0000-0000-0000-000000092156,OTHERS,607.4508957367059,4007.268518138784,MIA,25.810674711021935,-80.19026572036942,Miami
315973423.82596326,00000000-0000-0000-0000-000000092152,OTHERS,543.2778255944778,4017.823099927184,MIA,25.81077357460608,-80.19090521879318,Miami
315973423.82596326,00000000-0000-0000-0000-000000092161,OTHERS,547.3709639732929,3947.1271377157495,MIA,25.810135019898066,-80.19086872487374,Miami
315973423.82596326,00000000-0000-0000-0000-000000092159,OTHERS,555.7341527743267,3979.3687297137785,MIA,25.810425671088584,-80.19078332205841,Miami
315973423.82596326,00000000-0000-0000-0000-000000092176,OTHERS,497.6215837440945,4009.8084760779657,MIA,25.810703743105943,-80.19136114538242,Miami
315973423.82596326,00000000-0000-0000-0000-000000092082,OTHERS,544.3182228696744,4014.328282608629,MIA,25.81074196146627,-80.19089505486964,Miami
315973423.82596326,00000000-0000-0000-0000-000000091848,OTHERS,552.0462515636161,3980.237761352152,MIA,25.810433722515697,-80.19082005660579,Miami
315973423.82596326,00000000-0000-0000-0000-000000092081,OTHERS,506.2060378819336,3999.3246616022334,MIA,25.810608606361534,-80.19127615556403,Miami
315973423.82596326,00000000-0000-0000-0000-000000092172,OTHERS,566.6207608145959,4055.639250424259,MIA,25.81111372770134,-80.19067004553477,Miami
315973423.82596326,00000000-0000-0000-0000-000000092114,OTHERS,540.1742823436284,3935.908145073859,MIA,25.81003412099204,-80.19094120171766,Miami
315973423.82596326,00000000-0000-0000-0000-000000092090,OTHERS,548.6549599572043,4001.532114828751,MIA,25.810626181626105,-80.19085257950182,Miami
315973423.82596326,00000000-0000-0000-0000-000000092001,OTHERS,508.5710194491072,3990.6365159079255,MIA,25.810530028172053,-80.19125309683575,Miami
315973423.82596326,00000000-0000-0000-0000-000000092036,OTHERS,546.0747878418398,3961.090273198801,MIA,25.810261167705388,-80.1908807981074,Miami
315973423.82596326,00000000-0000-0000-0000-000000092080,OTHERS,547.1360220397934,3974.703302858597,MIA,25.81038402345348,-80.19086937701124,Miami
315973423.82596326,00000000-0000-0000-0000-000000092085,OTHERS,551.5958756389077,3973.549443051229,MIA,25.81037335740902,-80.1908249595074,Miami
315973423.82596326,00000000-0000-0000-0000-000000092177,OTHERS,500.5933968070632,3994.042223806452,MIA,25.810561221663207,-80.19133246717064,Miami
315973423.82596326,00000000-0000-0000-0000-000000092181,OTHERS,508.64144177399226,4016.735291383298,MIA,25.81076567514884,-80.19125079423064,Miami
315973423.82596326,00000000-0000-0000-0000-000000092164,OTHERS,537.1831571078526,3924.109891449085,MIA,25.809927758328993,-80.19097176252221,Miami
315973423.82596326,00000000-0000-0000-0000-000000092094,OTHERS,551.2386039651942,4018.192653571093,MIA,25.810776469378666,-80.19082578487881,Miami
315973423.82596326,00000000-0000-0000-0000-000000092095,OTHERS,546.8614973596872,3968.842265588572,MIA,25.810331118260585,-80.19087247497693,Miami
315973423.82596326,00000000-0000-0000-0000-000000092135,OTHERS,507.9638730509265,4027.146502293013,MIA,25.81085971758301,-80.19125691487608,Miami
315973423.82596326,00000000-0000-0000-0000-000000091521,OTHERS,516.0390217836614,4012.844996153689,MIA,25.810730138371515,-80.19117723960132,Miami
315973423.82596326,00000000-0000-0000-0000-000000092129,OTHERS,542.5394726033052,3943.8671743643695,MIA,25.81010585329839,-80.19091712019488,Miami
315973423.82596326,00000000-0000-0000-0000-000000092137,OTHERS,506.9482270735009,4006.6757073510894,MIA,25.81067493918697,-80.19126830132033,Miami
315973423.82596326,00000000-0000-0000-0000-000000092063,OTHERS,562.0868240707026,4008.4710152406055,MIA,25.810688088456352,-80.19071816693423,Miami
315973423.82596326,00000000-0000-0000-0000-000000092120,OTHERS,606.9944564170937,3944.5333075147664,MIA,25.810108288166028,-80.1902741244131,Miami
315973423.82596326,00000000-0000-0000-0000-000000091886,OTHERS,571.5928187375523,3996.947407880405,MIA,25.81058351167852,-80.19062404881102,Miami
315973423.82596326,00000000-0000-0000-0000-000000092058,OTHERS,544.0905771115797,3950.273463973429,MIA,25.810163610810072,-80.19090125459847,Miami
315973423.82596326,00000000-0000-0000-0000-000000092054,OTHERS,509.7236655035912,4022.9071671158335,MIA,25.810821342146692,-80.19123962030433,Miami
315973423.82596326,00000000-0000-0000-0000-000000092010,OTHERS,549.3876126323677,3962.701807779,MIA,25.810275534630183,-80.19084765293871,Miami
315973423.82596326,00000000-0000-0000-0000-000000091534,OTHERS,593.4253394400047,3997.1920873080376,MIA,25.810584508234392,-80.1904062479639,Miami
315973423.82596326,00000000-0000-0000-0000-000000092182,OTHERS,502.2428679967701,3994.13518677367,MIA,25.81056196951452,-80.19131600750987,Miami
315973424.0055258,00000000-0000-0000-0000-000000000000,AV,538.9006806224371,3991.1142087187,MIA,25.810532657895923,-80.19095052031884,Miami
315973424.0055258,00000000-0000-0000-0000-000000090973,OTHERS,505.8315486112052,3995.424666386386,MIA,25.810573413332573,-80.19128013030699,Miami
315973424.0055258,00000000-0000-0000-0000-000000091297,OTHERS,510.7646758624961,4029.368825771848,MIA,25.81087962793614,-80.1912288397161,Miami
315973424.0055258,00000000-0000-0000-0000-000000092085,OTHERS,551.5829849308028,3973.343063024129,MIA,25.810371494679764,-80.19082510075552,Miami
315973424.0055258,00000000-0000-0000-0000-000000091449,OTHERS,575.0139438111464,3992.487011161327,MIA,25.810543047894058,-80.19059019576953,Miami
315973424.0055258,00000000-0000-0000-0000-000000091534,OTHERS,595.021039737252,3997.114053324233,MIA,25.810583715003617,-80.19039033517265,Miami
315973424.0055258,00000000-0000-0000-0000-000000091865,OTHERS,561.3189726866117,3992.2899455755214,MIA,25.810542029111293,-80.19072681919319,Miami
315973424.0055258,00000000-0000-0000-0000-000000092117,OTHERS,574.5791256857636,4005.217192487981,MIA,25.810658015292113,-80.19059375208404,Miami
315973424.0055258,00000000-0000-0000-0000-000000091968,OTHERS,527.4813257052833,3990.5204344383474,MIA,25.810527930501983,-80.1910644681293,Miami
315973424.0055258,00000000-0000-0000-0000-000000091973,AGENT,541.1076025660657,3994.765931090333,MIA,25.810565507479943,-80.19092828165243,Miami
315973424.0055258,00000000-0000-0000-0000-000000092001,OTHERS,510.0996066178873,3990.7143797978138,MIA,25.810530646390557,-80.19123784395825,Miami
315973424.0055258,00000000-0000-0000-0000-000000092135,OTHERS,508.09404854846616,4027.474385834405,MIA,25.810862670882617,-80.19125559623114,Miami
315973424.0055258,00000000-0000-0000-0000-000000092136,OTHERS,544.9107166293985,4020.826288476863,MIA,25.81080060031481,-80.19088874598626,Miami
315973424.0055258,00000000-0000-0000-0000-000000092156,OTHERS,606.5406547138423,4007.042291132073,MIA,25.81067271895048,-80.19027481418519,Miami
315973424.0055258,00000000-0000-0000-0000-000000092161,OTHERS,547.0654981014202,3946.560028836239,MIA,25.81012991632215,-80.19087180675977,Miami
315973424.0055258,00000000-0000-0000-0000-000000092080,OTHERS,547.1905537725103,3974.6058752220647,MIA,25.810383140732938,-80.19086883901805,Miami
315973424.0055258,00000000-0000-0000-0000-000000092159,OTHERS,555.7219108712626,3979.4062190002014,MIA,25.810426010266326,-80.19078344187507,Miami
315973424.0055258,00000000-0000-0000-0000-000000091848,OTHERS,552.1792698629686,3980.012094326553,MIA,25.810431677538922,-80.19081874355358,Miami
315973424.0055258,00000000-0000-0000-0000-000000092081,OTHERS,504.17619537600655,3999.2092845567513,MIA,25.810607677241507,-80.19129641092304,Miami
315973424.0055258,00000000-0000-0000-0000-000000092172,OTHERS,566.3641087955241,4055.624758365479,MIA,25.811113611103202,-80.190672606615,Miami
315973424.0055258,00000000-0000-0000-0000-000000092132,OTHERS,564.344191141798,4063.451840570772,MIA,25.81118439550217,-80.19069227575706,Miami
315973424.0055258,00000000-0000-0000-0000-000000091521,OTHERS,515.9502332068158,4013.8671154390113,MIA,25.810739372211497,-80.19117806262248,Miami
315973424.0055258,00000000-0000-0000-0000-000000092129,OTHERS,542.5549943139366,3943.749949618665,MIA,25.8101047939918,-80.1909169725517,Miami
315973424.0055258,00000000-0000-0000-0000-000000092137,OTHERS,506.92567553789337,4006.703480174964,MIA,25.810675191204645,-80.19126852457603,Miami
315973424.0055258,00000000-0000-0000-0000-000000092063,OTHERS,561.6460958593428,4008.925127195736,MIA,25.810692213194766,-80.19072253547219,Miami
315973424.0055258,00000000-0000-0000-0000-000000092179,OTHERS,533.5860608606916,3910.374293122976,MIA,25.809803936633955,-80.19100848678148,Miami
315973424.0055258,00000000-0000-0000-0000-000000092036,OTHERS,546.1373837150178,3961.041562859976,MIA,25.810260724415034,-80.1908801766845,Miami
315973424.0055258,00000000-0000-0000-0000-000000092185,OTHERS,548.8378948213634,3955.065312882877,MIA,25.81020661376713,-80.19085360493953,Miami
315973424.0055258,00000000-0000-0000-0000-000000092114,OTHERS,540.2916153371779,3936.046129275799,MIA,25.810035360364267,-80.19094002282887,Miami
315973424.0055258,00000000-0000-0000-0000-000000092090,OTHERS,549.0579191300747,4002.139242461024,MIA,25.81063164112484,-80.19084852262185,Miami
315973424.0055258,00000000-0000-0000-0000-000000092095,OTHERS,546.869518584644,3968.831428316775,MIA,25.810331019963424,-80.19087239562774,Miami
315973424.0055258,00000000-0000-0000-0000-000000092181,OTHERS,508.6647051165718,4017.140147302055,MIA,25.810769329380065,-80.19125053734957,Miami
315973424.0055258,00000000-0000-0000-0000-000000092164,OTHERS,537.0899929521083,3924.094348287313,MIA,25.809927623158597,-80.19097269281036,Miami
315973424.0055258,00000000-0000-0000-0000-000000092094,OTHERS,551.4802462448026,4018.645034747429,MIA,25.810780540598035,-80.1908233466713,Miami
315973424.0055258,00000000-0000-0000-0000-000000092176,OTHERS,497.6267434994385,4009.669629020297,MIA,25.810702489142717,-80.19136110242388,Miami
315973424.0055258,00000000-0000-0000-0000-000000092082,OTHERS,544.2855667287379,4013.915791584861,MIA,25.810738238818583,-80.1908954059259,Miami
315973424.0055258,00000000-0000-0000-0000-000000092120,OTHERS,606.4507537855394,3943.8227366242218,MIA,25.81010190249396,-80.19027959160177,Miami
315973424.0055258,00000000-0000-0000-0000-000000091886,OTHERS,573.6599377411239,3997.152803080114,MIA,25.810585251425678,-80.19060341608609,Miami
315973424.0055258,00000000-0000-0000-0000-000000092058,OTHERS,544.040666624519,3950.3667491165806,MIA,25.81016445587058,-80.1909017467469,Miami
315973424.0055258,00000000-0000-0000-0000-000000092054,OTHERS,510.1428523871072,4022.6472779140654,MIA,25.81081897229353,-80.19123545471678,Miami
315973424.0055258,00000000-0000-0000-0000-000000092010,OTHERS,549.5810038796174,3962.585368519211,MIA,25.810274472540144,-80.19084573095121,Miami
315973424.176172,00000000-0000-0000-0000-000000000000,AV,540.0997715420712,3991.166307908986,MIA,25.810533061740703,-80.19093855584177,Miami
315973424.176172,00000000-0000-0000-0000-000000090973,OTHERS,506.0347349607607,3995.442883554037,MIA,25.810573566543436,-80.19127810234617,Miami
315973424.176172,00000000-0000-0000-0000-000000091297,OTHERS,510.7646758624961,4029.368825771848,MIA,25.81087962793614,-80.1912288397161,Miami
315973424.176172,00000000-0000-0000-0000-000000092085,OTHERS,551.5874788013507,3973.33225161225,MIA,25.81037139681193,-80.19082505659111,Miami
315973424.176172,00000000-0000-0000-0000-000000091449,OTHERS,575.0139438111464,3992.487011161327,MIA,25.810543047894058,-80.19059019576953,Miami
315973424.176172,00000000-0000-0000-0000-000000091534,OTHERS,595.8312687649621,3997.151969983018,MIA,25.81058401234852,-80.19038225057228,Miami
315973424.176172,00000000-0000-0000-0000-000000091865,OTHERS,562.1837313516603,3992.3344344089,MIA,25.810542382788306,-80.1907181902437,Miami
315973424.176172,00000000-0000-0000-0000-000000092117,OTHERS,574.4766373272191,4005.217927394329,MIA,25.810658027619965,-80.1905947743912,Miami
315973424.176172,00000000-0000-0000-0000-000000091968,OTHERS,528.0111368114883,3990.535390131952,MIA,25.810528036131057,-80.1910591821919,Miami
315973424.176172,00000000-0000-0000-0000-000000091521,OTHERS,515.8908303715754,4014.4131910823,MIA,25.81074430613069,-80.19117862170097,Miami
315973424.176172,00000000-0000-0000-0000-000000092129,OTHERS,542.3056289363678,3942.356264802316,MIA,25.81009222398651,-80.19091954551526,Miami
315973424.176172,00000000-0000-0000-0000-000000092132,OTHERS,564.7295263395845,4064.481409483493,MIA,25.811193670277245,-80.19068836873672,Miami
315973424.176172,00000000-0000-0000-0000-000000092135,OTHERS,508.1468687962659,4027.2595210652553,MIA,25.81086072789589,-80.19125508250575,Miami
315973424.176172,00000000-0000-0000-0000-000000092136,OTHERS,544.9227933704074,4020.996860121626,MIA,25.810802139768462,-80.19088861505442,Miami
315973424.176172,00000000-0000-0000-0000-000000092063,OTHERS,561.7539834594472,4008.9507810038976,MIA,25.81069243883675,-80.19072145768665,Miami
315973424.176172,00000000-0000-0000-0000-000000092137,OTHERS,506.9038106553506,4006.7646641995934,MIA,25.81067574486039,-80.19126873893377,Miami
315973424.176172,00000000-0000-0000-0000-000000092156,OTHERS,606.2087090075112,4007.0441196087104,MIA,25.81067275390378,-80.19027812533153,Miami
315973424.176172,00000000-0000-0000-0000-000000092161,OTHERS,546.9142544335344,3946.9547938046217,MIA,25.810133489128305,-80.19087329124045,Miami
315973424.176172,00000000-0000-0000-0000-000000092080,OTHERS,547.2040077812288,3974.615388766633,MIA,25.810383225885573,-80.19086870422701,Miami
315973424.176172,00000000-0000-0000-0000-000000092186,OTHERS,549.0915230262948,3956.226885381165,MIA,25.810217087747283,-80.19085100368103,Miami
315973424.176172,00000000-0000-0000-0000-000000092172,OTHERS,566.3641087955241,4055.624758365479,MIA,25.811113611103202,-80.190672606615,Miami
315973424.176172,00000000-0000-0000-0000-000000092181,OTHERS,508.5635950170217,4017.460885692303,MIA,25.81077223100005,-80.19125152628973,Miami
315973424.176172,00000000-0000-0000-0000-000000092164,OTHERS,537.0899929521083,3924.094348287313,MIA,25.809927623158597,-80.19097269281036,Miami
315973424.176172,00000000-0000-0000-0000-000000092094,OTHERS,551.4242144804699,4018.58325459449,MIA,25.81077998588433,-80.1908239093954,Miami
315973424.176172,00000000-0000-0000-0000-000000092036,OTHERS,546.128385868392,3960.971327570412,MIA,25.810260090746617,-80.1908802707485,Miami
315973424.176172,00000000-0000-0000-0000-000000092185,OTHERS,548.7893521154524,3954.98670180875,MIA,25.810205906667758,-80.19085409398778,Miami
315973424.176172,00000000-0000-0000-0000-000000092114,OTHERS,539.9216830991649,3935.412777012245,MIA,25.81002966224119,-80.1909437518401,Miami
315973424.176172,00000000-0000-0000-0000-000000092090,OTHERS,549.2243672492266,4002.4073386386353,MIA,25.810634052575086,-80.19084684580672,Miami
315973424.176172,00000000-0000-0000-0000-000000092001,OTHERS,510.80586227988914,3990.720858344369,MIA,25.810530665692102,-80.19123079845444,Miami
315973424.176172,00000000-0000-0000-0000-000000092159,OTHERS,555.7219108712626,3979.4062190002014,MIA,25.810426010266326,-80.19078344187507,Miami
315973424.176172,00000000-0000-0000-0000-000000092179,OTHERS,533.9895439093767,3910.24332415836,MIA,25.809802731692315,-80.19100446997685,Miami
315973424.176172,00000000-0000-0000-0000-000000091848,OTHERS,552.192782694727,3980.079419100674,MIA,25.810432284676974,-80.19081860462938,Miami
315973424.176172,00000000-0000-0000-0000-000000092081,OTHERS,502.84077757052216,3999.265600112761,MIA,25.810608259830072,-80.19130972866222,Miami
315973424.176172,00000000-0000-0000-0000-000000091973,AGENT,542.1075690305694,3994.811189446421,MIA,25.810565860610605,-80.19091830391669,Miami
315973424.176172,00000000-0000-0000-0000-000000092095,OTHERS,547.150474042115,3969.037941027121,MIA,25.810332869007627,-80.19086958035275,Miami
315973424.176172,00000000-0000-0000-0000-000000092176,OTHERS,497.5801355940705,4009.703026110387,MIA,25.810702793277667,-80.19136156530473,Miami
315973424.176172,00000000-0000-0000-0000-000000092082,OTHERS,544.3771424013746,4013.994137428644,MIA,25.810738941133994,-80.19089448762476,Miami
315973424.176172,00000000-0000-0000-0000-000000092120,OTHERS,606.4507537855394,3943.8227366242218,MIA,25.81010190249396,-80.19027959160177,Miami
315973424.176172,00000000-0000-0000-0000-000000091886,OTHERS,574.7157640394254,3997.3269088984994,MIA,25.81058676481996,-80.19059287322396,Miami
315973424.176172,00000000-0000-0000-0000-000000092058,OTHERS,544.1789533524642,3950.264146254008,MIA,25.810163521772086,-80.19090037359393,Miami
315973424.176172,00000000-0000-0000-0000-000000092054,OTHERS,510.1428523871072,4022.6472779140654,MIA,25.81081897229353,-80.19123545471678,Miami
315973424.176172,00000000-0000-0000-0000-000000092010,OTHERS,549.586056684959,3963.605724467687,MIA,25.810283685250095,-80.1908456179595,Miami
315973424.3855038,00000000-0000-0000-0000-000000000000,AV,541.7166297763512,3991.238324998709,MIA,25.810533622233677,-80.19092242279218,Miami
315973424.3855038,00000000-0000-0000-0000-000000090973,OTHERS,507.22600183713234,3995.6006405282783,MIA,25.810574924853853,-80.19126620943472,Miami
315973424.3855038,00000000-0000-0000-0000-000000091297,OTHERS,510.7646758624961,4029.368825771848,MIA,25.81087962793614,-80.1912288397161,Miami
315973424.3855038,00000000-0000-0000-0000-000000092085,OTHERS,551.5671293895691,3973.4553116288594,MIA,25.810372509074398,-80.19082525203342,Miami
315973424.3855038,00000000-0000-0000-0000-000000091449,OTHERS,577.9810381553849,3992.6767839506665,MIA,25.810544596592287,-80.19056058649335,Miami
315973424.3855038,00000000-0000-0000-0000-000000091534,OTHERS,597.3831508615981,3997.3789391708833,MIA,25.810585975481448,-80.19036675616057,Miami
315973424.3855038,00000000-0000-0000-0000-000000091865,OTHERS,564.259752229346,3992.3036573066174,MIA,25.810541989609632,-80.19069748321775,Miami
315973424.3855038,00000000-0000-0000-0000-000000092117,OTHERS,574.0267514143742,4005.276000109448,MIA,25.81065857695639,-80.1905992585754,Miami
315973424.3855038,00000000-0000-0000-0000-000000092156,OTHERS,605.1980813868207,4007.010727245813,MIA,25.81067250854999,-80.19028820869674,Miami
315973424.3855038,00000000-0000-0000-0000-000000092161,OTHERS,546.7758296434056,3946.594580154738,MIA,25.81013024437512,-80.19087469415801,Miami
315973424.3855038,00000000-0000-0000-0000-000000092159,OTHERS,556.2844878195428,3978.778481414048,MIA,25.810420311064615,-80.19077786852006,Miami
315973424.3855038,00000000-0000-0000-0000-000000092135,OTHERS,508.1002419454194,4027.898733647636,MIA,25.81086650205717,-80.19125550843304,Miami
315973424.3855038,00000000-0000-0000-0000-000000092176,OTHERS,497.5783934112825,4009.574448035056,MIA,25.810701632418045,-80.19136159056563,Miami
315973424.3855038,00000000-0000-0000-0000-000000092082,OTHERS,544.421990965763,4014.14974583094,MIA,25.81074034366219,-80.19089403070183,Miami
315973424.3855038,00000000-0000-0000-0000-000000091848,OTHERS,552.1975856247972,3980.153268095927,MIA,25.810432951207083,-80.19081855218873,Miami
315973424.3855038,00000000-0000-0000-0000-000000092081,OTHERS,501.3324151629489,3999.584988052492,MIA,25.810611227345564,-80.19132475544815,Miami
315973424.3855038,00000000-0000-0000-0000-000000091973,AGENT,543.940700510753,3994.848240475299,MIA,25.810566093378622,-80.19090001561803,Miami
315973424.3855038,00000000-0000-0000-0000-000000092179,OTHERS,534.0538213031598,3910.298099433208,MIA,25.809803222700808,-80.19100382543583,Miami
315973424.3855038,00000000-0000-0000-0000-000000092036,OTHERS,545.6663514343537,3960.811083449864,MIA,25.810258669523616,-80.19088488949498,Miami
315973424.3855038,00000000-0000-0000-0000-000000092136,OTHERS,544.6327387818692,4020.315186398081,MIA,25.81079600090935,-80.1908915502525,Miami
315973424.3855038,00000000-0000-0000-0000-000000092185,OTHERS,548.7893521154524,3954.98670180875,MIA,25.810205906667758,-80.19085409398778,Miami
315973424.3855038,00000000-0000-0000-0000-000000092114,OTHERS,540.192904442615,3936.021332786639,MIA,25.810035141951946,-80.19094100901553,Miami
315973424.3855038,00000000-0000-0000-0000-000000092090,OTHERS,549.5534920665568,4002.924247385329,MIA,25.810638701569513,-80.19084353098019,Miami
315973424.3855038,00000000-0000-0000-0000-000000092001,OTHERS,512.2078584113349,3990.736346277145,MIA,25.81053072772917,-80.19121681218381,Miami
315973424.3855038,00000000-0000-0000-0000-000000091521,OTHERS,515.6557530427697,4015.605463495885,MIA,25.810755084435147,-80.19118089356498,Miami
315973424.3855038,00000000-0000-0000-0000-000000092129,OTHERS,542.2802205562339,3942.371502763477,MIA,25.8100923629836,-80.19091979803572,Miami
315973424.3855038,00000000-0000-0000-0000-000000092137,OTHERS,506.90753979026186,4006.766764396347,MIA,25.81067576361653,-80.19126870160575,Miami
315973424.3855038,00000000-0000-0000-0000-000000092063,OTHERS,561.9222634201742,4009.060238977874,MIA,25.810693417808913,-80.1907197723275,Miami
315973424.3855038,00000000-0000-0000-0000-000000092186,OTHERS,549.0915230262948,3956.226885381165,MIA,25.810217087747283,-80.19085100368103,Miami
315973424.3855038,00000000-0000-0000-0000-000000092190,OTHERS,505.3615211109536,4034.6126063316906,MIA,25.81092727489273,-80.19128241643307,Miami
315973424.3855038,00000000-0000-0000-0000-000000092132,OTHERS,565.2239681616733,4066.611272766205,MIA,25.81121287376114,-80.1906833058309,Miami
315973424.3855038,00000000-0000-0000-0000-000000091968,OTHERS,528.8989564719568,3990.578496051991,MIA,25.810528376061175,-80.1910503232885,Miami
315973424.3855038,00000000-0000-0000-0000-000000092181,OTHERS,508.6788330721585,4017.143549371685,MIA,25.810769359313966,-80.19125039621022,Miami
315973424.3855038,00000000-0000-0000-0000-000000092094,OTHERS,551.3744366729891,4018.141471396821,MIA,25.8107759997029,-80.19082443304487,Miami
315973424.3855038,00000000-0000-0000-0000-000000092095,OTHERS,546.8815752549057,3968.611794649345,MIA,25.81032903617932,-80.19087228883106,Miami
315973424.3855038,00000000-0000-0000-0000-000000092120,OTHERS,607.5751994043958,3944.543966275853,MIA,25.810108352139103,-80.19026833069977,Miami
315973424.3855038,00000000-0000-0000-0000-000000092080,OTHERS,547.1565586767076,3974.703673665449,MIA,25.810384025661357,-80.19086917212981,Miami
315973424.3855038,00000000-0000-0000-0000-000000091886,OTHERS,576.8250349730379,3997.508823932205,MIA,25.81058829021456,-80.19057182146098,Miami
315973424.3855038,00000000-0000-0000-0000-000000092058,OTHERS,544.1607922955095,3950.353039337888,MIA,25.81016432541316,-80.19090054930292,Miami
315973424.3855038,00000000-0000-0000-0000-000000092054,OTHERS,509.74720385503457,4023.4083542946296,MIA,25.810825866156122,-80.19123935477322,Miami
315973424.3855038,00000000-0000-0000-0000-000000092010,OTHERS,549.0731550164195,3962.4393307110736,MIA,25.810273182133507,-80.19085080583854,Miami
315973424.5515908,00000000-0000-0000-0000-000000000000,AV,543.0209531640069,3991.295615997642,MIA,25.810534067111643,-80.19090940827198,Miami
315973424.5515908,00000000-0000-0000-0000-000000090973,OTHERS,508.2111010137436,3996.0699346658857,MIA,25.810579107533783,-80.1912563540066,Miami
315973424.5515908,00000000-0000-0000-0000-000000092085,OTHERS,551.5971752760266,3973.468337050158,MIA,25.810372625015162,-80.19082495151834,Miami
315973424.5515908,00000000-0000-0000-0000-000000091449,OTHERS,578.2244848522766,3996.765245287957,MIA,25.810581498571857,-80.19055790716304,Miami
315973424.5515908,00000000-0000-0000-0000-000000091534,OTHERS,598.9246611375635,3997.6403965285576,MIA,25.810588250589223,-80.19035136309354,Miami
315973424.5515908,00000000-0000-0000-0000-000000091865,OTHERS,566.0801628576575,3992.3557323413625,MIA,25.810542358711018,-80.19067932089557,Miami
315973424.5515908,00000000-0000-0000-0000-000000092117,OTHERS,573.4635110781836,4005.208386649476,MIA,25.81065799774377,-80.1906048812162,Miami
315973424.5515908,00000000-0000-0000-0000-000000091968,OTHERS,529.9903082183197,3990.579778356788,MIA,25.810528327059302,-80.19103943665802,Miami
315973424.5515908,00000000-0000-0000-0000-000000091973,AGENT,545.9389530317317,3994.9490074205823,MIA,25.810566892279997,-80.19088007628018,Miami
315973424.5515908,00000000-0000-0000-0000-000000092156,OTHERS,604.3675672744046,4006.926329592368,MIA,25.81067179265175,-80.19029649850617,Miami
315973424.5515908,00000000-0000-0000-0000-000000092176,OTHERS,497.6778974664335,4009.383425906786,MIA,25.810699902121048,-80.19136060969221,Miami
315973424.5515908,00000000-0000-0000-0000-000000092082,OTHERS,544.4517069962542,4014.060820997714,MIA,25.81073953909294,-80.19089373972969,Miami
315973424.5515908,00000000-0000-0000-0000-000000091848,OTHERS,552.2095877066798,3980.270061645192,MIA,25.81043400509211,-80.19081842530017,Miami
315973424.5515908,00000000-0000-0000-0000-000000092081,OTHERS,501.3324151629489,3999.584988052492,MIA,25.810611227345564,-80.19132475544815,Miami
315973424.5515908,00000000-0000-0000-0000-000000092179,OTHERS,534.0791390149594,3910.2987431591528,MIA,25.809803227107732,-80.19100357284634,Miami
315973424.5515908,00000000-0000-0000-0000-000000092159,OTHERS,555.7928514208194,3979.59973937141,MIA,25.81042775365987,-80.19078272235151,Miami
315973424.5515908,00000000-0000-0000-0000-000000092036,OTHERS,546.5695069021233,3961.717996897045,MIA,25.810266808076843,-80.19087582464871,Miami
315973424.5515908,00000000-0000-0000-0000-000000092186,OTHERS,548.5416737109288,3956.418500884861,MIA,25.810218848409175,-80.19085647682016,Miami
315973424.5515908,00000000-0000-0000-0000-000000092132,OTHERS,565.6557928016707,4068.590781651193,MIA,25.811230723143662,-80.1906788767767,Miami
315973424.5515908,00000000-0000-0000-0000-000000092190,OTHERS,505.3615211109536,4034.6126063316906,MIA,25.81092727489273,-80.19128241643307,Miami
315973424.5515908,00000000-0000-0000-0000-000000091521,OTHERS,515.5070831959438,4016.660194024504,MIA,25.81076461605172,-80.1911823119213,Miami
315973424.5515908,00000000-0000-0000-0000-000000092129,OTHERS,542.5597257481862,3943.157003408676,MIA,25.810099439903308,-80.19091696172228,Miami
315973424.5515908,00000000-0000-0000-0000-000000092192,OTHERS,563.7685575826813,3942.677605276991,MIA,25.81009393371821,-80.19070542762786,Miami
315973424.5515908,00000000-0000-0000-0000-000000092137,OTHERS,506.94635834574166,4006.704861506157,MIA,25.810675202529175,-80.19126831817405,Miami
315973424.5515908,00000000-0000-0000-0000-000000092063,OTHERS,561.852905437538,4008.9714597483294,MIA,25.810692620055786,-80.19072046964115,Miami
315973424.5515908,00000000-0000-0000-0000-000000092080,OTHERS,547.1764954331572,3974.620144863928,MIA,25.810383270356805,-80.19086897837863,Miami
315973424.5515908,00000000-0000-0000-0000-000000092161,OTHERS,546.5168694720059,3946.4781733647937,MIA,25.81012920769321,-80.19087728449254,Miami
315973424.5515908,00000000-0000-0000-0000-000000092136,OTHERS,544.6327387818692,4020.315186398081,MIA,25.81079600090935,-80.1908915502525,Miami
315973424.5515908,00000000-0000-0000-0000-000000092193,OTHERS,504.30974853239167,4051.626998111111,MIA,25.8110809594829,-80.1912918650868,Miami
315973424.5515908,00000000-0000-0000-0000-000000092135,OTHERS,508.263993094854,4027.569612757873,MIA,25.810863521273724,-80.19125389514149,Miami
315973424.5515908,00000000-0000-0000-0000-000000092181,OTHERS,508.2424483027707,4018.441787615824,MIA,25.810781105574996,-80.19125466968913,Miami
315973424.5515908,00000000-0000-0000-0000-000000092094,OTHERS,551.3721643488799,4018.18137604368,MIA,25.810776360135797,-80.19082445326414,Miami
315973424.5515908,00000000-0000-0000-0000-000000092114,OTHERS,540.0731392812615,3935.950423833762,MIA,25.810034508350114,-80.19094220805194,Miami
315973424.5515908,00000000-0000-0000-0000-000000092090,OTHERS,549.8344114572137,4003.287595671705,MIA,25.810641966713465,-80.19084070643665,Miami
315973424.5515908,00000000-0000-0000-0000-000000092001,OTHERS,514.6893894838378,3991.317687736608,MIA,25.810535839052875,-80.19119202254183,Miami
315973424.5515908,00000000-0000-0000-0000-000000092095,OTHERS,546.7836473151722,3968.5717234578888,MIA,25.81032867980583,-80.19087326814702,Miami
315973424.5515908,00000000-0000-0000-0000-000000092120,OTHERS,607.6200092171688,3944.5232516968767,MIA,25.810108162613496,-80.190267884982,Miami
315973424.5515908,00000000-0000-0000-0000-000000091886,OTHERS,578.9997185834485,3997.714613985814,MIA,25.810590027545,-80.19055011572172,Miami
315973424.5515908,00000000-0000-0000-0000-000000092058,OTHERS,544.1849320072679,3949.593056959299,MIA,25.810157462045414,-80.19090035511691,Miami
315973424.5515908,00000000-0000-0000-0000-000000092054,OTHERS,509.74720385503457,4023.4083542946296,MIA,25.810825866156122,-80.19123935477322,Miami
315973424.5515908,00000000-0000-0000-0000-000000092010,OTHERS,548.8520042518688,3961.426594351721,MIA,25.810264050220443,-80.1908530739977,Miami
315973424.7124737,00000000-0000-0000-0000-000000000000,AV,544.2924965709777,3991.351112423034,MIA,25.81053449760482,-80.19089672085167,Miami
315973424.7124737,00000000-0000-0000-0000-000000090973,OTHERS,509.3129872983711,3996.293304109138,MIA,25.810581063230302,-80.19124534866953,Miami
315973424.7124737,00000000-0000-0000-0000-000000092085,OTHERS,551.6064615007689,3973.5020288659007,MIA,25.810372928709448,-80.19082485681895,Miami
315973424.7124737,00000000-0000-0000-0000-000000091449,OTHERS,581.2995367460733,3997.16415248922,MIA,25.81058492958146,-80.19052720813514,Miami
315973424.7124737,00000000-0000-0000-0000-000000091534,OTHERS,600.5356043732253,3997.771699526517,MIA,25.8105893466492,-80.19033528540052,Miami
315973424.7124737,00000000-0000-0000-0000-000000091865,OTHERS,568.1119292063657,3992.440807534947,MIA,25.810543014037133,-80.19065904821365,Miami
315973424.7124737,00000000-0000-0000-0000-000000092117,OTHERS,573.1146470328154,4005.3247129016167,MIA,25.810659067451553,-80.19060835410251,Miami
315973424.7124737,00000000-0000-0000-0000-000000091968,OTHERS,531.1002689329022,3990.6358235966736,MIA,25.81052877148872,-80.19102836103926,Miami
315973424.7124737,00000000-0000-0000-0000-000000092132,OTHERS,565.6216238722608,4069.472554671649,MIA,25.81123868673841,-80.19067916352233,Miami
315973424.7124737,00000000-0000-0000-0000-000000092156,OTHERS,603.2943810559015,4006.890551525996,MIA,25.810671529231477,-80.19030720605862,Miami
315973424.7124737,00000000-0000-0000-0000-000000092176,OTHERS,497.59230076047766,4009.113001675397,MIA,25.810697465157958,-80.19136148012316,Miami
315973424.7124737,00000000-0000-0000-0000-000000092082,OTHERS,544.4774399339135,4014.048034982328,MIA,25.810739422216855,-80.19089348381993,Miami
315973424.7124737,00000000-0000-0000-0000-000000091973,AGENT,548.09202540606,3995.0423708700855,MIA,25.81056761573514,-80.19085859302264,Miami
315973424.7124737,00000000-0000-0000-0000-000000092179,OTHERS,534.061433338993,3910.346082716529,MIA,25.80980365552862,-80.19100374656136,Miami
315973424.7124737,00000000-0000-0000-0000-000000092159,OTHERS,556.2589351027149,3978.849535209192,MIA,25.810420954041874,-80.1907781190568,Miami
315973424.7124737,00000000-0000-0000-0000-000000092036,OTHERS,546.1337580056259,3961.0368756418097,MIA,25.810260682294537,-80.19088021313944,Miami
315973424.7124737,00000000-0000-0000-0000-000000092186,OTHERS,548.10193767857,3954.781506619072,MIA,25.810204092087034,-80.1908609637147,Miami
315973424.7124737,00000000-0000-0000-0000-000000092192,OTHERS,561.8804410810047,3942.672343792722,MIA,25.810093991060203,-80.19072426239298,Miami
315973424.7124737,00000000-0000-0000-0000-000000091886,OTHERS,581.0173398221707,3998.034180997943,MIA,25.81059280091013,-80.19052996974361,Miami
315973424.7124737,00000000-0000-0000-0000-000000092058,OTHERS,545.2252568480857,3951.8428893505,MIA,25.810177718458657,-80.19088983960957,Miami
315973424.7124737,00000000-0000-0000-0000-000000092161,OTHERS,546.5168694720059,3946.4781733647937,MIA,25.81012920769321,-80.19087728449254,Miami
315973424.7124737,00000000-0000-0000-0000-000000092193,OTHERS,504.2321666579979,4050.736199564361,MIA,25.81107292059643,-80.19129269360558,Miami
315973424.7124737,00000000-0000-0000-0000-000000092135,OTHERS,508.4254018115694,4027.855945786863,MIA,25.810866097672406,-80.19125226748257,Miami
315973424.7124737,00000000-0000-0000-0000-000000092080,OTHERS,547.1951863728148,3974.7095410628062,MIA,25.810384076494568,-80.19086878644787,Miami
315973424.7124737,00000000-0000-0000-0000-000000091521,OTHERS,515.1803773937604,4017.8753942527887,MIA,25.810775606461156,-80.1911854964028,Miami
315973424.7124737,00000000-0000-0000-0000-000000092129,OTHERS,542.4091528707504,3943.941511330475,MIA,25.810106531736174,-80.19091841560817,Miami
315973424.7124737,00000000-0000-0000-0000-000000092137,OTHERS,506.8779853545481,4006.736258227959,MIA,25.81067548981054,-80.19126899829054,Miami
315973424.7124737,00000000-0000-0000-0000-000000092063,OTHERS,561.5752472349736,4009.317190925098,MIA,25.810695757147762,-80.19072321815551,Miami
315973424.7124737,00000000-0000-0000-0000-000000092181,OTHERS,508.4320777739354,4018.190983654513,MIA,25.81077883049407,-80.19125279345268,Miami
315973424.7124737,00000000-0000-0000-0000-000000092094,OTHERS,551.3482803895488,4017.815749318175,MIA,25.810773060148026,-80.1908247139427,Miami
315973424.7124737,00000000-0000-0000-0000-000000092114,OTHERS,540.2325684319331,3936.074255659484,MIA,25.810035617600843,-80.19094061011145,Miami
315973424.7124737,00000000-0000-0000-0000-000000092090,OTHERS,549.9978273142342,4003.733550614305,MIA,25.810645984252954,-80.19083904895882,Miami
315973424.7124737,00000000-0000-0000-0000-000000092001,OTHERS,514.957119729052,3990.9218908500734,MIA,25.810532250467524,-80.19118937612247,Miami
315973424.7124737,00000000-0000-0000-0000-000000092095,OTHERS,546.6959707434504,3968.568077135251,MIA,25.810328651750332,-80.19087414296854,Miami
315973424.7124737,00000000-0000-0000-0000-000000092120,OTHERS,607.3931222324718,3944.354552482815,MIA,25.81010665200217,-80.1902701585927,Miami
315973424.7124737,00000000-0000-0000-0000-000000091848,OTHERS,552.2248753965357,3980.251426575701,MIA,25.810433835983634,-80.19081827394425,Miami
315973424.7124737,00000000-0000-0000-0000-000000092010,OTHERS,548.6921096413895,3960.608107743657,MIA,25.81025666882473,-80.1908547191948,Miami
315973424.8816412,00000000-0000-0000-0000-000000000000,AV,545.7818775931981,3991.416272919583,MIA,25.810535003261226,-80.19088185984478,Miami
315973424.8816412,00000000-0000-0000-0000-000000090973,OTHERS,510.3706755962612,3996.7991326279375,MIA,25.810585571756352,-80.19123476690223,Miami
315973424.8816412,00000000-0000-0000-0000-000000092085,OTHERS,551.6117543480676,3973.502751084973,MIA,25.81037293493662,-80.19082480397702,Miami
315973424.8816412,00000000-0000-0000-0000-000000091449,OTHERS,583.2146105959292,3997.544577855099,MIA,25.810588258141266,-80.19050808136326,Miami
315973424.8816412,00000000-0000-0000-0000-000000091534,OTHERS,602.2732019037287,3998.024850322795,MIA,25.810591535857643,-80.19031793681418,Miami
315973424.8816412,00000000-0000-0000-0000-000000091848,OTHERS,552.2689528069898,3980.251583672568,MIA,25.810433834954715,-80.19081783424996,Miami
315973424.8816412,00000000-0000-0000-0000-000000092117,OTHERS,572.6263619579325,4005.367065989692,MIA,25.810659476984682,-80.19061322229457,Miami
315973424.8816412,00000000-0000-0000-0000-000000091968,OTHERS,532.348059134423,3990.673182170073,MIA,25.8105290395407,-80.19101591167714,Miami
315973424.8816412,00000000-0000-0000-0000-000000092159,OTHERS,556.2589351027149,3978.849535209192,MIA,25.810420954041874,-80.1907781190568,Miami
315973424.8816412,00000000-0000-0000-0000-000000092176,OTHERS,497.59230076047766,4009.113001675397,MIA,25.810697465157958,-80.19136148012316,Miami
315973424.8816412,00000000-0000-0000-0000-000000092082,OTHERS,544.5972625953134,4014.390137922567,MIA,25.810742504477503,-80.19089226756807,Miami
315973424.8816412,00000000-0000-0000-0000-000000092179,OTHERS,534.0486479592192,3910.30838109334,MIA,25.809803315823082,-80.19100387641059,Miami
315973424.8816412,00000000-0000-0000-0000-000000092036,OTHERS,546.0134696460781,3960.9116522192494,MIA,25.81025955830651,-80.190881420729,Miami
315973424.8816412,00000000-0000-0000-0000-000000092203,OTHERS,557.8810739688552,3942.366036020603,MIA,25.810091447428963,-80.19076417588812,Miami
315973424.8816412,00000000-0000-0000-0000-000000092186,OTHERS,547.9709050132863,3954.997131826755,MIA,25.810206046283692,-80.19086225757398,Miami
315973424.8816412,00000000-0000-0000-0000-000000092132,OTHERS,565.6216238722608,4069.472554671649,MIA,25.81123868673841,-80.19067916352233,Miami
315973424.8816412,00000000-0000-0000-0000-000000092204,OTHERS,584.2163327129152,3993.0344792945984,MIA,25.810547479955215,-80.19049836566118,Miami
315973424.8816412,00000000-0000-0000-0000-000000092193,OTHERS,504.2321666579979,4050.736199564361,MIA,25.81107292059643,-80.19129269360558,Miami
315973424.8816412,00000000-0000-0000-0000-000000092135,OTHERS,508.4254018115694,4027.855945786863,MIA,25.810866097672406,-80.19125226748257,Miami
315973424.8816412,00000000-0000-0000-0000-000000092192,OTHERS,559.8695929601355,3942.666949993879,MIA,25.810094054020208,-80.19074432144542,Miami
315973424.8816412,00000000-0000-0000-0000-000000092201,OTHERS,546.121157168436,4021.195910072536,MIA,25.8108038704945,-80.19087664878964,Miami
315973424.8816412,00000000-0000-0000-0000-000000091886,OTHERS,583.1398394385637,3998.471815204884,MIA,25.81059663449817,-80.19050877032643,Miami
315973424.8816412,00000000-0000-0000-0000-000000092058,OTHERS,544.5101910149663,3951.124582382809,MIA,25.810171272426096,-80.1908970166364,Miami
315973424.8816412,00000000-0000-0000-0000-000000091865,OTHERS,570.1286599724542,3992.4846113007698,MIA,25.810543297547813,-80.19063892804817,Miami
315973424.8816412,00000000-0000-0000-0000-000000092202,OTHERS,566.8620217138614,4055.584878228583,MIA,25.811113223365687,-80.19066764221141,Miami
315973424.8816412,00000000-0000-0000-0000-000000092120,OTHERS,607.5941211543801,3944.493074467321,MIA,25.810107891575896,-80.1902681450744,Miami
315973424.8816412,00000000-0000-0000-0000-000000092156,OTHERS,602.3369769517225,4006.995593290912,MIA,25.81067253086678,-80.19031675000583,Miami
315973424.8816412,00000000-0000-0000-0000-000000091521,OTHERS,514.8425335807901,4019.054596799703,MIA,25.810786272458664,-80.19118879419723,Miami
315973424.8816412,00000000-0000-0000-0000-000000092129,OTHERS,542.3768019986687,3943.661694512379,MIA,25.810104007012118,-80.19091875547868,Miami
315973424.8816412,00000000-0000-0000-0000-000000092137,OTHERS,506.8779853545481,4006.736258227959,MIA,25.81067548981054,-80.19126899829054,Miami
315973424.8816412,00000000-0000-0000-0000-000000092063,OTHERS,560.3373314590136,4010.099859727064,MIA,25.810702892757515,-80.19073551872634,Miami
315973424.8816412,00000000-0000-0000-0000-000000092181,OTHERS,508.3767899529583,4018.2173986723296,MIA,25.81077907206858,-80.19125334334647,Miami
315973424.8816412,00000000-0000-0000-0000-000000092094,OTHERS,551.3950336414099,4017.649085052144,MIA,25.8107715527084,-80.19082425778814,Miami
315973424.8816412,00000000-0000-0000-0000-000000092114,OTHERS,540.2144563992209,3936.169111491974,MIA,25.810036475077972,-80.19094078496579,Miami
315973424.8816412,00000000-0000-0000-0000-000000092090,OTHERS,550.3498775779153,4004.2825274811626,MIA,25.810650921523482,-80.19083550347631,Miami
315973424.8816412,00000000-0000-0000-0000-000000092001,OTHERS,515.7884674234374,3990.494597919306,MIA,25.810528346217676,-80.19118110938587,Miami
315973424.8816412,00000000-0000-0000-0000-000000092095,OTHERS,546.521749915807,3968.57660984219,MIA,25.8103287384666,-80.19087588034571,Miami
315973424.8816412,00000000-0000-0000-0000-000000092080,OTHERS,547.2104330096894,3974.720128697345,MIA,25.81038417124585,-80.19086863370897,Miami
315973424.8816412,00000000-0000-0000-0000-000000092010,OTHERS,550.6740259772374,3963.970028730325,MIA,25.810286914216423,-80.19083474282475,Miami
315973424.8816412,00000000-0000-0000-0000-000000091973,AGENT,550.0314278597275,3995.013745928912,MIA,25.81056724959415,-80.19083924866823,Miami
315973425.02708936,00000000-0000-0000-0000-000000000000,AV,547.0548838146383,3991.4714351440666,MIA,25.81053543065321,-80.19086915785283,Miami
315973425.02708936,00000000-0000-0000-0000-000000092085,OTHERS,551.6353123070035,3973.2421162813066,MIA,25.810370580306767,-80.19082458496766,Miami
315973425.02708936,00000000-0000-0000-0000-000000092184,OTHERS,555.8157492814275,3979.561925388928,MIA,25.8104274109587,-80.19078249625859,Miami
315973425.02708936,00000000-0000-0000-0000-000000091449,OTHERS,584.1960911804354,3997.7788909934975,MIA,25.810590319281683,-80.19049827642556,Miami
315973425.02708936,00000000-0000-0000-0000-000000091534,OTHERS,603.0429261973886,3997.964565992831,MIA,25.81059094877344,-80.19031026228761,Miami
315973425.02708936,00000000-0000-0000-0000-000000091848,OTHERS,552.3127495540214,3980.216705581781,MIA,25.810433517601926,-80.19081739950452,Miami
315973425.02708936,00000000-0000-0000-0000-000000092117,OTHERS,572.4979270043112,4005.360411875648,MIA,25.810659424036565,-80.19061450388024,Miami
315973425.02708936,00000000-0000-0000-0000-000000091968,OTHERS,532.9596845777344,3990.6840169478246,MIA,25.81052910341782,-80.19100980987056,Miami
315973425.02708936,00000000-0000-0000-0000-000000091973,AGENT,551.1422764463383,3995.0773621399408,MIA,25.81056776231866,-80.19082816372433,Miami
315973425.02708936,00000000-0000-0000-0000-000000092203,OTHERS,557.8810739688552,3942.366036020603,MIA,25.810091447428963,-80.19076417588812,Miami
315973425.02708936,00000000-0000-0000-0000-000000092186,OTHERS,547.9709050132863,3954.997131826755,MIA,25.810206046283692,-80.19086225757398,Miami
315973425.02708936,00000000-0000-0000-0000-000000092204,OTHERS,585.18811787397,3993.0842686889423,MIA,25.81054787553339,-80.19048866876518,Miami
315973425.02708936,00000000-0000-0000-0000-000000092202,OTHERS,567.0048883912332,4055.545923835108,MIA,25.81111286370473,-80.19066621945787,Miami
315973425.02708936,00000000-0000-0000-0000-000000092120,OTHERS,607.5658788081595,3944.532237320968,MIA,25.810108246753998,-80.19026842439504,Miami
315973425.02708936,00000000-0000-0000-0000-000000090973,OTHERS,510.8438812038174,3997.081544678194,MIA,25.810588095448082,-80.19123002922068,Miami
315973425.02708936,00000000-0000-0000-0000-000000091865,OTHERS,571.0896658565291,3992.5055513801262,MIA,25.810543433248025,-80.19062934044926,Miami
315973425.02708936,00000000-0000-0000-0000-000000092192,OTHERS,557.8595537238882,3942.4232768932648,MIA,25.8100919654628,-80.19076438704656,Miami
315973425.02708936,00000000-0000-0000-0000-000000092201,OTHERS,546.0449862712304,4021.385385576951,MIA,25.81080558553434,-80.19087739699602,Miami
315973425.02708936,00000000-0000-0000-0000-000000091886,OTHERS,584.0935725116177,3998.673880535336,MIA,25.810598406008264,-80.19049924415664,Miami
315973425.02708936,00000000-0000-0000-0000-000000092058,OTHERS,543.9792023086924,3950.476329633392,MIA,25.810165448706606,-80.19090235314832,Miami
315973425.02708936,00000000-0000-0000-0000-000000092179,OTHERS,534.0486479592192,3910.30838109334,MIA,25.809803315823082,-80.19100387641059,Miami
315973425.02708936,00000000-0000-0000-0000-000000092036,OTHERS,545.9745421519987,3960.9278067649593,MIA,25.810259706330267,-80.19088180805034,Miami
315973425.02708936,00000000-0000-0000-0000-000000092159,OTHERS,556.2401617609825,3978.749848450528,MIA,25.81042005499339,-80.19077831244151,Miami
315973425.02708936,00000000-0000-0000-0000-000000092176,OTHERS,497.5655802622743,4008.955107987327,MIA,25.81069604098798,-80.19136175634753,Miami
315973425.02708936,00000000-0000-0000-0000-000000092082,OTHERS,544.6949285344617,4014.1305033337458,MIA,25.810740154764467,-80.19089130924556,Miami
315973425.02708936,00000000-0000-0000-0000-000000092156,OTHERS,601.8511579876663,4007.029154894084,MIA,25.810672860892662,-80.1903215941366,Miami
315973425.02708936,00000000-0000-0000-0000-000000091521,OTHERS,514.6743846139389,4019.5922363368377,MIA,25.810791136241956,-80.19119043857039,Miami
315973425.02708936,00000000-0000-0000-0000-000000092129,OTHERS,542.3768019986687,3943.661694512379,MIA,25.810104007012118,-80.19091875547868,Miami
315973425.02708936,00000000-0000-0000-0000-000000092137,OTHERS,506.9860151757912,4006.7304953821167,MIA,25.810675431781675,-80.1912679210135,Miami
315973425.02708936,00000000-0000-0000-0000-000000092063,OTHERS,560.1840052809514,4010.306763163489,MIA,25.810704769442662,-80.1907370355084,Miami
315973425.02708936,00000000-0000-0000-0000-000000092181,OTHERS,508.4656046439789,4018.342938209525,MIA,25.81078020066048,-80.19125244969523,Miami
315973425.02708936,00000000-0000-0000-0000-000000092094,OTHERS,551.4434063967823,4017.6245086468953,MIA,25.81077132811742,-80.19082377676243,Miami
315973425.02708936,00000000-0000-0000-0000-000000092114,OTHERS,540.225853699279,3936.415947262609,MIA,25.810038703173113,-80.19094065613591,Miami
315973425.02708936,00000000-0000-0000-0000-000000092090,OTHERS,550.523402848998,4004.087878233323,MIA,25.81064915436321,-80.1908337844496,Miami
315973425.02708936,00000000-0000-0000-0000-000000092095,OTHERS,546.4441290978397,3968.891782538775,MIA,25.810331588531156,-80.19087663530269,Miami
315973425.02708936,00000000-0000-0000-0000-000000092080,OTHERS,547.2396047744597,3974.900455741353,MIA,25.810385797833817,-80.19086833165149,Miami
315973425.02708936,00000000-0000-0000-0000-000000092010,OTHERS,550.3254802497838,3963.990356895975,MIA,25.810287117115656,-80.19083821841582,Miami
315973425.02708936,00000000-0000-0000-0000-000000092001,OTHERS,516.9774537292584,3990.8236580284174,MIA,25.810531251375913,-80.19116922872375,Miami
315973425.19859225,00000000-0000-0000-0000-000000000000,AV,548.5340577987448,3991.535532397033,MIA,25.810535927273285,-80.19085439872917,Miami
315973425.19859225,00000000-0000-0000-0000-000000091449,OTHERS,586.1749042852829,3998.394565012624,MIA,25.810595768402194,-80.1904784993973,Miami
315973425.19859225,00000000-0000-0000-0000-000000091534,OTHERS,604.4427168265868,3998.320963226381,MIA,25.810594088979514,-80.19029627708667,Miami
315973425.19859225,00000000-0000-0000-0000-000000092117,OTHERS,572.0200573110268,4005.362888115532,MIA,25.81065947293532,-80.19061927062255,Miami
315973425.19859225,00000000-0000-0000-0000-000000092200,OTHERS,505.3701327660901,4023.6567051034367,MIA,25.810828351468817,-80.19128300221887,Miami
315973425.19859225,00000000-0000-0000-0000-000000091968,OTHERS,534.2809429994854,3990.716939438945,MIA,25.81052932733557,-80.19099662791356,Miami
315973425.19859225,00000000-0000-0000-0000-000000091973,AGENT,553.3774121200527,3995.1678071682,MIA,25.810568454858515,-80.19080586204002,Miami
315973425.19859225,00000000-0000-0000-0000-000000092001,OTHERS,517.7178242735285,3990.627972113198,MIA,25.81052944339875,-80.19116185531014,Miami
315973425.19859225,00000000-0000-0000-0000-000000092010,OTHERS,549.8572263274021,3963.0881974898352,MIA,25.810278997343275,-80.19084294471416,Miami
315973425.19859225,00000000-0000-0000-0000-000000092036,OTHERS,545.75522452543,3961.4458075818407,MIA,25.810264395635983,-80.19088396402994,Miami
315973425.19859225,00000000-0000-0000-0000-000000092120,OTHERS,607.6062761033799,3944.510224367004,MIA,25.810108045750273,-80.19026802277298,Miami
315973425.19859225,00000000-0000-0000-0000-000000092208,OTHERS,565.5297455480859,3942.4491698457978,MIA,25.810091773328033,-80.19068787334488,Miami
315973425.19859225,00000000-0000-0000-0000-000000090973,OTHERS,511.5925345661791,3997.646800045868,MIA,25.810593157700072,-80.19122252652396,Miami
315973425.19859225,00000000-0000-0000-0000-000000092085,OTHERS,551.5816004751542,3973.185750727532,MIA,25.81037007435362,-80.19082512421566,Miami
315973425.19859225,00000000-0000-0000-0000-000000092184,OTHERS,556.2529230573979,3978.7241605278346,MIA,25.81041982234359,-80.19077818671981,Miami
315973425.19859225,00000000-0000-0000-0000-000000091886,OTHERS,585.0969222211894,3998.884894207022,MIA,25.810600255557937,-80.1904892224968,Miami
315973425.19859225,00000000-0000-0000-0000-000000092058,OTHERS,544.2123034324665,3951.33791423665,MIA,25.810173215178857,-80.19089997505803,Miami
315973425.19859225,00000000-0000-0000-0000-000000092201,OTHERS,545.8979672089931,4021.571307962104,MIA,25.810807272425947,-80.1908788521531,Miami
315973425.19859225,00000000-0000-0000-0000-000000092211,OTHERS,547.4310584480639,4026.9761474877287,MIA,25.810855988640295,-80.1908632275522,Miami
315973425.19859225,00000000-0000-0000-0000-000000091848,OTHERS,552.3114118352298,3980.259308327101,MIA,25.810433902344577,-80.1908174102353,Miami
315973425.19859225,00000000-0000-0000-0000-000000092114,OTHERS,540.2421634205622,3936.3629957867065,MIA,25.81003822415856,-80.19094049668999,Miami
315973425.19859225,00000000-0000-0000-0000-000000092090,OTHERS,551.1470315490424,4005.0326590296704,MIA,25.810657650344176,-80.19082750561043,Miami
315973425.19859225,00000000-0000-0000-0000-000000092095,OTHERS,546.390389523139,3969.614821909002,MIA,25.8103381199766,-80.19087712702009,Miami
315973425.19859225,00000000-0000-0000-0000-000000091865,OTHERS,572.9967724786424,3992.542993551621,MIA,25.810543665402957,-80.19061031420692,Miami
315973425.19859225,00000000-0000-0000-0000-000000092156,OTHERS,600.9292470064057,4007.0808170948426,MIA,25.810673378580805,-80.1903307873059,Miami
315973425.19859225,00000000-0000-0000-0000-000000092210,OTHERS,509.2000686863949,4021.0998576045135,MIA,25.81080505265808,-80.19124495415662,Miami
315973425.19859225,00000000-0000-0000-0000-000000092080,OTHERS,547.2583304490212,3974.7574119417736,MIA,25.810384505224132,-80.19086815363175,Miami
315973425.19859225,00000000-0000-0000-0000-000000092204,OTHERS,585.18811787397,3993.0842686889423,MIA,25.81054787553339,-80.19048866876518,Miami
315973425.19859225,00000000-0000-0000-0000-000000092203,OTHERS,557.8810739688552,3942.366036020603,MIA,25.810091447428963,-80.19076417588812,Miami
315973425.19859225,00000000-0000-0000-0000-000000092186,OTHERS,547.9709050132863,3954.997131826755,MIA,25.810206046283692,-80.19086225757398,Miami
315973425.19859225,00000000-0000-0000-0000-000000092202,OTHERS,566.8837136434014,4055.542628696427,MIA,25.811112840681886,-80.19066742841929,Miami
315973425.19859225,00000000-0000-0000-0000-000000092192,OTHERS,557.5768469656658,3942.340674581001,MIA,25.81009123532859,-80.19076721218562,Miami
315973425.19859225,00000000-0000-0000-0000-000000092179,OTHERS,533.514330038271,3910.433066334826,MIA,25.809804471290462,-80.19100919870864,Miami
315973425.19859225,00000000-0000-0000-0000-000000092159,OTHERS,555.8339172311528,3979.5783941438312,MIA,25.810427558649444,-80.19078231401788,Miami
315973425.19859225,00000000-0000-0000-0000-000000092176,OTHERS,497.47181374077934,4008.703179068328,MIA,25.810693771475957,-80.19136270714104,Miami
315973425.19859225,00000000-0000-0000-0000-000000092082,OTHERS,544.6093560646068,4014.245296248236,MIA,25.810741196002756,-80.19089215581624,Miami
315973425.19859225,00000000-0000-0000-0000-000000092063,OTHERS,559.7767868424813,4010.7781894066497,MIA,25.810709048653756,-80.19074106871517,Miami
315973425.19859225,00000000-0000-0000-0000-000000092137,OTHERS,506.9971006404983,4006.709594314482,MIA,25.81067524244672,-80.19126781171406,Miami
315973425.19859225,00000000-0000-0000-0000-000000091521,OTHERS,514.3383855458001,4020.142652727215,MIA,25.810796124705504,-80.19119375651778,Miami
315973425.19859225,00000000-0000-0000-0000-000000092129,OTHERS,542.1764025577056,3943.195527119315,MIA,25.810099809022276,-80.19092078310617,Miami
315973425.19859225,00000000-0000-0000-0000-000000092181,OTHERS,508.7399291904428,4017.261249568061,MIA,25.81077041866119,-80.19124977954108,Miami
315973425.19859225,00000000-0000-0000-0000-000000092094,OTHERS,551.5548183428895,4017.842200933713,MIA,25.81077328751675,-80.19082265203966,Miami
315973425.35497755,00000000-0000-0000-0000-000000000000,AV,549.9514479559547,3991.597721010781,MIA,25.81053641008883,-80.19084025603422,Miami
315973425.35497755,00000000-0000-0000-0000-000000091449,OTHERS,587.2686942434527,3998.376720373997,MIA,25.810595546521064,-80.19046758961407,Miami
315973425.35497755,00000000-0000-0000-0000-000000091534,OTHERS,605.2112100041207,3998.342244295252,MIA,25.81059423843214,-80.19028860983408,Miami
315973425.35497755,00000000-0000-0000-0000-000000091865,OTHERS,574.1356858460467,3992.563801902185,MIA,25.81054379003094,-80.19059895193705,Miami
315973425.35497755,00000000-0000-0000-0000-000000092117,OTHERS,571.9238374112206,4005.3936168365626,MIA,25.81065975573475,-80.19062022855961,Miami
315973425.35497755,00000000-0000-0000-0000-000000092200,OTHERS,505.3560324383776,4023.601348230706,MIA,25.81082785242341,-80.19128314626795,Miami
315973425.35497755,00000000-0000-0000-0000-000000091968,OTHERS,534.8902581372906,3990.711783033268,MIA,25.810529246952658,-80.19099055013369,Miami
315973425.35497755,00000000-0000-0000-0000-000000092001,OTHERS,518.765247870459,3990.7920809444463,MIA,25.81053086703546,-80.19115139689129,Miami
315973425.35497755,00000000-0000-0000-0000-000000092010,OTHERS,549.7961119206351,3962.914189769712,MIA,25.81027742958727,-80.19084356502054,Miami
315973425.35497755,00000000-0000-0000-0000-000000092036,OTHERS,545.75522452543,3961.4458075818407,MIA,25.810264395635983,-80.19088396402994,Miami
315973425.35497755,00000000-0000-0000-0000-000000092085,OTHERS,551.5241249215322,3973.131266891846,MIA,25.810369585599844,-80.1908257008924,Miami
315973425.35497755,00000000-0000-0000-0000-000000092184,OTHERS,556.2529230573979,3978.7241605278346,MIA,25.81041982234359,-80.19077818671981,Miami
315973425.35497755,00000000-0000-0000-0000-000000091886,OTHERS,585.0969222211894,3998.884894207022,MIA,25.810600255557937,-80.1904892224968,Miami
315973425.35497755,00000000-0000-0000-0000-000000092058,OTHERS,544.2583716666393,3951.2770450620014,MIA,25.810172663021692,-80.1908995192488,Miami
315973425.35497755,00000000-0000-0000-0000-000000092156,OTHERS,600.3257890101729,4007.099999937325,MIA,25.810673585313438,-80.19033680580417,Miami
315973425.35497755,00000000-0000-0000-0000-000000092210,OTHERS,510.09550513356095,4021.572596144712,MIA,25.810809271412133,-80.19123599291136,Miami
315973425.35497755,00000000-0000-0000-0000-000000092080,OTHERS,547.372750186259,3974.987579320871,MIA,25.81038657709703,-80.19086699814478,Miami
315973425.35497755,00000000-0000-0000-0000-000000092223,OTHERS,567.4205240878757,4076.599047488122,MIA,25.81130293329935,-80.19066078160483,Miami
315973425.35497755,00000000-0000-0000-0000-000000090973,OTHERS,512.3789881745616,3998.092113120952,MIA,25.810597134871703,-80.1912146541119,Miami
315973425.35497755,00000000-0000-0000-0000-000000091973,AGENT,554.5427831337338,3995.214025104277,MIA,25.81056880746067,-80.19079423428599,Miami
315973425.35497755,00000000-0000-0000-0000-000000092202,OTHERS,566.6188916288767,4055.5969495025647,MIA,25.811113345862037,-80.19067006677592,Miami
315973425.35497755,00000000-0000-0000-0000-000000092211,OTHERS,547.2730607325935,4026.8248735640655,MIA,25.810854631531374,-80.1908648129089,Miami
315973425.35497755,00000000-0000-0000-0000-000000092120,OTHERS,607.6651405768413,3944.552819517127,MIA,25.810108427079438,-80.19026743297024,Miami
315973425.35497755,00000000-0000-0000-0000-000000091848,OTHERS,552.3261431423375,3980.253213282528,MIA,25.810433846493297,-80.19081726366022,Miami
315973425.35497755,00000000-0000-0000-0000-000000092224,OTHERS,497.58228712984834,3995.361041407108,MIA,25.81057329660446,-80.19136242303246,Miami
315973425.35497755,00000000-0000-0000-0000-000000092201,OTHERS,545.8407769197742,4021.548988376088,MIA,25.810807074073388,-80.19087942401329,Miami
315973425.35497755,00000000-0000-0000-0000-000000092114,OTHERS,540.2851961216704,3936.476133647117,MIA,25.810039243313188,-80.19094006048904,Miami
315973425.35497755,00000000-0000-0000-0000-000000092090,OTHERS,551.2948445828315,4005.385640644176,MIA,25.81066082927578,-80.19082600947802,Miami
315973425.35497755,00000000-0000-0000-0000-000000092222,OTHERS,505.96181833805497,4036.129748542921,MIA,25.810940940149507,-80.19127633525815,Miami
315973425.35497755,00000000-0000-0000-0000-000000092095,OTHERS,546.390389523139,3969.614821909002,MIA,25.8103381199766,-80.19087712702009,Miami
315973425.35497755,00000000-0000-0000-0000-000000092208,OTHERS,565.5297455480859,3942.4491698457978,MIA,25.810091773328033,-80.19068787334488,Miami
315973425.35497755,00000000-0000-0000-0000-000000092204,OTHERS,585.18811787397,3993.0842686889423,MIA,25.81054787553339,-80.19048866876518,Miami
315973425.35497755,00000000-0000-0000-0000-000000092207,OTHERS,564.1866426438285,3942.709641201383,MIA,25.810094199759742,-80.19070125515763,Miami
315973425.35497755,00000000-0000-0000-0000-000000092192,OTHERS,559.8766167007075,3942.631914659965,MIA,25.810093737289403,-80.19074425353114,Miami
315973425.35497755,00000000-0000-0000-0000-000000092179,OTHERS,533.9717482198266,3910.206852934552,MIA,25.809802403374416,-80.1910046497296,Miami
315973425.35497755,00000000-0000-0000-0000-000000092159,OTHERS,555.8339172311528,3979.5783941438312,MIA,25.810427558649444,-80.19078231401788,Miami
315973425.35497755,00000000-0000-0000-0000-000000092176,OTHERS,497.47181374077934,4008.703179068328,MIA,25.810693771475957,-80.19136270714104,Miami
315973425.35497755,00000000-0000-0000-0000-000000092082,OTHERS,544.7399195791057,4014.0741069360015,MIA,25.81073964305264,-80.19089086390522,Miami
315973425.35497755,00000000-0000-0000-0000-000000092063,OTHERS,560.5346495697335,4010.672630944301,MIA,25.810708053461525,-80.19073351527861,Miami
315973425.35497755,00000000-0000-0000-0000-000000092137,OTHERS,506.9971006404983,4006.709594314482,MIA,25.81067524244672,-80.19126781171406,Miami
315973425.35497755,00000000-0000-0000-0000-000000091521,OTHERS,514.1638767382116,4020.570432364944,MIA,25.810799996895494,-80.19119547106872,Miami
315973425.35497755,00000000-0000-0000-0000-000000092129,OTHERS,542.1764025577056,3943.195527119315,MIA,25.810099809022276,-80.19092078310617,Miami
315973425.35497755,00000000-0000-0000-0000-000000092181,OTHERS,508.6605542137204,4017.323150780312,MIA,25.81077098198414,-80.19125056753607,Miami
315973425.35497755,00000000-0000-0000-0000-000000092094,OTHERS,551.4260743004619,4017.388531711736,MIA,25.810769198398717,-80.19082396413101,Miami
315973425.5290582,00000000-0000-0000-0000-000000000000,AV,551.573720954106,3991.668045108996,MIA,25.81053695498387,-80.19082406907403,Miami
315973425.5290582,00000000-0000-0000-0000-000000090973,OTHERS,513.1783938171468,3998.935465549048,MIA,25.81060470529826,-80.19120662809374,Miami
315973425.5290582,00000000-0000-0000-0000-000000092085,OTHERS,551.4021253980239,3973.04581722864,MIA,25.810368820832267,-80.19082692311315,Miami
315973425.5290582,00000000-0000-0000-0000-000000091449,OTHERS,589.1635373451041,3998.6229405307454,MIA,25.810597664432244,-80.19044867288306,Miami
315973425.5290582,00000000-0000-0000-0000-000000091534,OTHERS,606.8393821109628,3998.43959043962,MIA,25.81059502692495,-80.19027236236123,Miami
315973425.5290582,00000000-0000-0000-0000-000000091865,OTHERS,576.0808389302357,3992.5640346724,MIA,25.810543684097926,-80.19057954845336,Miami
315973425.5290582,00000000-0000-0000-0000-000000092117,OTHERS,571.3773915303233,4005.387116548404,MIA,25.810659727391148,-80.19062567992086,Miami
315973425.5290582,00000000-0000-0000-0000-000000092200,OTHERS,505.3103270115533,4023.584666622779,MIA,25.810827704338305,-80.1912836032168,Miami
315973425.5290582,00000000-0000-0000-0000-000000091968,OTHERS,536.1581240518583,3990.803771638544,MIA,25.81053000715201,-80.19097789715994,Miami
315973425.5290582,00000000-0000-0000-0000-000000092001,OTHERS,520.5165960639363,3990.447573500776,MIA,25.810527659207068,-80.19113394780648,Miami
315973425.5290582,00000000-0000-0000-0000-000000092213,OTHERS,506.895537873476,4006.7040090554688,MIA,25.810675197652476,-80.191268825176,Miami
315973425.5290582,00000000-0000-0000-0000-000000092010,OTHERS,549.7946581120485,3962.908970996901,MIA,25.810277382546676,-80.19084357984279,Miami
315973425.5290582,00000000-0000-0000-0000-000000092036,OTHERS,545.75522452543,3961.4458075818407,MIA,25.810264395635983,-80.19088396402994,Miami
315973425.5290582,00000000-0000-0000-0000-000000092058,OTHERS,544.5203051872836,3950.539740600367,MIA,25.810165991215275,-80.19089695161662,Miami
315973425.5290582,00000000-0000-0000-0000-000000092063,OTHERS,560.304568281261,4010.917833287812,MIA,25.81071028021715,-80.19073579536679,Miami
315973425.5290582,00000000-0000-0000-0000-000000092156,OTHERS,599.4081235894319,4006.989306492537,MIA,25.810672636824606,-80.19034596658808,Miami
315973425.5290582,00000000-0000-0000-0000-000000092080,OTHERS,547.4324656103257,3974.683975036239,MIA,25.810383832479996,-80.19086642108945,Miami
315973425.5290582,00000000-0000-0000-0000-000000092223,OTHERS,567.4205240878757,4076.599047488122,MIA,25.81130293329935,-80.19066078160483,Miami
315973425.5290582,00000000-0000-0000-0000-000000092222,OTHERS,505.96181833805497,4036.129748542921,MIA,25.810940940149507,-80.19127633525815,Miami
315973425.5290582,00000000-0000-0000-0000-000000091521,OTHERS,513.7962756336169,4021.294947814613,MIA,25.8108065590868,-80.19119909358201,Miami
315973425.5290582,00000000-0000-0000-0000-000000091848,OTHERS,552.3613325977893,3980.126717847392,MIA,25.810432702387793,-80.190816920395,Miami
315973425.5290582,00000000-0000-0000-0000-000000092224,OTHERS,498.1841739225897,3995.4678454315545,MIA,25.810574227561354,-80.19135641248619,Miami
315973425.5290582,00000000-0000-0000-0000-000000092201,OTHERS,545.7344057990215,4021.4255160072935,MIA,25.81080596512348,-80.1908804926723,Miami
315973425.5290582,00000000-0000-0000-0000-000000092210,OTHERS,509.3367058797626,4021.827281708109,MIA,25.810811613127832,-80.19124354655825,Miami
315973425.5290582,00000000-0000-0000-0000-000000091973,AGENT,556.800826004225,3995.262366819894,MIA,25.810569118564413,-80.19077170667829,Miami
315973425.5290582,00000000-0000-0000-0000-000000092202,OTHERS,566.771777141077,4055.602646576465,MIA,25.81111338881134,-80.19066854134147,Miami
315973425.5290582,00000000-0000-0000-0000-000000092211,OTHERS,547.3510747031607,4027.3133958907,MIA,25.81085903816177,-80.19086400472865,Miami
315973425.5290582,00000000-0000-0000-0000-000000092120,OTHERS,607.5790916236306,3944.50901872976,MIA,25.810108036374757,-80.19026829401908,Miami
315973425.5290582,00000000-0000-0000-0000-000000092114,OTHERS,540.2013942348547,3936.3946083814735,MIA,25.81003851185811,-80.19094090143395,Miami
315973425.5290582,00000000-0000-0000-0000-000000092090,OTHERS,551.5055078920203,4005.787729029189,MIA,25.810664448112092,-80.19082388338269,Miami
315973425.5290582,00000000-0000-0000-0000-000000092217,OTHERS,567.7433672631638,4078.636306214108,MIA,25.8113213101677,-80.19065743612917,Miami
315973425.5290582,00000000-0000-0000-0000-000000092208,OTHERS,568.7034961442272,3942.434673426125,MIA,25.810091466186318,-80.19065621526583,Miami
315973425.5290582,00000000-0000-0000-0000-000000092207,OTHERS,564.5772610775133,3942.7012662041216,MIA,25.810094102448442,-80.19069735915322,Miami
315973425.5290582,00000000-0000-0000-0000-000000092192,OTHERS,558.5818509326205,3942.427238761499,MIA,25.81009196112769,-80.19075718170517,Miami
315973425.5290582,00000000-0000-0000-0000-000000092179,OTHERS,533.420417900846,3910.5216985293146,MIA,25.809805276780793,-80.1910101300684,Miami
315973425.5290582,00000000-0000-0000-0000-000000092181,OTHERS,508.76789855364825,4017.2121356321913,MIA,25.810769973649805,-80.19124950354916,Miami
315973425.5290582,00000000-0000-0000-0000-000000092094,OTHERS,551.6320323125947,4018.360792552717,MIA,25.81077796569276,-80.19082184999422,Miami
315973425.5290582,00000000-0000-0000-0000-000000092176,OTHERS,497.3074479806134,4008.253100803349,MIA,25.810689716752545,-80.19136437433042,Miami
315973425.5290582,00000000-0000-0000-0000-000000092082,OTHERS,544.6564303017808,4014.465630559031,MIA,25.81074318283004,-80.19089167272136,Miami
315973425.68815106,00000000-0000-0000-0000-000000000000,AV,553.0418623748361,3991.73164186077,MIA,25.810537447692816,-80.19080942003387,Miami
315973425.68815106,00000000-0000-0000-0000-000000090973,OTHERS,513.9599539793227,3999.792650610885,MIA,25.810612401612268,-80.19119877924042,Miami
315973425.68815106,00000000-0000-0000-0000-000000092085,OTHERS,551.1103165501243,3973.239034467442,MIA,25.810370581630238,-80.19082982213521,Miami
315973425.68815106,00000000-0000-0000-0000-000000091449,OTHERS,591.2156288222793,3998.794497136981,MIA,25.810599099454063,-80.19042819213462,Miami
315973425.68815106,00000000-0000-0000-0000-000000091521,OTHERS,512.9481074292448,4022.225147680106,MIA,25.810815005113156,-80.19120749729294,Miami
315973425.68815106,00000000-0000-0000-0000-000000091534,OTHERS,608.3595902853901,3998.648367556931,MIA,25.810596827546316,-80.19025718502006,Miami
315973425.68815106,00000000-0000-0000-0000-000000091865,OTHERS,578.0466363569326,3992.651199801973,MIA,25.81054436194461,-80.19055993370206,Miami
315973425.68815106,00000000-0000-0000-0000-000000092117,OTHERS,571.0139239807353,4005.40493663184,MIA,25.81065990847839,-80.19062930452587,Miami
315973425.68815106,00000000-0000-0000-0000-000000092200,OTHERS,505.3103270115533,4023.584666622779,MIA,25.810827704338305,-80.1912836032168,Miami
315973425.68815106,00000000-0000-0000-0000-000000091968,OTHERS,537.7686594189656,3990.87220638665,MIA,25.81053053565472,-80.19096182740299,Miami
315973425.68815106,00000000-0000-0000-0000-000000092010,OTHERS,550.0457522696321,3963.598925524244,MIA,25.81028359833766,-80.19084103278873,Miami
315973425.68815106,00000000-0000-0000-0000-000000092210,OTHERS,509.9301150703055,4022.405416499536,MIA,25.810816800286357,-80.19123759166776,Miami
315973425.68815106,00000000-0000-0000-0000-000000091973,AGENT,559.1279513134706,3995.369319797987,MIA,25.81056995504089,-80.19074848635722,Miami
315973425.68815106,00000000-0000-0000-0000-000000092227,OTHERS,547.8718446453835,3956.104074872107,MIA,25.810216046585836,-80.19086317782912,Miami
315973425.68815106,00000000-0000-0000-0000-000000092202,OTHERS,566.771777141077,4055.602646576465,MIA,25.81111338881134,-80.19066854134147,Miami
315973425.68815106,00000000-0000-0000-0000-000000092120,OTHERS,607.937961603526,3944.535495418726,MIA,25.81010825549841,-80.1902647125745,Miami
315973425.68815106,00000000-0000-0000-0000-000000092001,OTHERS,521.7867067115351,3990.1868668249817,MIA,25.810525234740563,-80.19112129406878,Miami
315973425.68815106,00000000-0000-0000-0000-000000092213,OTHERS,506.895537873476,4006.7040090554688,MIA,25.810675197652476,-80.191268825176,Miami
315973425.68815106,00000000-0000-0000-0000-000000092238,OTHERS,547.8444825532855,3968.605904457953,MIA,25.810328929534105,-80.19086268392783,Miami
315973425.68815106,00000000-0000-0000-0000-000000092211,OTHERS,547.5410497599894,4027.250827055225,MIA,25.810858462667877,-80.19086211350489,Miami
315973425.68815106,00000000-0000-0000-0000-000000091848,OTHERS,552.3699020556704,3980.391797921781,MIA,25.810435095370984,-80.19081681865153,Miami
315973425.68815106,00000000-0000-0000-0000-000000092224,OTHERS,499.86160717036086,3995.693971506988,MIA,25.8105761762192,-80.19133966573052,Miami
315973425.68815106,00000000-0000-0000-0000-000000092181,OTHERS,508.8573059317212,4017.044504103379,MIA,25.810768455110658,-80.19124862196027,Miami
315973425.68815106,00000000-0000-0000-0000-000000092094,OTHERS,552.4691712309356,4019.001027959931,MIA,25.810783700018813,-80.19081345999794,Miami
315973425.68815106,00000000-0000-0000-0000-000000092217,OTHERS,570.8450081514178,4076.5278761888594,MIA,25.8113021004902,-80.19062662552625,Miami
315973425.68815106,00000000-0000-0000-0000-000000092156,OTHERS,598.2525233830945,4007.115913282035,MIA,25.810673844183228,-80.19035748627816,Miami
315973425.68815106,00000000-0000-0000-0000-000000092208,OTHERS,568.6143389486531,3942.400485031087,MIA,25.81009116244406,-80.19065710672909,Miami
315973425.68815106,00000000-0000-0000-0000-000000092207,OTHERS,564.3082312920159,3942.747642107687,MIA,25.81009453612519,-80.19070003994857,Miami
315973425.68815106,00000000-0000-0000-0000-000000092201,OTHERS,545.7189648072894,4021.432934721551,MIA,25.810806032965772,-80.190880646246,Miami
315973425.68815106,00000000-0000-0000-0000-000000092058,OTHERS,544.5203051872836,3950.539740600367,MIA,25.810165991215275,-80.19089695161662,Miami
315973425.68815106,00000000-0000-0000-0000-000000092192,OTHERS,559.3745171169578,3942.543932758959,MIA,25.810092970764845,-80.19074926749963,Miami
315973425.68815106,00000000-0000-0000-0000-000000092179,OTHERS,533.420417900846,3910.5216985293146,MIA,25.809805276780793,-80.1910101300684,Miami
315973425.68815106,00000000-0000-0000-0000-000000092114,OTHERS,540.2013942348547,3936.3946083814735,MIA,25.81003851185811,-80.19094090143395,Miami
315973425.68815106,00000000-0000-0000-0000-000000092090,OTHERS,551.6673124021875,4006.240932265505,MIA,25.810668531187062,-80.19082224153301,Miami
315973425.68815106,00000000-0000-0000-0000-000000092176,OTHERS,497.3074479806134,4008.253100803349,MIA,25.810689716752545,-80.19136437433042,Miami
315973425.68815106,00000000-0000-0000-0000-000000092082,OTHERS,544.6494601508712,4014.520240177493,MIA,25.81074367629776,-80.19089173890114,Miami
315973425.68815106,00000000-0000-0000-0000-000000092080,OTHERS,547.4456068741939,3974.655080481666,MIA,25.81038357085588,-80.19086629177404,Miami
315973425.68815106,00000000-0000-0000-0000-000000092063,OTHERS,559.9069513412812,4011.552002942496,MIA,25.810716028336596,-80.19073972281164,Miami
315973425.8346001,00000000-0000-0000-0000-000000000000,AV,554.4386567604599,3991.792188059086,MIA,25.8105379168179,-80.19079548288826,Miami
315973425.8346001,00000000-0000-0000-0000-000000090973,OTHERS,514.287393333741,4000.234742017772,MIA,25.810616375168404,-80.1911954858284,Miami
315973425.8346001,00000000-0000-0000-0000-000000092085,OTHERS,550.992437167533,3973.474334762588,MIA,25.810372712746993,-80.19083098358115,Miami
315973425.8346001,00000000-0000-0000-0000-000000091449,OTHERS,592.0918607990665,3998.9194364311297,MIA,25.810600178878467,-80.19041944379344,Miami
315973425.8346001,00000000-0000-0000-0000-000000091521,OTHERS,512.9481074292448,4022.225147680106,MIA,25.810815005113156,-80.19120749729294,Miami
315973425.8346001,00000000-0000-0000-0000-000000091534,OTHERS,609.1526523158913,3998.749031131221,MIA,25.810597692391532,-80.19024926781277,Miami
315973425.8346001,00000000-0000-0000-0000-000000091865,OTHERS,579.0297626441483,3992.6865126225,MIA,25.810544626185223,-80.1905501245637,Miami
315973425.8346001,00000000-0000-0000-0000-000000092117,OTHERS,570.7600481664039,4005.420628555799,MIA,25.810660064263505,-80.19063183605084,Miami
315973425.8346001,00000000-0000-0000-0000-000000091968,OTHERS,538.4399552489601,3990.901759595825,MIA,25.810530765229267,-80.19095512921884,Miami
315973425.8346001,00000000-0000-0000-0000-000000092063,OTHERS,559.8758688051214,4011.585667042569,MIA,25.810716334022242,-80.19074003080419,Miami
315973425.8346001,00000000-0000-0000-0000-000000092210,OTHERS,509.9481926609878,4022.3916154478734,MIA,25.810816674670765,-80.19123741218425,Miami
315973425.8346001,00000000-0000-0000-0000-000000092238,OTHERS,547.7390664565304,3968.4932328515474,MIA,25.810327918053297,-80.19086374239345,Miami
315973425.8346001,00000000-0000-0000-0000-000000092001,OTHERS,522.3433011184985,3990.0906775957496,MIA,25.81052433533616,-80.1911157477757,Miami
315973425.8346001,00000000-0000-0000-0000-000000092213,OTHERS,506.95915423105913,4006.714824147367,MIA,25.810675291773688,-80.1912681899204,Miami
315973425.8346001,00000000-0000-0000-0000-000000092010,OTHERS,550.0305186007345,3963.535889370005,MIA,25.81028303001789,-80.19084118861534,Miami
315973425.8346001,00000000-0000-0000-0000-000000092181,OTHERS,508.8157875457928,4017.1330568610992,MIA,25.810769256974694,-80.19124903068989,Miami
315973425.8346001,00000000-0000-0000-0000-000000092094,OTHERS,552.6202090454542,4019.961179666114,MIA,25.81079236102645,-80.19081189444908,Miami
315973425.8346001,00000000-0000-0000-0000-000000092211,OTHERS,547.3078465047427,4027.309017225341,MIA,25.810859001026078,-80.19086443621231,Miami
315973425.8346001,00000000-0000-0000-0000-000000092120,OTHERS,607.8774339473025,3944.621980686041,MIA,25.810109039753495,-80.1902653110445,Miami
315973425.8346001,00000000-0000-0000-0000-000000091848,OTHERS,552.3618378636824,3980.194213280164,MIA,25.810433311788987,-80.19081691121448,Miami
315973425.8346001,00000000-0000-0000-0000-000000092224,OTHERS,500.5009204590713,3995.668963779965,MIA,25.810575914944565,-80.19133328992415,Miami
315973425.8346001,00000000-0000-0000-0000-000000091973,AGENT,560.371205269146,3995.4078334614287,MIA,25.810570233750223,-80.19073608217039,Miami
315973425.8346001,00000000-0000-0000-0000-000000092227,OTHERS,547.9409272318617,3956.5853704771057,MIA,25.81022038846112,-80.19086245919003,Miami
315973425.8346001,00000000-0000-0000-0000-000000092202,OTHERS,566.771777141077,4055.602646576465,MIA,25.81111338881134,-80.19066854134147,Miami
315973425.8346001,00000000-0000-0000-0000-000000092217,OTHERS,570.8450081514178,4076.5278761888594,MIA,25.8113021004902,-80.19062662552625,Miami
315973425.8346001,00000000-0000-0000-0000-000000092156,OTHERS,597.7713835258776,4007.1529563093695,MIA,25.810674205382234,-80.19036228351993,Miami
315973425.8346001,00000000-0000-0000-0000-000000092208,OTHERS,568.8150494173686,3942.557500762438,MIA,25.81009256902287,-80.19065509495765,Miami
315973425.8346001,00000000-0000-0000-0000-000000092207,OTHERS,564.5562032025969,3942.798145503279,MIA,25.81009497835969,-80.19069756326726,Miami
315973425.8346001,00000000-0000-0000-0000-000000092201,OTHERS,545.7117004621854,4021.419874302862,MIA,25.81080591544407,-80.19088071951123,Miami
315973425.8346001,00000000-0000-0000-0000-000000092192,OTHERS,559.1711212885933,3942.50469168548,MIA,25.810092627743906,-80.19075129883205,Miami
315973425.8346001,00000000-0000-0000-0000-000000092090,OTHERS,551.7460363217318,4006.4485884140377,MIA,25.810670401783213,-80.19082144349984,Miami
315973425.8346001,00000000-0000-0000-0000-000000092176,OTHERS,497.2659397549542,4008.089502563285,MIA,25.810688241895598,-80.19136479841653,Miami
315973425.8346001,00000000-0000-0000-0000-000000092082,OTHERS,544.6662213152263,4014.471477279207,MIA,25.8107432350776,-80.19089157469436,Miami
315973425.8346001,00000000-0000-0000-0000-000000092080,OTHERS,547.4545968312782,3974.663018555837,MIA,25.81038364203114,-80.1908662016098,Miami
315973425.98934937,00000000-0000-0000-0000-000000000000,AV,555.9490148227624,3991.857010652252,MIA,25.81053841824814,-80.19078041264945,Miami
315973425.98934937,00000000-0000-0000-0000-000000090973,OTHERS,514.9959599340617,4001.055116602579,MIA,25.810623743163976,-80.19118836736331,Miami
315973425.98934937,00000000-0000-0000-0000-000000092085,OTHERS,550.992437167533,3973.474334762588,MIA,25.810372712746993,-80.19083098358115,Miami
315973425.98934937,00000000-0000-0000-0000-000000091521,OTHERS,512.9481074292448,4022.225147680106,MIA,25.810815005113156,-80.19120749729294,Miami
315973425.98934937,00000000-0000-0000-0000-000000091534,OTHERS,610.7310908192951,3998.9265205559545,MIA,25.810599207272354,-80.19023351152691,Miami
315973425.98934937,00000000-0000-0000-0000-000000091865,OTHERS,580.9263584480555,3992.774495385783,MIA,25.810545315254284,-80.19053120006839,Miami
315973425.98934937,00000000-0000-0000-0000-000000092117,OTHERS,570.418989711796,4005.415112985106,MIA,25.810660033403952,-80.19063523855019,Miami
315973425.98934937,00000000-0000-0000-0000-000000091968,OTHERS,540.0767474527556,3990.979948631064,MIA,25.810531380345108,-80.19093879694387,Miami
315973425.98934937,00000000-0000-0000-0000-000000092063,OTHERS,559.612698405127,4012.010631069244,MIA,25.810720185717962,-80.1907426299385,Miami
315973425.98934937,00000000-0000-0000-0000-000000092238,OTHERS,547.5529636194832,3968.38959563599,MIA,25.810326992625544,-80.19086560517727,Miami
315973425.98934937,00000000-0000-0000-0000-000000091848,OTHERS,552.4606774608126,3980.578759246765,MIA,25.810436778440494,-80.19081590167245,Miami
315973425.98934937,00000000-0000-0000-0000-000000092224,OTHERS,501.7258004175444,3995.335899283617,MIA,25.810572839672325,-80.19132109180217,Miami
315973425.98934937,00000000-0000-0000-0000-000000092001,OTHERS,523.5923984426325,3990.0047015670775,MIA,25.810523489711173,-80.19110329293811,Miami
315973425.98934937,00000000-0000-0000-0000-000000092213,OTHERS,506.948212368368,4006.6912652053993,MIA,25.810675079662666,-80.19126830051319,Miami
315973425.98934937,00000000-0000-0000-0000-000000092010,OTHERS,550.0757049184435,3963.4554496895057,MIA,25.81028230120365,-80.1908407428038,Miami
315973425.98934937,00000000-0000-0000-0000-000000092245,OTHERS,546.9010878733849,3961.52201531479,MIA,25.81026502011185,-80.19087252906036,Miami
315973425.98934937,00000000-0000-0000-0000-000000092192,OTHERS,558.3301755221358,3942.453556459151,MIA,25.81009221273027,-80.1907596906169,Miami
315973425.98934937,00000000-0000-0000-0000-000000092181,OTHERS,508.8790331878137,4017.2721947907744,MIA,25.81077050976805,-80.1912483912642,Miami
315973425.98934937,00000000-0000-0000-0000-000000092094,OTHERS,552.3427888940545,4019.448050950399,MIA,25.810787743292668,-80.19081469327918,Miami
315973425.98934937,00000000-0000-0000-0000-000000092080,OTHERS,547.3918158748563,3974.399341795434,MIA,25.810381264728555,-80.19086684404094,Miami
315973425.98934937,00000000-0000-0000-0000-000000091449,OTHERS,594.0118544407268,3998.993420285694,MIA,25.810600740231617,-80.19040028674786,Miami
315973425.98934937,00000000-0000-0000-0000-000000092176,OTHERS,497.2659397549542,4008.089502563285,MIA,25.810688241895598,-80.19136479841653,Miami
315973425.98934937,00000000-0000-0000-0000-000000092082,OTHERS,544.7466786836294,4014.223445365804,MIA,25.810740991082767,-80.19089078732098,Miami
315973425.98934937,00000000-0000-0000-0000-000000092210,OTHERS,509.2240819250638,4022.048082816039,MIA,25.81081361303382,-80.19124465648017,Miami
315973425.98934937,00000000-0000-0000-0000-000000091973,AGENT,562.8175556802819,3995.489972434509,MIA,25.81057083954976,-80.19071167406592,Miami
315973425.98934937,00000000-0000-0000-0000-000000092227,OTHERS,547.9180962046578,3956.5339969786096,MIA,25.8102199258675,-80.19086269008676,Miami
315973425.98934937,00000000-0000-0000-0000-000000092211,OTHERS,546.911333175042,4026.825076445538,MIA,25.810854653447098,-80.19086842124402,Miami
315973425.98934937,00000000-0000-0000-0000-000000092120,OTHERS,607.6531339426167,3944.533489375545,MIA,25.810108253210995,-80.19026755392602,Miami
315973425.98934937,00000000-0000-0000-0000-000000092208,OTHERS,569.6914141208288,3943.045431767769,MIA,25.8100969259766,-80.19064632306028,Miami
315973425.98934937,00000000-0000-0000-0000-000000092207,OTHERS,564.6310252660489,3942.785274380279,MIA,25.810094857988805,-80.19069681768781,Miami
315973425.98934937,00000000-0000-0000-0000-000000092201,OTHERS,545.7016543070623,4021.450007301489,MIA,25.810806188078477,-80.19088081787648,Miami
315973425.98934937,00000000-0000-0000-0000-000000092156,OTHERS,596.6218861402307,4007.1812667031777,MIA,25.81067452486359,-80.19037374836599,Miami
315973425.98934937,00000000-0000-0000-0000-000000092090,OTHERS,551.9628971818169,4007.0556192542376,MIA,25.810675870740138,-80.19081924300994,Miami
315973426.1259281,00000000-0000-0000-0000-000000000000,AV,557.2881378700173,3991.914569718137,MIA,25.810538863601433,-80.19076705097537,Miami
315973426.1259281,00000000-0000-0000-0000-000000090973,OTHERS,515.3904837652224,4001.7574512747497,MIA,25.81063006278336,-80.19118438880594,Miami
315973426.1259281,00000000-0000-0000-0000-000000092244,OTHERS,547.0147951848529,3962.2738216009448,MIA,25.81027180200265,-80.19087134868504,Miami
315973426.1259281,00000000-0000-0000-0000-000000092085,OTHERS,552.3332290825338,3973.702226722615,MIA,25.810374695981228,-80.1908175948297,Miami
315973426.1259281,00000000-0000-0000-0000-000000091534,OTHERS,611.4530346317722,3999.0206176627134,MIA,25.810600016778107,-80.19022630414767,Miami
315973426.1259281,00000000-0000-0000-0000-000000091865,OTHERS,581.86936090716,3992.791092435767,MIA,25.81054541273335,-80.19052179232533,Miami
315973426.1259281,00000000-0000-0000-0000-000000092117,OTHERS,570.0810626584698,4005.436471889729,MIA,25.810660245025204,-80.19063860816394,Miami
315973426.1259281,00000000-0000-0000-0000-000000091968,OTHERS,540.8527521048592,3991.019213237797,MIA,25.810531691791557,-80.19093105366298,Miami
315973426.1259281,00000000-0000-0000-0000-000000092210,OTHERS,509.8991843748009,4022.2376609973626,MIA,25.810815287306117,-80.19123791049661,Miami
315973426.1259281,00000000-0000-0000-0000-000000092238,OTHERS,547.5040355808477,3968.400067197074,MIA,25.81032708989183,-80.19086609260555,Miami
315973426.1259281,00000000-0000-0000-0000-000000092001,OTHERS,524.0603591729251,3989.922807371999,MIA,25.810522724298366,-80.1910986299154,Miami
315973426.1259281,00000000-0000-0000-0000-000000092213,OTHERS,506.948212368368,4006.6912652053993,MIA,25.810675079662666,-80.19126830051319,Miami
315973426.1259281,00000000-0000-0000-0000-000000091973,AGENT,563.8906037620962,3995.519006360164,MIA,25.810571042113597,-80.19070096831427,Miami
315973426.1259281,00000000-0000-0000-0000-000000092227,OTHERS,547.9180962046578,3956.5339969786096,MIA,25.8102199258675,-80.19086269008676,Miami
315973426.1259281,00000000-0000-0000-0000-000000091848,OTHERS,552.4733993240283,3980.274191097377,MIA,25.81043402772967,-80.19081579345129,Miami
315973426.1259281,00000000-0000-0000-0000-000000092224,OTHERS,502.32695376459833,3995.780028478229,MIA,25.810576816442385,-80.19131506789219,Miami
315973426.1259281,00000000-0000-0000-0000-000000092245,OTHERS,546.5866764457205,3960.683169472135,MIA,25.81025746346726,-80.19087571685179,Miami
315973426.1259281,00000000-0000-0000-0000-000000092192,OTHERS,559.3544883557938,3942.609928106549,MIA,25.81009356776173,-80.19074946324301,Miami
315973426.1259281,00000000-0000-0000-0000-000000092010,OTHERS,550.0785941789263,3963.4591133938975,MIA,25.810282334123524,-80.19084071375792,Miami
315973426.1259281,00000000-0000-0000-0000-000000092063,OTHERS,559.4734359614428,4012.295017552741,MIA,25.810722761231382,-80.1907440016773,Miami
315973426.1259281,00000000-0000-0000-0000-000000092246,OTHERS,648.2500589019339,3998.957509484517,MIA,25.810597401853983,-80.18985924685221,Miami
315973426.1259281,00000000-0000-0000-0000-000000092181,OTHERS,508.8094355158728,4017.107356109399,MIA,25.81076902527015,-80.1912490956291,Miami
315973426.1259281,00000000-0000-0000-0000-000000092094,OTHERS,552.1546120222889,4019.516213893325,MIA,25.810788369197574,-80.19081656622096,Miami
315973426.1259281,00000000-0000-0000-0000-000000092080,OTHERS,547.3968352942452,3974.387683491697,MIA,25.810381159184796,-80.19086679468593,Miami
315973426.1259281,00000000-0000-0000-0000-000000091449,OTHERS,594.9476320337391,3999.164331296505,MIA,25.810602231433744,-80.19039094159966,Miami
315973426.1259281,00000000-0000-0000-0000-000000092082,OTHERS,544.6829000436014,4014.276450309679,MIA,25.810741473215597,-80.1908914202814,Miami
315973426.1259281,00000000-0000-0000-0000-000000092211,OTHERS,546.911333175042,4026.825076445538,MIA,25.810854653447098,-80.19086842124402,Miami
315973426.1259281,00000000-0000-0000-0000-000000092120,OTHERS,607.4992382397269,3944.468659399105,MIA,25.81010767639941,-80.19026909305428,Miami
315973426.1259281,00000000-0000-0000-0000-000000092208,OTHERS,569.7813853600819,3942.985014887834,MIA,25.810096375464347,-80.19064542928113,Miami
315973426.1259281,00000000-0000-0000-0000-000000092207,OTHERS,564.4365617122801,3942.754996796881,MIA,25.810094595405648,-80.19069875936876,Miami
315973426.1259281,00000000-0000-0000-0000-000000092201,OTHERS,545.6710105674963,4021.465759182247,MIA,25.810806332006607,-80.19088112259121,Miami
315973426.1259281,00000000-0000-0000-0000-000000092156,OTHERS,596.1118883425323,4007.212082611541,MIA,25.810674831439425,-80.19037883385674,Miami
315973426.1259281,00000000-0000-0000-0000-000000092090,OTHERS,551.9817987336081,4007.079309106746,MIA,25.810676083590856,-80.19081905300803,Miami
315973426.2759055,00000000-0000-0000-0000-000000000000,AV,558.8329771536188,3991.98029120168,MIA,25.81053937123026,-80.19075163672099,Miami
315973426.2759055,00000000-0000-0000-0000-000000090973,OTHERS,515.9291710754719,4002.191764770067,MIA,25.810633954386578,-80.19117898860799,Miami
315973426.2759055,00000000-0000-0000-0000-000000092244,OTHERS,547.0147951848529,3962.2738216009448,MIA,25.81027180200265,-80.19087134868504,Miami
315973426.2759055,00000000-0000-0000-0000-000000092085,OTHERS,552.0184073479996,3973.2957780611255,MIA,25.81037104355829,-80.19082076019649,Miami
315973426.2759055,00000000-0000-0000-0000-000000091449,OTHERS,596.7598164746225,3999.243215666837,MIA,25.810602843020217,-80.19037285968166,Miami
315973426.2759055,00000000-0000-0000-0000-000000092208,OTHERS,569.7813853600819,3942.985014887834,MIA,25.810096375464347,-80.19064542928113,Miami
315973426.2759055,00000000-0000-0000-0000-000000092010,OTHERS,550.178578645921,3963.4903570243823,MIA,25.81028261067687,-80.19083971446933,Miami
315973426.2759055,00000000-0000-0000-0000-000000092235,OTHERS,555.9959283550112,3979.168214379103,MIA,25.810423846061436,-80.19078072307377,Miami
315973426.2759055,00000000-0000-0000-0000-000000092210,OTHERS,509.2886499610726,4021.7709919323374,MIA,25.8108111075435,-80.1912440293824,Miami
315973426.2759055,00000000-0000-0000-0000-000000092207,OTHERS,564.6890201381634,3942.794946204052,MIA,25.810094942096974,-80.19069623858083,Miami
315973426.2759055,00000000-0000-0000-0000-000000092238,OTHERS,547.2420950541682,3968.1690812712736,MIA,25.81032501881858,-80.19086871970245,Miami
315973426.2759055,00000000-0000-0000-0000-000000092201,OTHERS,545.5541681889831,4021.187504588345,MIA,25.81080382607961,-80.19088230519843,Miami
315973426.2759055,00000000-0000-0000-0000-000000092117,OTHERS,569.6741271820144,4005.473304150813,MIA,25.81066060019081,-80.19064266520814,Miami
315973426.2759055,00000000-0000-0000-0000-000000092245,OTHERS,546.6651506982658,3960.997146898097,MIA,25.81026029407305,-80.19087491479141,Miami
315973426.2759055,00000000-0000-0000-0000-000000092120,OTHERS,607.4731886152017,3944.472908752433,MIA,25.810107716215,-80.19026935264507,Miami
315973426.2759055,00000000-0000-0000-0000-000000091848,OTHERS,552.4846748923088,3980.195354991488,MIA,25.81043331527724,-80.19081568581032,Miami
315973426.2759055,00000000-0000-0000-0000-000000092224,OTHERS,503.6211021393451,3995.890592018951,MIA,25.810577742928142,-80.19130215160054,Miami
315973426.2759055,00000000-0000-0000-0000-000000092255,OTHERS,544.962945083616,3951.056726294366,MIA,25.810170634604038,-80.19089250445832,Miami
315973426.2759055,00000000-0000-0000-0000-000000092080,OTHERS,547.4846798678489,3974.671592460852,MIA,25.810383717776343,-80.1908659009972,Miami
315973426.2759055,00000000-0000-0000-0000-000000092246,OTHERS,648.3426094487091,3998.841733682105,MIA,25.8105963513473,-80.18985833074373,Miami
315973426.2759055,00000000-0000-0000-0000-000000092181,OTHERS,508.9352096853697,4017.217655217995,MIA,25.810770014202163,-80.19124783422997,Miami
315973426.2759055,00000000-0000-0000-0000-000000092094,OTHERS,552.1229451087976,4019.09365033044,MIA,25.810784555548345,-80.19081690802987,Miami
315973426.2759055,00000000-0000-0000-0000-000000092192,OTHERS,559.0013544797026,3942.532312970509,MIA,25.810092886568697,-80.1907529906047,Miami
315973426.2759055,00000000-0000-0000-0000-000000092156,OTHERS,595.1270214764145,4007.229115367423,MIA,25.810675039945565,-80.19038865715592,Miami
315973426.2759055,00000000-0000-0000-0000-000000092090,OTHERS,552.1519415367728,4007.517964823768,MIA,25.81068003485042,-80.1908173288734,Miami
315973426.2759055,00000000-0000-0000-0000-000000092001,OTHERS,524.9169733345435,3989.638015087353,MIA,25.81052010530684,-80.19109010240376,Miami
315973426.2759055,00000000-0000-0000-0000-000000092082,OTHERS,544.6332617230614,4014.592214688673,MIA,25.810744327068797,-80.19089189607071,Miami
315973426.2759055,00000000-0000-0000-0000-000000091534,OTHERS,613.0076837300714,3999.2321255957263,MIA,25.810601840137927,-80.19021078307927,Miami
315973426.2759055,00000000-0000-0000-0000-000000092063,OTHERS,559.187369926733,4012.830873425577,MIA,25.810727615462188,-80.19074682239977,Miami
315973426.2759055,00000000-0000-0000-0000-000000091973,AGENT,566.5346747690768,3995.631168611121,MIA,25.810571908012843,-80.19067458604646,Miami
315973426.2759055,00000000-0000-0000-0000-000000091968,OTHERS,542.4653128252147,3991.117960588933,MIA,25.81053249387497,-80.19091496184302,Miami
315973426.2759055,00000000-0000-0000-0000-000000091865,OTHERS,583.6937778892642,3992.845035747842,MIA,25.810545798459255,-80.19050358992354,Miami
315973426.40929395,00000000-0000-0000-0000-000000000000,AV,560.0787111772158,3992.0338613080976,MIA,25.81053978574972,-80.19073920687426,Miami
315973426.40929395,00000000-0000-0000-0000-000000090973,OTHERS,515.9983558800113,4002.756331957021,MIA,25.810639048132906,-80.19117826385188,Miami
315973426.40929395,00000000-0000-0000-0000-000000092244,OTHERS,546.5678997649669,3960.425486664775,MIA,25.81025513784199,-80.19087591995988,Miami
315973426.40929395,00000000-0000-0000-0000-000000092085,OTHERS,551.9138748232466,3973.201871076835,MIA,25.81037020145813,-80.1908218086979,Miami
315973426.40929395,00000000-0000-0000-0000-000000091449,OTHERS,597.5150292943985,3999.379057878659,MIA,25.810604027609138,-80.19036531787253,Miami
315973426.40929395,00000000-0000-0000-0000-000000091534,OTHERS,613.760823601592,3999.3461350394414,MIA,25.81060282770136,-80.19020326328742,Miami
315973426.40929395,00000000-0000-0000-0000-000000091865,OTHERS,584.6623009671101,3992.851531728106,MIA,25.810545803314447,-80.19049392822474,Miami
315973426.40929395,00000000-0000-0000-0000-000000092010,OTHERS,550.2080184936103,3963.520956378008,MIA,25.810282885329748,-80.19083941892191,Miami
315973426.40929395,00000000-0000-0000-0000-000000092235,OTHERS,555.9334233594338,3978.511971709922,MIA,25.810417924190848,-80.19078138683611,Miami
315973426.40929395,00000000-0000-0000-0000-000000092210,OTHERS,510.08099142071376,4021.805818298125,MIA,25.810811378025402,-80.19123612339094,Miami
315973426.40929395,00000000-0000-0000-0000-000000092249,OTHERS,565.063032476487,4010.250713067815,MIA,25.81070399241182,-80.19068836916054,Miami
315973426.40929395,00000000-0000-0000-0000-000000091848,OTHERS,552.504168194155,3980.170624759837,MIA,25.810433090900855,-80.19081549287614,Miami
315973426.40929395,00000000-0000-0000-0000-000000092224,OTHERS,503.6211021393451,3995.890592018951,MIA,25.810577742928142,-80.19130215160054,Miami
315973426.40929395,00000000-0000-0000-0000-000000092246,OTHERS,648.3434067074909,3998.867905369557,MIA,25.810596587612125,-80.18985832118348,Miami
315973426.40929395,00000000-0000-0000-0000-000000092181,OTHERS,508.8956108319617,4017.120049384999,MIA,25.81076913509783,-80.19124823522519,Miami
315973426.40929395,00000000-0000-0000-0000-000000092094,OTHERS,552.0079024676428,4018.882351748517,MIA,25.810782654080658,-80.19081806857795,Miami
315973426.40929395,00000000-0000-0000-0000-000000092255,OTHERS,544.817825462067,3951.248947613361,MIA,25.810172378264294,-80.19089394027435,Miami
315973426.40929395,00000000-0000-0000-0000-000000092080,OTHERS,547.4729619009654,3974.958512493482,MIA,25.81038630908317,-80.19086600028788,Miami
315973426.40929395,00000000-0000-0000-0000-000000092245,OTHERS,546.7988443350123,3961.961828853191,MIA,25.81026899694968,-80.19087352198996,Miami
315973426.40929395,00000000-0000-0000-0000-000000092238,OTHERS,547.2899982182636,3968.201656305151,MIA,25.81032531028522,-80.19086823985715,Miami
315973426.40929395,00000000-0000-0000-0000-000000092156,OTHERS,594.5495554776633,4007.2470642109975,MIA,25.81067523408983,-80.19039441645215,Miami
315973426.40929395,00000000-0000-0000-0000-000000092120,OTHERS,607.3968023865124,3944.4728422213134,MIA,25.81010771985841,-80.19027011462123,Miami
315973426.40929395,00000000-0000-0000-0000-000000092208,OTHERS,569.7813853600819,3942.985014887834,MIA,25.810096375464347,-80.19064542928113,Miami
315973426.40929395,00000000-0000-0000-0000-000000092207,OTHERS,564.557443547842,3942.820285012259,MIA,25.8100951781927,-80.19069754953624,Miami
315973426.40929395,00000000-0000-0000-0000-000000092201,OTHERS,545.4712523610824,4021.315257914877,MIA,25.810804984192508,-80.19088312447366,Miami
315973426.40929395,00000000-0000-0000-0000-000000092117,OTHERS,569.3943302736659,4005.490091809405,MIA,25.81066076730887,-80.19064545523668,Miami
315973426.40929395,00000000-0000-0000-0000-000000092192,OTHERS,559.0771830011872,3942.4597228088905,MIA,25.810092226927498,-80.19075223864907,Miami
315973426.40929395,00000000-0000-0000-0000-000000092090,OTHERS,552.2525752112032,4007.829779731035,MIA,25.81068284469944,-80.19081630589416,Miami
315973426.40929395,00000000-0000-0000-0000-000000092001,OTHERS,525.4586150854514,3989.462829770953,MIA,25.81051849346031,-80.19108471011252,Miami
315973426.40929395,00000000-0000-0000-0000-000000092082,OTHERS,544.7722723270007,4014.176099279005,MIA,25.810740562164884,-80.19089053492058,Miami
315973426.40929395,00000000-0000-0000-0000-000000092063,OTHERS,559.0012336608231,4013.255493082544,MIA,25.81073145977071,-80.19074865311646,Miami
315973426.40929395,00000000-0000-0000-0000-000000091973,AGENT,567.7010276325652,3995.657791163935,MIA,25.810572083619473,-80.19066294970003,Miami
315973426.40929395,00000000-0000-0000-0000-000000091968,OTHERS,543.2648481959912,3991.164509056255,MIA,25.810532869781124,-80.19090698338948,Miami
