uid,name,cat_L1,cat_L2,province,city,area,address,street_id,detail,child_num,loc_lng,loc_lat,telephone,type,detail_url,price,shop_hours,overall_rating,taste_rating,service_rating,environment_rating,facility_rating,hygiene_rating,technology_rating,image_num,comment_num,groupon_num,discount_num,favorite_num,checkin_num,brand,content_tag,naviloc_lng,naviloc_lat,child_num
88f63dc01f052d3f28201ae0,赛维轮胎,汽车服务,汽车配件,浙江省,宁波市,奉化区,宁波市奉化区甬临线莼湖街道下陈小学北侧约230米,88f63dc01f052d3f28201ae0,1,0,121.441597,29.530816,,life,http://api.map.baidu.com/place/detail?uid=88f63dc01f052d3f28201ae0&output=html&source=placeapi_v2,,,,,,,,,,1,,,,,,,,,,0
caab65fa8e7d82888c1a893b,奉化市奇佩汽车零部件有限公司,汽车服务,汽车配件,浙江省,宁波市,奉化区,浙江省宁波市奉化区尹家路5号,,1,0,121.531655,29.556715,(0574)88090586,life,http://api.map.baidu.com/place/detail?uid=caab65fa8e7d82888c1a893b&output=html&source=placeapi_v2,,09:00-18:30,,,,,,,,,,,,,,,,,,0
a4622b2f93cdf699dbeced31,宁波市奉化兴益汽配有限公司,汽车服务,汽车配件,浙江省,宁波市,奉化区,镇西路西150米,,1,0,121.412656,29.60631,,life,http://api.map.baidu.com/place/detail?uid=a4622b2f93cdf699dbeced31&output=html&source=placeapi_v2,,08:00-18:00,,,,,,,,,,,,,,,,,,0
d3e77d9f618da9c8077ce80c,宁波林凯汽车配件有限公司,汽车服务,汽车配件,浙江省,宁波市,奉化区,浙江省宁波市奉化区莼湖街道杨家开发区哈比特鞋业以南白莼线西,,1,0,121.52866,29.592245,,life,http://api.map.baidu.com/place/detail?uid=d3e77d9f618da9c8077ce80c&output=html&source=placeapi_v2,,,,,,,,,,1,,,,,,,,121.52884025771,29.592230216166,0
c8f0ef83c73f9516ad080fb1,嘉实多润滑油,汽车服务,汽车配件,浙江省,宁波市,奉化区,宁波市奉化区银河路芦溪家苑东侧约260米,,1,0,121.622856,29.605346,,life,http://api.map.baidu.com/place/detail?uid=c8f0ef83c73f9516ad080fb1&output=html&source=placeapi_v2,,,,,,,,,,,,,,,,,,121.62275167047,29.60569365423,0
7bcf0289a750f9ed7369d337,胎补轮胎,汽车服务,汽车配件,浙江省,宁波市,奉化区,宁波市奉化区新街路与振兴路交叉路口往东约240米,,1,0,121.700775,29.608281,13185975398,life,http://api.map.baidu.com/place/detail?uid=7bcf0289a750f9ed7369d337&output=html&source=placeapi_v2,,,,,,,,,,1,,,,,,,,,,0
3c2982aecebb4857f82d617f,科欣汽车配件厂,汽车服务,汽车配件,浙江省,宁波市,象山县,浙江省宁波市象山县泰和路224号,,1,0,121.859887,29.598354,,life,http://api.map.baidu.com/place/detail?uid=3c2982aecebb4857f82d617f&output=html&source=placeapi_v2,,,,,,,,,,,,,,,,,,,,0
49f9864e8ccfb19b0aa8d4c5,回力轮胎,汽车服务,汽车配件,浙江省,宁波市,象山县,宁波市象山县汤鲁线中石化碧辟象山贤庠加油站(贤庠村站)西北侧约50米,,1,0,121.849521,29.59255,,life,http://api.map.baidu.com/place/detail?uid=49f9864e8ccfb19b0aa8d4c5&output=html&source=placeapi_v2,,,,,,,,,,,,,,,,,,,,0
89fc3ea515f5ffc41ce99967,三达盛润滑油经营部,汽车服务,汽车配件,浙江省,宁波市,奉化区,浙江省宁波市奉化区上方路31号,,1,0,121.421345,29.625047,15080313011,life,http://api.map.baidu.com/place/detail?uid=89fc3ea515f5ffc41ce99967&output=html&source=placeapi_v2,,07:00-21:30,,,,,,,,4,,,,,,,,121.42114846203,29.624897564776,0
d9e848bcc87849ce3517dc6d,奉化市华孚特汽车零部件有限公司,汽车服务,汽车配件,浙江省,宁波市,奉化区,浙江省宁波市奉化区尚兴路5-1号,,1,0,121.422607,29.619826,(0574)88615777,life,http://api.map.baidu.com/place/detail?uid=d9e848bcc87849ce3517dc6d&output=html&source=placeapi_v2,,09:00-18:30,,,,,,,,4,,,,,,,,,,0
64f9f18a2a50122a704b873d,宁波尚润禾汽车配件有限公司,汽车服务,汽车配件,浙江省,宁波市,奉化区,浙江省宁波市奉化区甬临线西9号,,1,0,121.423429,29.622473,(0574)88631680,life,http://api.map.baidu.com/place/detail?uid=64f9f18a2a50122a704b873d&output=html&source=placeapi_v2,,08:00-17:00,,,,,,,,4,,,,,,,,,,0
14555a20f9ecf36b41d63ec5,宁波市威宏明实汽车零部件有限公司,汽车服务,汽车配件,浙江省,宁波市,奉化区,浙江省宁波市奉化区后潭路100号,,1,0,121.438569,29.62414,,life,http://api.map.baidu.com/place/detail?uid=14555a20f9ecf36b41d63ec5&output=html&source=placeapi_v2,,,,,,,,,,,,,,,,,,,,0
41c370c7439907ecfa0cad6f,东成配件,汽车服务,汽车配件,浙江省,宁波市,奉化区,浙江省宁波市奉化区南山路37号,41c370c7439907ecfa0cad6f,1,0,121.417386,29.662995,13655788755,life,http://api.map.baidu.com/place/detail?uid=41c370c7439907ecfa0cad6f&output=html&source=placeapi_v2,,,,,,,,,,,,,,,,,,,,0
daafe2fd8f3309a3ece4a5c9,福耀汽车玻璃(奉化店),汽车服务,汽车配件,浙江省,宁波市,奉化区,宁波市奉化区新丰路龙津尚都南侧约90米,daafe2fd8f3309a3ece4a5c9,1,0,121.422999,29.658857,"(0574)88927594,13805830343",life,http://api.map.baidu.com/place/detail?uid=daafe2fd8f3309a3ece4a5c9&output=html&source=placeapi_v2,,,,,,,,,,9,,,,,,,,121.42283340739,29.658964381921,0
47aafa4a13d37183b34c4971,老王电瓶店,汽车服务,汽车配件,浙江省,宁波市,奉化区,宁波市奉化区官亭路滨江家苑北侧,47aafa4a13d37183b34c4971,1,0,121.423203,29.675011,,life,http://api.map.baidu.com/place/detail?uid=47aafa4a13d37183b34c4971&output=html&source=placeapi_v2,,,,,,,,,,,,,,,,,,121.42321006509,29.67509253825,0
a43b9d00d3412232873304d7,韩泰轮胎(广济路店),汽车服务,汽车配件,浙江省,宁波市,奉化区,浙江省宁波市奉化区大成路205-1号,a43b9d00d3412232873304d7,1,0,121.417757,29.677317,13336874855,life,http://api.map.baidu.com/place/detail?uid=a43b9d00d3412232873304d7&output=html&source=placeapi_v2,,08:30-19:00,,,,,,,,6,,,,,,,,121.41780417123,29.677446844822,0
b76d8cd522182a1497031968,利奥轮胎店,汽车服务,汽车配件,浙江省,宁波市,奉化区,浙江省宁波市奉化区金钟路209号,b76d8cd522182a1497031968,1,0,121.435353,29.664526,15867348861,life,http://api.map.baidu.com/place/detail?uid=b76d8cd522182a1497031968&output=html&source=placeapi_v2,,08:00-18:30,,,,,,,,4,,,,,,,,,,0
4516d4a3de5734257ab55c6f,博速汽配商行,汽车服务,汽车配件,浙江省,宁波市,奉化区,浙江省宁波市奉化区岳林东路221幢-1号221幢4号,4516d4a3de5734257ab55c6f,1,0,121.436437,29.665411,(0574)88935251,life,http://api.map.baidu.com/place/detail?uid=4516d4a3de5734257ab55c6f&output=html&source=placeapi_v2,,00:00-24:00,,,,,,,,5,,,,,,,,121.43643372855,29.665373957532,0
a6e3c84c01e9b8ff0b69d963,邓禄普轮胎(大成路店),汽车服务,汽车配件,浙江省,宁波市,奉化区,宁波市奉化区大成路太平洋大酒店(南山路店)东北侧约50米,a6e3c84c01e9b8ff0b69d963,1,0,121.420824,29.677253,,life,http://api.map.baidu.com/place/detail?uid=a6e3c84c01e9b8ff0b69d963&output=html&source=placeapi_v2,,,,,,,,,,,,,,,,,,,,0
df58bac8aa4a27ae0e3dda61,金钟汽车电瓶总汇,汽车服务,汽车配件,浙江省,宁波市,奉化区,金钟路209号,df58bac8aa4a27ae0e3dda61,1,0,121.435354,29.664577,"(0574)88950684,15258390155",life,http://api.map.baidu.com/place/detail?uid=df58bac8aa4a27ae0e3dda61&output=html&source=placeapi_v2,,07:30-18:00,,,,,,,,4,,,,,,,,121.43537321961,29.664700876139,0
1ac873bcfa13eb5f4154d737,艺新汽车真皮座椅,汽车服务,汽车配件,浙江省,宁波市,奉化区,浙江省宁波市奉化区金辉路4~6号,1ac873bcfa13eb5f4154d737,1,0,121.437411,29.663956,,life,http://api.map.baidu.com/place/detail?uid=1ac873bcfa13eb5f4154d737&output=html&source=placeapi_v2,,,0,,,,,,,6,1,,,,,,,121.43739910964,29.663850646991,0
ac87cee5372a2e8815c9056b,益辉轮胎店,汽车服务,汽车配件,浙江省,宁波市,奉化区,宁波市奉化区龙潭加油站旁,ac87cee5372a2e8815c9056b,1,0,121.421756,29.647375,(0574)66786891,life,http://api.map.baidu.com/place/detail?uid=ac87cee5372a2e8815c9056b&output=html&source=placeapi_v2,,08:00-18:30,,,,,,,,3,,,,,,,,121.4215800628,29.647428221295,0
692760682ac7f645e856fa6c,小鲍轮胎店,汽车服务,汽车配件,浙江省,宁波市,奉化区,浙江省宁波市奉化区龙潭路,692760682ac7f645e856fa6c,1,0,121.422359,29.648818,,life,http://api.map.baidu.com/place/detail?uid=692760682ac7f645e856fa6c&output=html&source=placeapi_v2,,,,,,,,,,5,,,,,,,,121.42215704083,29.648878427875,0
45837754669475246140a995,锡军电瓶店,汽车服务,汽车配件,浙江省,宁波市,奉化区,宁波市奉化区龙潭路,45837754669475246140a995,1,0,121.422286,29.648634,,life,http://api.map.baidu.com/place/detail?uid=45837754669475246140a995&output=html&source=placeapi_v2,,,,,,,,,,8,,,,,,,,,,0
7254bf97260b86f9a204640c,骆驼电瓶,汽车服务,汽车配件,浙江省,宁波市,奉化区,浙江省宁波市奉化区岳林街道龙潭加油站傍,7254bf97260b86f9a204640c,1,0,121.421787,29.647406,13506696068,life,http://api.map.baidu.com/place/detail?uid=7254bf97260b86f9a204640c&output=html&source=placeapi_v2,,07:30-20:00,,,,,,,,3,,,,,,,,121.42159440245,29.647464714284,0
4edec475a84efa574c6d4602,跃进江淮汽配,汽车服务,汽车配件,浙江省,宁波市,奉化区,浙江省宁波市奉化区龙潭路,4edec475a84efa574c6d4602,1,0,121.421796,29.64742,13336888181,life,http://api.map.baidu.com/place/detail?uid=4edec475a84efa574c6d4602&output=html&source=placeapi_v2,,,,,,,,,,3,,,,,,,,121.42160083791,29.647479883366,0
c34b59fe63c4ca2c9703197d,车众保乐换商城,汽车服务,汽车配件,浙江省,宁波市,奉化区,宁波市奉化区南大路锦溪花苑,c34b59fe63c4ca2c9703197d,1,0,121.411228,29.646172,13003776766,life,http://api.map.baidu.com/place/detail?uid=c34b59fe63c4ca2c9703197d&output=html&source=placeapi_v2,,,,,,,,,,4,,,,,,,,121.41134235967,29.646227668569,0
496b94617ff812d0b45f1ec1,路航轮胎店,汽车服务,汽车配件,浙江省,宁波市,奉化区,浙江省宁波市奉化区圆峰路29号,,1,0,121.449179,29.661161,15869328911,life,http://api.map.baidu.com/place/detail?uid=496b94617ff812d0b45f1ec1&output=html&source=placeapi_v2,,00:00-24:00,,,,,,,,7,,,,,,,,,,0
bb3accf936a4448f601c6766,挖机配件,汽车服务,汽车配件,浙江省,宁波市,奉化区,浙江省宁波市奉化区中山东路977号,bb3accf936a4448f601c6766,1,0,121.447501,29.671741,18668898868,life,http://api.map.baidu.com/place/detail?uid=bb3accf936a4448f601c6766&output=html&source=placeapi_v2,,,,,,,,,,6,,,,,,,,,,0
f5e6a37a733bccee82288a2d,宁波奉化区一路发轮胎店,汽车服务,汽车配件,浙江省,宁波市,奉化区,浙江省宁波市奉化区瑞峰路48号,f5e6a37a733bccee82288a2d,1,0,121.44313,29.663688,13335747561,life,http://api.map.baidu.com/place/detail?uid=f5e6a37a733bccee82288a2d&output=html&source=placeapi_v2,,07:00-19:00,,,,,,,,3,,,,,,,,,,0
4f0ec1c9a25da73a734b87ae,贵德电瓶,汽车服务,汽车配件,浙江省,宁波市,奉化区,浙江省宁波市奉化区天峰南路金海家园,,1,0,121.445613,29.657837,"(0574)66625044,18969805044",life,http://api.map.baidu.com/place/detail?uid=4f0ec1c9a25da73a734b87ae&output=html&source=placeapi_v2,,,,,,,,,,5,,,,,,,,,,0
47f76249d0adb8054bcc4a99,奉化市武灵挖机配件店,汽车服务,汽车配件,浙江省,宁波市,奉化区,浙江省宁波市奉化区金海路229号-231,47f76249d0adb8054bcc4a99,1,0,121.440706,29.660869,"(0574)88910997,13906608870",life,http://api.map.baidu.com/place/detail?uid=47f76249d0adb8054bcc4a99&output=html&source=placeapi_v2,,05:30-19:00,,,,,,,,8,,,,,,,,121.44068374846,29.660677446676,0
47a075a371c0168ac8213dab,聚械宝挖机配件(奉化分店),汽车服务,汽车配件,浙江省,宁波市,奉化区,浙江省宁波市奉化区中山东路977号,47a075a371c0168ac8213dab,1,0,121.447381,29.671722,18668898868,life,http://api.map.baidu.com/place/detail?uid=47a075a371c0168ac8213dab&output=html&source=placeapi_v2,,,,,,,,,,,,,,,,,,,,0
6835e3a7d86ebb4fe3110367,宁波市鄞州横溪兴达汽配厂,汽车服务,汽车配件,浙江省,宁波市,鄞州区,浙江省宁波市鄞州区里大岙南小区283号,,1,0,121.593782,29.6717,,life,http://api.map.baidu.com/place/detail?uid=6835e3a7d86ebb4fe3110367&output=html&source=placeapi_v2,,08:00-17:00,,,,,,,,1,,,,,,,,121.59360074221,29.6716621305,0
54449b85d249686c38221c83,顺达配件,汽车服务,汽车配件,浙江省,宁波市,鄞州区,浙江省宁波市鄞州区塘溪镇施村塘洪线,,1,0,121.715522,29.663114,,life,http://api.map.baidu.com/place/detail?uid=54449b85d249686c38221c83&output=html&source=placeapi_v2,,,,,,,,,,2,1,,,,,,,121.71542893543,29.663118209158,0
f55aaf3ed933b9ba8a36ee34,塘溪明顺润滑油商行,汽车服务,汽车配件,浙江省,宁波市,鄞州区,宁波市鄞州区塘头街繁荣小区西侧约50米,,1,0,121.719044,29.667809,13884452290,life,http://api.map.baidu.com/place/detail?uid=f55aaf3ed933b9ba8a36ee34&output=html&source=placeapi_v2,,07:00-18:00,,,,,,,,1,,,,,,,,121.71916535455,29.667815737966,0
3c0ea7c5bd71a2e1fbf0cb0e,铮琳汽配,汽车服务,汽车配件,浙江省,宁波市,鄞州区,邹溪大桥南290米,3c0ea7c5bd71a2e1fbf0cb0e,1,0,121.729995,29.667309,,life,http://api.map.baidu.com/place/detail?uid=3c0ea7c5bd71a2e1fbf0cb0e&output=html&source=placeapi_v2,,,,,,,,,,,,,,,,,,121.7297863862,29.667463349794,0
a80f422e4ba54a130b69d98a,汽车钥匙,汽车服务,汽车配件,浙江省,宁波市,奉化区,宁波市奉化区中兴东路阳明山庄东侧,a80f422e4ba54a130b69d98a,1,0,121.293826,29.696973,"(0574)88865561,13336663155",life,http://api.map.baidu.com/place/detail?uid=a80f422e4ba54a130b69d98a&output=html&source=placeapi_v2,,,,,,,,,,1,,,,,,,,121.29377959768,29.697031389757,0
3afbc2e033e5338688db736c,顺通轮胎行,汽车服务,汽车配件,浙江省,宁波市,奉化区,宁波市奉化区桃源路宁波君璞国际酒店南侧约130米,3afbc2e033e5338688db736c,1,0,121.29451,29.692559,13065670335,life,http://api.map.baidu.com/place/detail?uid=3afbc2e033e5338688db736c&output=html&source=placeapi_v2,,07:00-17:00,,,,,,,,4,,,,,,,,121.29442212148,29.69238379243,0
ed1dc8d0dfdadb721c389426,奉化溪口全顺汽车轮胎店,汽车服务,汽车配件,浙江省,宁波市,奉化区,浙江省宁波市奉化区应梦路1号,ed1dc8d0dfdadb721c389426,1,0,121.293439,29.694516,15968434778,life,http://api.map.baidu.com/place/detail?uid=ed1dc8d0dfdadb721c389426&output=html&source=placeapi_v2,,,0,,,,,,,3,0,,,,,,,121.29342527904,29.694583860178,0
c11ffc603c5e5297f942b2f5,路航轮胎,汽车服务,汽车配件,浙江省,宁波市,奉化区,浙江省宁波市奉化区圆峰路29号4楼,,1,0,121.296674,29.691578,18969809005,life,http://api.map.baidu.com/place/detail?uid=c11ffc603c5e5297f942b2f5&output=html&source=placeapi_v2,,,,,,,,,,,,,,,,,,,,0
39bac0301f1ca5e14bcc4a16,汽车电器,汽车服务,汽车配件,浙江省,宁波市,奉化区,宁波市奉化区百丈东路泰悦首府东南侧,39bac0301f1ca5e14bcc4a16,1,0,121.302057,29.692099,13586749933,life,http://api.map.baidu.com/place/detail?uid=39bac0301f1ca5e14bcc4a16&output=html&source=placeapi_v2,,08:00-17:30,,,,,,,,,,,,,,,,,,0
3749d535d1118ede2811d129,宁波广禾汽配科技有限公司,汽车服务,汽车配件,浙江省,宁波市,奉化区,浙江省宁波市奉化区元康路3号,,1,0,121.323586,29.706464,(0574)88880178,life,http://api.map.baidu.com/place/detail?uid=3749d535d1118ede2811d129&output=html&source=placeapi_v2,,,,,,,,,,1,,,,,,,,121.32364197044,29.706355936732,0
6a118f9d539131b1f1193730,杰成轮胎专营,汽车服务,汽车配件,浙江省,宁波市,奉化区,宁波市奉化区溪口镇中兴东路畸山小区18号(今日食品公司对面),6a118f9d539131b1f1193730,1,0,121.319173,29.703822,13586659932,life,http://api.map.baidu.com/place/detail?uid=6a118f9d539131b1f1193730&output=html&source=placeapi_v2,,07:30-17:30,,,,,,,,3,,,,,,,,121.31917679109,29.703999764854,0
1e0d3ad1df2a92969900501b,倍耐力力轮胎,汽车服务,汽车配件,浙江省,宁波市,奉化区,宁波市奉化区南山路与汇泉路交叉路口往南约70米,,1,0,121.419123,29.700093,13566315666,life,http://api.map.baidu.com/place/detail?uid=1e0d3ad1df2a92969900501b&output=html&source=placeapi_v2,,10:00-22:00,,,,,,,,8,,,,,,,,121.41944890304,29.700149117617,0
056997b0ada2d7c22ce67bb4,宁波沃隆汽车部件有限公司,汽车服务,汽车配件,浙江省,宁波市,奉化区,浙江省宁波市奉化区江口街道东江路108号,056997b0ada2d7c22ce67bb4,1,0,121.425478,29.702275,,life,http://api.map.baidu.com/place/detail?uid=056997b0ada2d7c22ce67bb4&output=html&source=placeapi_v2,,08:00-19:00,,,,,,,,9,,,,,,,,121.42544296424,29.702132137032,0
22799cf4460f4e9d0bccddb3,骆驼电瓶,汽车服务,汽车配件,浙江省,宁波市,奉化区,浙江省宁波市奉化区南山北路12号,,1,0,121.419431,29.702711,15869516215,life,http://api.map.baidu.com/place/detail?uid=22799cf4460f4e9d0bccddb3&output=html&source=placeapi_v2,,,,,,,,,,5,,,,,,,,121.41907668477,29.702658847468,0
3e2ec98bca4036bab35c6ada,桥西轮胎,汽车服务,汽车配件,浙江省,宁波市,奉化区,浙江省宁波市奉化区桥西岸路901号,3e2ec98bca4036bab35c6ada,1,0,121.431275,29.686835,15888090763,life,http://api.map.baidu.com/place/detail?uid=3e2ec98bca4036bab35c6ada&output=html&source=placeapi_v2,,07:00-20:00,,,,,,,,6,,,,,,,,121.43119865198,29.686630997542,0
d2aeb435ee77544041d63ee7,海道客汽车部件有限公司,汽车服务,汽车配件,浙江省,宁波市,奉化区,浙江省宁波市奉化区江口街道汇明路158号,,1,0,121.433841,29.709123,,life,http://api.map.baidu.com/place/detail?uid=d2aeb435ee77544041d63ee7&output=html&source=placeapi_v2,,,,,,,,,,2,,,,,,,,121.43374711237,29.708956234203,0
f00d0db6146e5cf6d72ce227,万世达轮胎,汽车服务,汽车配件,浙江省,宁波市,奉化区,宁波市奉化区南山北路龙之梦宾馆南侧约80米,,1,0,121.417809,29.712481,,life,http://api.map.baidu.com/place/detail?uid=f00d0db6146e5cf6d72ce227&output=html&source=placeapi_v2,,,,,,,,,,3,,,,,,,,121.41768689835,29.712470757943,0
88898b380c78f8daae31e501,全诺轮胎,汽车服务,汽车配件,浙江省,宁波市,奉化区,宁波市奉化区广平路长汀弥勒(一苑)西北侧约120米,88898b380c78f8daae31e501,1,0,121.424203,29.684114,13486637112,life,http://api.map.baidu.com/place/detail?uid=88898b380c78f8daae31e501&output=html&source=placeapi_v2,,,,,,,,,,3,,,,,,,,,,0
4d0fe943bbc2d8239b005070,宁波奉化精远达汽车配件厂,汽车服务,汽车配件,浙江省,宁波市,奉化区,浙江省宁波市奉化区应家山7号,4d0fe943bbc2d8239b005070,1,0,121.407693,29.684651,,life,http://api.map.baidu.com/place/detail?uid=4d0fe943bbc2d8239b005070&output=html&source=placeapi_v2,,07:30-18:00,,,,,,,,,1,,,,,,,,,0
53e0d0608350d28a75e5b6cf,宁波纬拓汽车配件有限公司,汽车服务,汽车配件,浙江省,宁波市,奉化区,浙江省宁波市奉化区汇明路138号,,1,0,121.432718,29.709266,,life,http://api.map.baidu.com/place/detail?uid=53e0d0608350d28a75e5b6cf&output=html&source=placeapi_v2,,,,,,,,,,,,,,,,,,,,0
f77283027c3684e92ce67b76,宁波新之华汽车部件有限公司,汽车服务,汽车配件,浙江省,宁波市,奉化区,浙江省宁波市奉化区东畈路4号,f77283027c3684e92ce67b76,1,0,121.505229,29.686518,,life,http://api.map.baidu.com/place/detail?uid=f77283027c3684e92ce67b76&output=html&source=placeapi_v2,,,,,,,,,,3,,,,,,,,121.50510719502,29.686398635924,0
d6f7ec8a50a46339c056ac76,宁波奥酉汽车部件有限公司,汽车服务,汽车配件,浙江省,宁波市,奉化区,浙江省宁波市奉化区东畈路29号,,1,0,121.51319,29.687716,18958206060,life,http://api.map.baidu.com/place/detail?uid=d6f7ec8a50a46339c056ac76&output=html&source=placeapi_v2,,,,,,,,,,2,1,,,,,,,121.51290461261,29.687355912464,0
3be38c55914591efd0ff237b,用车配件电瓶马达,汽车服务,汽车配件,浙江省,宁波市,奉化区,浙江省宁波市奉化区福泉路与西坞南路交叉路口往西约120米,3be38c55914591efd0ff237b,1,0,121.50941,29.684603,13396649029,life,http://api.map.baidu.com/place/detail?uid=3be38c55914591efd0ff237b&output=html&source=placeapi_v2,,,,,,,,,,2,,,,,,,,,,0
de74f818c1f2891e2a3a9fb5,宁波奉化斯科汽车配件有限公司,汽车服务,汽车配件,浙江省,宁波市,奉化区,浙江省宁波市奉化区镇南东路48号,de74f818c1f2891e2a3a9fb5,1,0,121.510849,29.684598,,life,http://api.map.baidu.com/place/detail?uid=de74f818c1f2891e2a3a9fb5&output=html&source=placeapi_v2,,,,,,,,,,1,,,,,,,,121.51084670428,29.68478383842,0
db66c16c9b9445c53a04b189,波捷汽车配件厂,汽车服务,汽车配件,浙江省,宁波市,鄞州区,浙江省宁波市鄞州区塘溪镇甬台温复线高速公路基督教堂东,db66c16c9b9445c53a04b189,1,0,121.693643,29.700121,,life,http://api.map.baidu.com/place/detail?uid=db66c16c9b9445c53a04b189&output=html&source=placeapi_v2,,,,,,,,,,,,,,,,,,121.69340802508,29.700227104184,0
50fb64ff604e9020e9f8532c,宁波市鄞州元成汽配厂,汽车服务,汽车配件,浙江省,宁波市,鄞州区,浙江省宁波市鄞州区塘溪镇东方路宁波市鄞州元成汽配厂,50fb64ff604e9020e9f8532c,1,0,121.696016,29.690191,,life,http://api.map.baidu.com/place/detail?uid=50fb64ff604e9020e9f8532c&output=html&source=placeapi_v2,,,,,,,,,,,,,,,,,,121.69588180754,29.690026332903,0
29460f4908a6c24a9de3214d,鄞州塘溪龙华汽车配件厂,汽车服务,汽车配件,浙江省,宁波市,鄞州区,宁波市鄞州区甬莞高速小聪聪幼儿园(穿村段)南侧约150米,29460f4908a6c24a9de3214d,1,0,121.69075,29.698999,(0574)88397899,life,http://api.map.baidu.com/place/detail?uid=29460f4908a6c24a9de3214d&output=html&source=placeapi_v2,,,,,,,,,,1,,,,,,,,121.69001587256,29.699211084625,0
ba111a9c1355ec52c16c1421,宁波市鄞州云瑞汽配有限公司,汽车服务,汽车配件,浙江省,宁波市,鄞州区,浙江省宁波市鄞州区东山村409号,,1,0,121.688396,29.697995,,life,http://api.map.baidu.com/place/detail?uid=ba111a9c1355ec52c16c1421&output=html&source=placeapi_v2,,,5,,,,,,,1,1,,,,,,,121.68849061987,29.698058788365,0
25f3a96aa8aff14f0782c287,统力孚润滑油,汽车服务,汽车配件,浙江省,宁波市,鄞州区,宁波市鄞州区S215上城新村南侧约100米,25f3a96aa8aff14f0782c287,1,0,121.695106,29.690599,,life,http://api.map.baidu.com/place/detail?uid=25f3a96aa8aff14f0782c287&output=html&source=placeapi_v2,,,,,,,,,,,,,,,,,,121.69524495564,29.690701807419,0
dc30e01db28597c96ca3ccea,正益汽配,汽车服务,汽车配件,浙江省,宁波市,鄞州区,宁波市鄞州区塘溪镇里岙村180号,,1,0,121.692257,29.703057,,life,http://api.map.baidu.com/place/detail?uid=dc30e01db28597c96ca3ccea&output=html&source=placeapi_v2,,,,,,,,,,,,,,,,,,,,0
0ef6c63bf4376e661676432f,程哥汽车轮胎店,汽车服务,汽车配件,浙江省,宁波市,鄞州区,宁波市鄞州区215省道199-4号,,1,0,121.7018,29.68578,13967870632,life,http://api.map.baidu.com/place/detail?uid=0ef6c63bf4376e661676432f&output=html&source=placeapi_v2,,00:00-24:00,,,,,,,,,,,,,,,,,,0
b7e6810c779baaf245e27464,光军轮胎店,汽车服务,汽车配件,浙江省,宁波市,鄞州区,浙江省宁波市鄞州区S215,,1,0,121.685995,29.70018,13008906568,life,http://api.map.baidu.com/place/detail?uid=b7e6810c779baaf245e27464&output=html&source=placeapi_v2,,,0.0,,,,,,,1,1,,,,,,,,,0
bd786f75438049c2b11e36cb,邓禄普轮胎(咸祥店),汽车服务,汽车配件,浙江省,宁波市,鄞州区,浙江省宁波市鄞州区咸祥中路18号,,1,0,121.782701,29.69763,15825579775,life,http://api.map.baidu.com/place/detail?uid=bd786f75438049c2b11e36cb&output=html&source=placeapi_v2,,07:00-20:30,0,,,,,,,2,0,,,,,,,121.78279426246,29.697742335246,0
830070548bafa3574251c046,铲车配件,汽车服务,汽车配件,浙江省,宁波市,鄞州区,浙江省宁波市鄞州区咸祥中路22号,830070548bafa3574251c046,1,0,121.783022,29.697107,13757481678,life,http://api.map.baidu.com/place/detail?uid=830070548bafa3574251c046&output=html&source=placeapi_v2,,08:15-19:30,,,,,,,,3,,,,,,,,121.78312163553,29.697178024457,0
71aa86e19f90cace96f08c37,鄞州区咸祥丰通汽车配件店,汽车服务,汽车配件,浙江省,宁波市,鄞州区,浙江省宁波市鄞州区咸祥中路180-1号咸祥一号桥交管所对面,,1,0,121.782565,29.697872,(0574)88304236,life,http://api.map.baidu.com/place/detail?uid=71aa86e19f90cace96f08c37&output=html&source=placeapi_v2,,,,,,,,,,7,,,,,,,,121.78267417878,29.697946341495,0
4e5c7b39b6078ea49ef77958,万达宝通轮胎,汽车服务,汽车配件,浙江省,宁波市,鄞州区,宁波市鄞州区咸兴路金江花园,,1,0,121.792749,29.696108,,life,http://api.map.baidu.com/place/detail?uid=4e5c7b39b6078ea49ef77958&output=html&source=placeapi_v2,,,,,,,,,,1,,,,,,,,,,0
ee4743f87f305aac8e772775,红月轮胎店,汽车服务,汽车配件,浙江省,宁波市,鄞州区,宁波市鄞州区咸球路咸祥镇中学南侧约40米,ee4743f87f305aac8e772775,1,0,121.799215,29.692285,,life,http://api.map.baidu.com/place/detail?uid=ee4743f87f305aac8e772775&output=html&source=placeapi_v2,,,,,,,,,,1,,,,,,,,,,0
381f01ac7ca59ee92dfaa760,德荣汽配产业园,汽车服务,汽车配件,浙江省,宁波市,奉化区,浙江省宁波市奉化区江前路7号k栋,,1,0,121.418669,29.734738,,life,http://api.map.baidu.com/place/detail?uid=381f01ac7ca59ee92dfaa760&output=html&source=placeapi_v2,,,,,,,,,,,,,,,,,,121.41862322643,29.734804818901,0
17e0444675d599ce0b1cc724,时瑞汽配,汽车服务,汽车配件,浙江省,宁波市,鄞州区,浙江省宁波市鄞州区姜山镇同三村东李,,1,0,121.504814,29.725198,,life,http://api.map.baidu.com/place/detail?uid=17e0444675d599ce0b1cc724&output=html&source=placeapi_v2,,,,,,,,,,,1,,,,,,,,,0
ae3e831a64824b95d8ecedbd,环翔汽配,汽车服务,汽车配件,浙江省,宁波市,鄞州区,宁波市鄞州区振兴路虎啸周菜市场北侧约220米,,1,0,121.50937,29.74296,13306619780,life,http://api.map.baidu.com/place/detail?uid=ae3e831a64824b95d8ecedbd&output=html&source=placeapi_v2,,,,,,,,,,,,,,,,,,,,0
39d5f04dbeb77e6d902ca328,久骏挖机配件,汽车服务,汽车配件,浙江省,宁波市,鄞州区,宁波市鄞州区明辉路与文山路交叉路口往西约170米,,1,0,121.501075,29.750359,15557199777,life,http://api.map.baidu.com/place/detail?uid=39d5f04dbeb77e6d902ca328&output=html&source=placeapi_v2,,,,,,,,,,1,,,,,,,,,,0
2f16f4a4e3275a98d518b7b4,宁波震龙汽车部件有限公司,汽车服务,汽车配件,浙江省,宁波市,鄞州区,浙江省宁波市鄞州区明光南路6号,2f16f4a4e3275a98d518b7b4,1,0,121.513858,29.74591,(0574)88099522,life,http://api.map.baidu.com/place/detail?uid=2f16f4a4e3275a98d518b7b4&output=html&source=placeapi_v2,,,,,,,,,,,,,,,,,,,,0
15a387dfe672195a3586f4de,润佳,汽车服务,汽车配件,浙江省,宁波市,鄞州区,宁波市鄞州区规划四路与鄞城大道辅路交叉口东约40米,,1,0,121.538199,29.750249,,life,http://api.map.baidu.com/place/detail?uid=15a387dfe672195a3586f4de&output=html&source=placeapi_v2,,09:30-24:00,,,,,,,,,,,,,,,,121.53795942495,29.750052955978,0
80b1c6d02ac80d7e81288aa9,宁波市鄞州云龙兴达汽车配件厂,汽车服务,汽车配件,浙江省,宁波市,鄞州区,宁波市鄞州区姜陈线与鄞城大道交叉路口往东南约290米,,1,0,121.582273,29.740735,,life,http://api.map.baidu.com/place/detail?uid=80b1c6d02ac80d7e81288aa9&output=html&source=placeapi_v2,,,,,,,,,,2,,,,,,,,,,0
c4f85f8a0b034a0ff7eafcc5,豪惠汽车配件有限公司,汽车服务,汽车配件,浙江省,宁波市,鄞州区,浙江省宁波市鄞州区甲旺路322号,,1,0,121.577941,29.741502,,life,http://api.map.baidu.com/place/detail?uid=c4f85f8a0b034a0ff7eafcc5&output=html&source=placeapi_v2,,,,,,,,,,3,,,,,,,,,,0
0242ab5d845fb6e6b35c6a99,宁波新之华汽车部件有限公司,汽车服务,汽车配件,浙江省,宁波市,鄞州区,浙江省宁波市鄞州区南山路85号,,1,0,121.594159,29.73179,,life,http://api.map.baidu.com/place/detail?uid=0242ab5d845fb6e6b35c6a99&output=html&source=placeapi_v2,,,,,,,,,,,,,,,,,,121.59466074271,29.731723462636,0
fdf99799c8c1f818f7e73bc2,银球汽配,汽车服务,汽车配件,浙江省,宁波市,鄞州区,浙江省宁波市鄞州区奉郭线,,1,0,121.577192,29.719878,,life,http://api.map.baidu.com/place/detail?uid=fdf99799c8c1f818f7e73bc2&output=html&source=placeapi_v2,,,,,,,,,,,,,,,,,,121.57726514275,29.719734278901,0
fc55de0c2f35dcf07cc876ca,汇众汽配,汽车服务,汽车配件,浙江省,宁波市,鄞州区,宁波市鄞州区丰乐路与宁裘线交叉路口往北约230米,,1,0,121.595972,29.740534,,life,http://api.map.baidu.com/place/detail?uid=fc55de0c2f35dcf07cc876ca&output=html&source=placeapi_v2,,,,,,,,,,7,,,,,,,,,,0
08903d2a9b2e0e80b917e74e,好运轮胎店,汽车服务,汽车配件,浙江省,宁波市,鄞州区,宁波市鄞州区环镇东路鄞州横溪镇中心初级中学西侧,,1,0,121.609576,29.726502,,life,http://api.map.baidu.com/place/detail?uid=08903d2a9b2e0e80b917e74e&output=html&source=placeapi_v2,,,,,,,,,,1,,,,,,,,121.60948571748,29.726445140981,0
34ae9f73f8a1fc1d8b2fb565,横溪伟芳汽配店,汽车服务,汽车配件,浙江省,宁波市,鄞州区,浙江省宁波市鄞州区环镇东路94-1号,,1,0,121.604392,29.730748,"(0574)88069033,13605884815",life,http://api.map.baidu.com/place/detail?uid=34ae9f73f8a1fc1d8b2fb565&output=html&source=placeapi_v2,,,,,,,,,,1,,,,,,,,121.60435408887,29.730585156297,0
383c7f0132e1af10eddfcab7,嘉实多润滑油(金溪路),汽车服务,汽车配件,浙江省,宁波市,鄞州区,浙江省宁波市鄞州区金溪路57-61号附近,,1,0,121.603551,29.736703,,life,http://api.map.baidu.com/place/detail?uid=383c7f0132e1af10eddfcab7&output=html&source=placeapi_v2,,08:00-19:00,,,,,,,,1,,,,,,,,121.60380180974,29.736684747578,0
14dd8477dbb594c7b04c4960,汽车电瓶,汽车服务,汽车配件,浙江省,宁波市,鄞州区,浙江省宁波市鄞州区丰乐路185号,,1,0,121.603416,29.73862,15757870554,life,http://api.map.baidu.com/place/detail?uid=14dd8477dbb594c7b04c4960&output=html&source=placeapi_v2,,,,,,,,,,,,,,,,,,,,0
25e347e90e52c76fa8f0cd8e,宁波嘉天汽车管件有限公司,汽车服务,汽车配件,浙江省,宁波市,鄞州区,宁波市鄞州区瞻岐镇大方路珠山寺水库东南450米,,1,0,121.791236,29.720067,13906686623,life,http://api.map.baidu.com/place/detail?uid=25e347e90e52c76fa8f0cd8e&output=html&source=placeapi_v2,,09:00-18:00,,,,,,,,,,,,,,,,121.79133334174,29.720154950521,0
139202055a12c66053e5c5b5,宁波市鄞州鸿华汽车配件有限公司,汽车服务,汽车配件,浙江省,宁波市,鄞州区,浙江省宁波市鄞州区瞻岐方桥村,,1,0,121.79558,29.736855,,life,http://api.map.baidu.com/place/detail?uid=139202055a12c66053e5c5b5&output=html&source=placeapi_v2,,,,,,,,,,,,,,,,,,121.79586321076,29.73670994846,0
29b0d73370f136010d3dda05,宁波乐驰汽车部件有限公司,汽车服务,汽车配件,浙江省,宁波市,鄞州区,浙江省宁波市鄞州区永安路55号,,1,0,121.871035,29.73179,,life,http://api.map.baidu.com/place/detail?uid=29b0d73370f136010d3dda05&output=html&source=placeapi_v2,,,,,,,,,,1,,,,,,,,121.87107833109,29.731809709016,0
07d9f245ccc0ab7c88b98879,汇通汽配,汽车服务,汽车配件,浙江省,宁波市,鄞州区,浙江省宁波市鄞州区瞻岐镇合港路19号,,1,0,121.874684,29.724888,,life,http://api.map.baidu.com/place/detail?uid=07d9f245ccc0ab7c88b98879&output=html&source=placeapi_v2,,,,,,,,,,2,,,,,,,,121.87450087508,29.724807827322,0
423ea1d26153aacabadf8ffc,宁波飞力普斯汽配工业有限公司,汽车服务,汽车配件,浙江省,宁波市,北仑区,浙江省宁波市北仑区庆河路176号,,1,0,121.87897,29.747418,,life,http://api.map.baidu.com/place/detail?uid=423ea1d26153aacabadf8ffc&output=html&source=placeapi_v2,,,,,,,,,,3,,,,,,,,121.87911759228,29.747426350571,0
0ce76f6b4a98f6ace856fa0f,全诺轮胎,汽车服务,汽车配件,浙江省,宁波市,鄞州区,宁波市鄞州区穿咸线,0ce76f6b4a98f6ace856fa0f,1,0,121.853104,29.726993,,life,http://api.map.baidu.com/place/detail?uid=0ce76f6b4a98f6ace856fa0f&output=html&source=placeapi_v2,,,,,,,,,,,,,,,,,,,,0
5aa59dd46c57fb063517dcb6,万兴汽配,汽车服务,汽车配件,浙江省,宁波市,海曙区,浙江省宁波市海曙区龙兴路10号,5aa59dd46c57fb063517dcb6,1,0,121.331112,29.777635,,life,http://api.map.baidu.com/place/detail?uid=5aa59dd46c57fb063517dcb6&output=html&source=placeapi_v2,,,0.0,,,,,,,2,,,,,,,,,,0
b2e45776666b2f149d95dec5,倍耐力轮胎(龙兴路店),汽车服务,汽车配件,浙江省,宁波市,海曙区,宁波市海曙区龙兴路龙溪谷东门西南侧约90米,,1,0,121.32884,29.774417,,life,http://api.map.baidu.com/place/detail?uid=b2e45776666b2f149d95dec5&output=html&source=placeapi_v2,,,,,,,,,,2,,,,,,,,121.32885143363,29.774528092963,0
306f5c88ae69ed48d12dd61b,阿军电瓶,汽车服务,汽车配件,浙江省,宁波市,海曙区,浙江省宁波市海曙区四明东路120-2号,,1,0,121.366603,29.780477,13600622635,life,http://api.map.baidu.com/place/detail?uid=306f5c88ae69ed48d12dd61b&output=html&source=placeapi_v2,,,,,,,,,,4,,,,,,,,,,0
8226ee3c080db1ff2bd7ab31,德国雅途轮胎,汽车服务,汽车配件,浙江省,宁波市,海曙区,宁波市海曙区新蕾南路辽路周新村东北侧,,1,0,121.374383,29.784447,"13008988990,13245572480",life,http://api.map.baidu.com/place/detail?uid=8226ee3c080db1ff2bd7ab31&output=html&source=placeapi_v2,,,,,,,,,,4,,,,,,,,121.37461197507,29.784485615269,0
cded252892f6e696b64f54ee,普利司通轮胎(新蕾南路店),汽车服务,汽车配件,浙江省,宁波市,海曙区,浙江省宁波市海曙区新蕾南路8-1号,,1,0,121.374403,29.78469,18069058772,life,http://api.map.baidu.com/place/detail?uid=cded252892f6e696b64f54ee&output=html&source=placeapi_v2,,,,,,,,,,5,,,,,,,,121.37456194395,29.784744701675,0
8dc5fb2ceed66c2c8705bf87,大力士轮胎,汽车服务,汽车配件,浙江省,宁波市,海曙区,四明东路105南80米,,1,0,121.379351,29.786035,"15990277245,18768564839",life,http://api.map.baidu.com/place/detail?uid=8dc5fb2ceed66c2c8705bf87&output=html&source=placeapi_v2,,,,,,,,,,5,,,,,,,,,,0
80f743052769d6c8ae0457fe,伊尔普汽配,汽车服务,汽车配件,浙江省,宁波市,海曙区,浙江省宁波市海曙区四明东路89号,,1,0,121.372878,29.785766,,life,http://api.map.baidu.com/place/detail?uid=80f743052769d6c8ae0457fe&output=html&source=placeapi_v2,,,,,,,,,,6,,,,,,,,,,0
d5b9dabd8e27bed51b94c6cd,前王轮胎店,汽车服务,汽车配件,浙江省,宁波市,海曙区,宁波市海曙区S214晨晨幼儿园南侧约210米,,1,0,121.430875,29.764716,17131198176,life,http://api.map.baidu.com/place/detail?uid=d5b9dabd8e27bed51b94c6cd&output=html&source=placeapi_v2,,,,,,,,,,3,,,,,,,,,,0
9eec302ecc146030ab0dd8dc,宇达汽缝,汽车服务,汽车配件,浙江省,宁波市,海曙区,宁波市海曙区,,1,0,121.402509,29.761584,,life,http://api.map.baidu.com/place/detail?uid=9eec302ecc146030ab0dd8dc&output=html&source=placeapi_v2,,,,,,,,,,,,,,,,,,,,0
629d14ecd7b77d2741d63ed7,嘉实多润滑油,汽车服务,汽车配件,浙江省,宁波市,海曙区,宁波市海曙区潘沙南路洞桥明苑-西区,629d14ecd7b77d2741d63ed7,1,0,121.417708,29.781849,,life,http://api.map.baidu.com/place/detail?uid=629d14ecd7b77d2741d63ed7&output=html&source=placeapi_v2,,,,,,,,,,5,,,,,,,,121.41754155521,29.78179327819,0
32636d695819f27493114ccc,嘉实多润滑油,汽车服务,汽车配件,浙江省,宁波市,奉化区,宁波市奉化区恒安路新世纪幼儿园(恒安路店)北侧约50米,32636d695819f27493114ccc,1,0,121.460059,29.768022,"15967874667,18657439965",life,http://api.map.baidu.com/place/detail?uid=32636d695819f27493114ccc&output=html&source=placeapi_v2,,,,,,,,,,5,,,,,,,,,,0
79243e9a1b21560af8dc850a,宁波市奉化易高汽配有限公司,汽车服务,汽车配件,浙江省,宁波市,奉化区,浙江省宁波市奉化区庙前路9-1号,,1,0,121.459033,29.775008,,life,http://api.map.baidu.com/place/detail?uid=79243e9a1b21560af8dc850a&output=html&source=placeapi_v2,,,0.0,,,,,,,2,1,,,,,,,,,0
411d17254260c2d7e3110319,威狮轮胎(振兴路店),汽车服务,汽车配件,浙江省,宁波市,奉化区,宁波市奉化区振兴路春亚大酒店,411d17254260c2d7e3110319,1,0,121.461414,29.763481,,life,http://api.map.baidu.com/place/detail?uid=411d17254260c2d7e3110319&output=html&source=placeapi_v2,,,1.0,,,,,,,2,1,,,,,,,,,0
6c3ef6d6efcd5d57d2f49e3b,玲珑轮胎(新建东路店),汽车服务,汽车配件,浙江省,宁波市,奉化区,宁波市奉化区新建东路东江家园东南侧约200米,6c3ef6d6efcd5d57d2f49e3b,1,0,121.465881,29.764099,,life,http://api.map.baidu.com/place/detail?uid=6c3ef6d6efcd5d57d2f49e3b&output=html&source=placeapi_v2,,00:00-24:00,,,,,,,,5,,,,,,,,,,0
9979e0618f5bceaebd48425f,阿三轮胎店,汽车服务,汽车配件,浙江省,宁波市,奉化区,浙江省宁波市奉化区新建东路10号,9979e0618f5bceaebd48425f,1,0,121.462548,29.764501,18958233774,life,http://api.map.baidu.com/place/detail?uid=9979e0618f5bceaebd48425f&output=html&source=placeapi_v2,,,0.0,,,,,,,6,,,,,,,,121.46254043778,29.764356446455,0
37c702f63e74e1d9b817e771,宁波奉化方桥佳荣轮胎店,汽车服务,汽车配件,浙江省,宁波市,奉化区,宁波市奉化区新建东路东江家园东南侧约190米,37c702f63e74e1d9b817e771,1,0,121.465834,29.764102,15867571985,life,http://api.map.baidu.com/place/detail?uid=37c702f63e74e1d9b817e771&output=html&source=placeapi_v2,,,,,,,,,,1,,,,,,,,,,0
9f12a54d4a933da9a2a93487,中通轮胎篷布店,汽车服务,汽车配件,浙江省,宁波市,奉化区,浙江省宁波市奉化区方港路18号中通物流,9f12a54d4a933da9a2a93487,1,0,121.443262,29.766495,,life,http://api.map.baidu.com/place/detail?uid=9f12a54d4a933da9a2a93487&output=html&source=placeapi_v2,,00:00-24:00,,,,,,,,,,,,,,,,,,0
cf891fe0c9d9d4e2a0acc469,阿军轮胎,汽车服务,汽车配件,浙江省,宁波市,鄞州区,浙江省宁波市鄞州区朝阳路760号,cf891fe0c9d9d4e2a0acc469,1,0,121.49396,29.77322,13777061365,life,http://api.map.baidu.com/place/detail?uid=cf891fe0c9d9d4e2a0acc469&output=html&source=placeapi_v2,,09:00-18:00,5.0,,,,,,,8,1,,,,,,,121.49390881164,29.773334017496,0
cdc0538fd49adde2cb213dc1,宁波拓发汽车零部件有限公司,汽车服务,汽车配件,浙江省,宁波市,鄞州区,浙江省宁波市鄞州区姜山镇朝阳路862号,cdc0538fd49adde2cb213dc1,1,0,121.517432,29.777102,(0574)88093821,life,http://api.map.baidu.com/place/detail?uid=cdc0538fd49adde2cb213dc1&output=html&source=placeapi_v2,,07:30-16:30,,,,,,,,6,,,,,,,,121.51742604205,29.776875239574,0
b5ae140d30d8f53503ff2d5a,航航汽配,汽车服务,汽车配件,浙江省,宁波市,鄞州区,宁波市鄞州区朝阳路朝阳幼儿园南侧约210米,b5ae140d30d8f53503ff2d5a,1,0,121.497135,29.774986,13566358027,life,http://api.map.baidu.com/place/detail?uid=b5ae140d30d8f53503ff2d5a&output=html&source=placeapi_v2,,,,,,,,,,6,,,,,,,,121.49718567563,29.774934855352,0
39d5f04dbeb77e6d902ca328,久骏挖机配件,汽车服务,汽车配件,浙江省,宁波市,鄞州区,宁波市鄞州区明辉路与文山路交叉路口往西约170米,,1,0,121.501075,29.750359,15557199777,life,http://api.map.baidu.com/place/detail?uid=39d5f04dbeb77e6d902ca328&output=html&source=placeapi_v2,,,,,,,,,,1,,,,,,,,,,0
ebafcd7649f86f734f3a59ca,自动化配件,汽车服务,汽车配件,浙江省,宁波市,鄞州区,宁波市鄞州区顺明路雅戈尔雅旭花苑,ebafcd7649f86f734f3a59ca,1,0,121.537904,29.765399,,life,http://api.map.baidu.com/place/detail?uid=ebafcd7649f86f734f3a59ca&output=html&source=placeapi_v2,,,,,,,,,,1,,,,,,,,121.53777310424,29.765693964678,0
427b1884985761d7ebe58228,小闫汽车轮胎店手机(兆忠店),汽车服务,汽车配件,浙江省,宁波市,鄞州区,宁波市鄞州区环镇路雅戈尔雅旭花苑西南侧约40米,,1,0,121.536108,29.761888,"13252422662,15967863467",life,http://api.map.baidu.com/place/detail?uid=427b1884985761d7ebe58228&output=html&source=placeapi_v2,,00:00-24:00,5.0,,,,,,,25,11,,,,,,,121.53626065288,29.761870691842,0
cca9c40a8265d3906fa3ccd5,宁波铭发汽车部件有限公司,汽车服务,汽车配件,浙江省,宁波市,鄞州区,浙江省宁波市鄞州区明曙路1135号,,1,0,121.526812,29.7633,,life,http://api.map.baidu.com/place/detail?uid=cca9c40a8265d3906fa3ccd5&output=html&source=placeapi_v2,,,,,,,,,,2,,,,,,,,121.5266218644,29.763335277611,0
20920e965ce28a4bce04ef88,倍耐力轮胎(南大路店),汽车服务,汽车配件,浙江省,宁波市,鄞州区,浙江省宁波市鄞州区南大路晨光名苑1号,20920e965ce28a4bce04ef88,1,0,121.550145,29.771951,,life,http://api.map.baidu.com/place/detail?uid=20920e965ce28a4bce04ef88&output=html&source=placeapi_v2,,,,,,,,,,6,,,,,,,,121.55017351519,29.771957772186,0
18107f9058468083ad31e5c7,宁波惠荣汽车零部件有限公司,汽车服务,汽车配件,浙江省,宁波市,鄞州区,浙江省宁波市鄞州区姜山镇夏施村明曙路公交站南150米,18107f9058468083ad31e5c7,1,0,121.527306,29.768575,,life,http://api.map.baidu.com/place/detail?uid=18107f9058468083ad31e5c7&output=html&source=placeapi_v2,,,0.0,,,,,,,1,1,,,,,,,,,0
35550c2e42cbb11d0aa8d4d6,甬荣汽车电瓶,汽车服务,汽车配件,浙江省,宁波市,鄞州区,浙江省宁波市鄞州区天童南路3000号,,1,0,121.551666,29.769546,13567413210,life,http://api.map.baidu.com/place/detail?uid=35550c2e42cbb11d0aa8d4d6&output=html&source=placeapi_v2,,,,,,,,,,9,,,,,,,,,,0
05c330c52f5e7d45c17da231,宁波新之华汽车部件有限公司,汽车服务,汽车配件,浙江省,宁波市,鄞州区,宁波市鄞州区明山路,,1,0,121.547169,29.755776,,life,http://api.map.baidu.com/place/detail?uid=05c330c52f5e7d45c17da231&output=html&source=placeapi_v2,,,,,,,,,,2,,,,,,,,,,0
649a070c41bef2f5373a7154,嘉实多润滑油,汽车服务,汽车配件,浙江省,宁波市,鄞州区,宁波市鄞州区顺明路雷孟德星光中心东侧,,1,0,121.541438,29.780298,18857444408,life,http://api.map.baidu.com/place/detail?uid=649a070c41bef2f5373a7154&output=html&source=placeapi_v2,,,,,,,,,,4,,,,,,,,,,0
42b406a594b6e1d7f822138e,宁波市凯团汽摩配件有限公司,汽车服务,汽车配件,浙江省,宁波市,鄞州区,宁波市鄞州区人民北路中国石油(亚泰石油加油站)西南侧约40米,,1,0,121.536858,29.784859,,life,http://api.map.baidu.com/place/detail?uid=42b406a594b6e1d7f822138e&output=html&source=placeapi_v2,,,,,,,,,,,,,,,,,,121.53702071097,29.784962679583,0
2d2211d2de4265a1c72ba155,宁波平旦汽车零部件有限公司,汽车服务,汽车配件,浙江省,宁波市,鄞州区,浙江省宁波市鄞州区振狮路371号,,1,0,121.528024,29.761082,15957857578,life,http://api.map.baidu.com/place/detail?uid=2d2211d2de4265a1c72ba155&output=html&source=placeapi_v2,,,,,,,,,,1,0,,,,,,,,,0
6bd84be8cc533ad9853304bc,汽车电瓶空调,汽车服务,汽车配件,浙江省,宁波市,鄞州区,宁波市鄞州区环镇路中国石油(亚泰石油加油站)西侧约120米,,1,0,121.535705,29.78527,15888598588,life,http://api.map.baidu.com/place/detail?uid=6bd84be8cc533ad9853304bc&output=html&source=placeapi_v2,,07:30-18:30,,,,,,,,1,,,,,,,,,,0
c6990ffdb868524501897285,宁波华盛汽配,汽车服务,汽车配件,浙江省,宁波市,鄞州区,浙江省宁波市鄞州区明曙路3号,c6990ffdb868524501897285,1,0,121.526657,29.773414,(0574)88098891,life,http://api.map.baidu.com/place/detail?uid=c6990ffdb868524501897285&output=html&source=placeapi_v2,,,,,,,,,,,,,,,,,,121.52682187392,29.773420330854,0
fa1be82648876de804026f96,飞劲轮胎,汽车服务,汽车配件,浙江省,宁波市,鄞州区,宁波市鄞州区环镇路宁波金鹰鼓风机厂,,1,0,121.535859,29.783645,15968052088,life,http://api.map.baidu.com/place/detail?uid=fa1be82648876de804026f96&output=html&source=placeapi_v2,,,,,,,,,,1,,,,,,,,,,0
7117c154ad7c301e95ca0797,邓禄普轮胎(环镇路店),汽车服务,汽车配件,浙江省,宁波市,鄞州区,宁波市鄞州区环镇路中国石油(亚泰石油加油站)西侧约120米,,1,0,121.535705,29.785178,,life,http://api.map.baidu.com/place/detail?uid=7117c154ad7c301e95ca0797&output=html&source=placeapi_v2,,,,,,,,,,3,,,,,,,,,,0
d901209988672b62b1077d71,宁波科穗汽车配件有限公司,汽车服务,汽车配件,浙江省,宁波市,鄞州区,浙江省宁波市鄞州区定桥路228号,,1,0,121.575614,29.779119,,life,http://api.map.baidu.com/place/detail?uid=d901209988672b62b1077d71&output=html&source=placeapi_v2,,,,,,,,,,,,,,,,,,121.57569167082,29.778938241414,0
e8a13b7ad1cdeb200b69d9cf,老黄电瓶店,汽车服务,汽车配件,浙江省,宁波市,鄞州区,宁波市鄞州区宁裘线,,1,0,121.595513,29.758628,,life,http://api.map.baidu.com/place/detail?uid=e8a13b7ad1cdeb200b69d9cf&output=html&source=placeapi_v2,,08:00-24:00,,,,,,,,4,,,,,,,,,,0
83fbc5c18e8dfce35fbe8600,宁波金品汽车部件有限公司(石汪段),汽车服务,汽车配件,浙江省,宁波市,鄞州区,浙江省宁波市鄞州区石汪线,,1,0,121.584737,29.752898,,life,http://api.map.baidu.com/place/detail?uid=83fbc5c18e8dfce35fbe8600&output=html&source=placeapi_v2,,,,,,,,,,1,,,,,,,,121.58478836516,29.752875103189,0
9f08f38d653d51d74e5547d3,宁波沃亿汽车部件有限公司,汽车服务,汽车配件,浙江省,宁波市,鄞州区,浙江省宁波市鄞州区云振路527号,9f08f38d653d51d74e5547d3,1,0,121.614544,29.768992,,life,http://api.map.baidu.com/place/detail?uid=9f08f38d653d51d74e5547d3&output=html&source=placeapi_v2,,,,,,,,,,1,1,,,,,,,121.61459122247,29.768819372023,0
bbe60c4d5d64b772c8213d17,王红卫轮胎批发店,汽车服务,汽车配件,浙江省,宁波市,鄞州区,宁波市鄞州区鸣凤路龙峰工业园南侧约120米,bbe60c4d5d64b772c8213d17,1,0,121.614036,29.772657,13205741883,life,http://api.map.baidu.com/place/detail?uid=bbe60c4d5d64b772c8213d17&output=html&source=placeapi_v2,,00:00-24:00,0.0,,,,,,,3,,,,,,,,,,0
573ad14b0c08e86ca8f7294d,万灵汽配,汽车服务,汽车配件,浙江省,宁波市,鄞州区,宁波市鄞州区云龙镇(云和路与徐王路交叉口),,1,0,121.613412,29.772803,,life,http://api.map.baidu.com/place/detail?uid=573ad14b0c08e86ca8f7294d&output=html&source=placeapi_v2,,,,,,,,,,1,,,,,,,,,,0
12f9742fac10cb4c276e9861,东南汽配,汽车服务,汽车配件,浙江省,宁波市,鄞州区,云辉路与龙霞路交叉口东50米,12f9742fac10cb4c276e9861,1,0,121.610417,29.764852,,life,http://api.map.baidu.com/place/detail?uid=12f9742fac10cb4c276e9861&output=html&source=placeapi_v2,,07:30-20:00,,,,,,,,2,,,,,,,,121.61046866224,29.765006974018,0
3eda7f05972585c13310af2d,森麒麟轮胎,汽车服务,汽车配件,浙江省,宁波市,鄞州区,宁波市鄞州区鸣凤路龙峰工业园东北侧约100米,,1,0,121.61538,29.775794,,life,http://api.map.baidu.com/place/detail?uid=3eda7f05972585c13310af2d&output=html&source=placeapi_v2,,,,,,,,,,3,,,,,,,,,,0
a22234b7e84f71f5ca213d68,华郴汽配店,汽车服务,汽车配件,浙江省,宁波市,鄞州区,宁波市鄞州区云隐路龙峰工业园西南侧约80米,a22234b7e84f71f5ca213d68,1,0,121.612754,29.773023,13065658689,life,http://api.map.baidu.com/place/detail?uid=a22234b7e84f71f5ca213d68&output=html&source=placeapi_v2,,,,,,,,,,5,,,,,,,,,,0
ae71ccd22362a40e631c6704,摩鑫汽配,汽车服务,汽车配件,浙江省,宁波市,鄞州区,浙江省宁波市鄞州区云龙镇龙飞路20号,,1,0,121.610161,29.771047,,life,http://api.map.baidu.com/place/detail?uid=ae71ccd22362a40e631c6704&output=html&source=placeapi_v2,,07:30-20:00,0.0,,,,,,,5,1,,,,,,,121.61014061274,29.771119278873,0
40829ec350567e7dc1f1cfcc,赵发轮胎店,汽车服务,汽车配件,浙江省,宁波市,鄞州区,宁波市鄞州区云隐路龙峰工业园南侧约130米,,1,0,121.614251,29.772486,,life,http://api.map.baidu.com/place/detail?uid=40829ec350567e7dc1f1cfcc&output=html&source=placeapi_v2,,,,,,,,,,3,,,,,,,,,,0
ed31f515057a21043a13fde6,换刹车片光轮鼓磨气门,汽车服务,汽车配件,浙江省,宁波市,鄞州区,宁波市鄞州区云隐路龙峰工业园南侧约70米,,1,0,121.612967,29.773153,,life,http://api.map.baidu.com/place/detail?uid=ed31f515057a21043a13fde6&output=html&source=placeapi_v2,,,,,,,,,,2,,,,,,,,,,0
aca05f60016071990482c222,晋中王轮胎,汽车服务,汽车配件,浙江省,宁波市,鄞州区,宁波市鄞州区龙飞路与云辉路交叉路口西北侧,,1,0,121.611813,29.765667,,life,http://api.map.baidu.com/place/detail?uid=aca05f60016071990482c222&output=html&source=placeapi_v2,,,,,,,,,,2,,,,,,,,,,0
4638db145e7226d5c16c1422,玉远轮胎店,汽车服务,汽车配件,浙江省,宁波市,鄞州区,宁波市鄞州区荻江村146-3号,,1,0,121.61223,29.773833,18967861483,life,http://api.map.baidu.com/place/detail?uid=4638db145e7226d5c16c1422&output=html&source=placeapi_v2,,00:00-24:00,,,,,,,,6,,,,,,,,,,0
5501bbfd8342eac59ff779a9,宁波市鄞州区云龙立新轮胎店,汽车服务,汽车配件,浙江省,宁波市,鄞州区,浙江省宁波市鄞州区嘉苑路70号,,1,0,121.60933,29.781538,15557004962,life,http://api.map.baidu.com/place/detail?uid=5501bbfd8342eac59ff779a9&output=html&source=placeapi_v2,,,,,,,,,,4,,,,,,,,121.60916580664,29.781564453585,0
5521d3f8638d826443afe604,云龙镇安行轮胎店,汽车服务,汽车配件,浙江省,宁波市,鄞州区,宁波市鄞州区嘉苑路云龙嘉苑-西区,,1,0,121.608541,29.779609,15906596552,life,http://api.map.baidu.com/place/detail?uid=5521d3f8638d826443afe604&output=html&source=placeapi_v2,,,,,,,,,,3,,,,,,,,121.60880215999,29.77962188982,0
5493a7c2a8201ab1fda77884,宁波迪爱斯希汽车部件有限公司,汽车服务,汽车配件,浙江省,宁波市,北仑区,浙江省宁波市北仑区春晓大道6号2幢第一层,5493a7c2a8201ab1fda77884,1,0,121.877897,29.75313,,life,http://api.map.baidu.com/place/detail?uid=5493a7c2a8201ab1fda77884&output=html&source=placeapi_v2,,,,,,,,,,,,,,,,,,121.8778623316,29.753060368587,0
51e0be195f02ef922cb96dc5,泛美汽车零部件(宁波)有限公司,汽车服务,汽车配件,浙江省,宁波市,北仑区,浙江省宁波市北仑区观海路71号,51e0be195f02ef922cb96dc5,1,0,121.893459,29.759028,(0574)86988777,life,http://api.map.baidu.com/place/detail?uid=51e0be195f02ef922cb96dc5&output=html&source=placeapi_v2,,,,,,,,,,,,,,,,,,121.89262868027,29.759608500815,0
72a5804bf40c43f0fc0eb0a6,宁波煜晟汽车零部件有限公司,汽车服务,汽车配件,浙江省,宁波市,海曙区,宁波市海曙区大桥村,,1,0,121.37209,29.80887,,life,http://api.map.baidu.com/place/detail?uid=72a5804bf40c43f0fc0eb0a6&output=html&source=placeapi_v2,,,,,,,,,,1,,,,,,,,,,0
3ab2497c589fc829c33644cc,鄞江尚隆汽车部件有限公司,汽车服务,汽车配件,浙江省,宁波市,海曙区,宁波市海曙区鄞江镇大桥村车站南路42号,,1,0,121.379778,29.805976,(0574)88138035,life,http://api.map.baidu.com/place/detail?uid=3ab2497c589fc829c33644cc&output=html&source=placeapi_v2,,,,,,,,,,,,,,,,,,,,0
ec35cc2cfed5fb9c8c1a8910,英杰汽配公司,汽车服务,汽车配件,浙江省,宁波市,海曙区,宁波市海曙区新蕾北路,,1,0,121.371909,29.787715,,life,http://api.map.baidu.com/place/detail?uid=ec35cc2cfed5fb9c8c1a8910&output=html&source=placeapi_v2,,,3.0,,,,,,,,1,,,,,,,121.371941947,29.787379038516,0
166be1336ce875eceddfca57,宁波凌航汽车部件有限公司,汽车服务,汽车配件,浙江省,宁波市,海曙区,浙江省宁波市海曙区笔架山路621号,,1,0,121.375546,29.789249,(0574)88033281,life,http://api.map.baidu.com/place/detail?uid=166be1336ce875eceddfca57&output=html&source=placeapi_v2,,,,,,,,,,,,,,,,,,,,0
2621355e3f223dc409f5eb6c,永辉.海诗杰汽配,汽车服务,汽车配件,浙江省,宁波市,海曙区,浙江省宁波市海曙区鄞江镇四明东路97弄鄞江中学东400米,,1,0,121.372704,29.787633,"13566566333,13905749591",life,http://api.map.baidu.com/place/detail?uid=2621355e3f223dc409f5eb6c&output=html&source=placeapi_v2,,,,,,,,,,2,,,,,,,,,,0
8dc5fb2ceed66c2c8705bf87,大力士轮胎,汽车服务,汽车配件,浙江省,宁波市,海曙区,四明东路105南80米,,1,0,121.379351,29.786035,"15990277245,18768564839",life,http://api.map.baidu.com/place/detail?uid=8dc5fb2ceed66c2c8705bf87&output=html&source=placeapi_v2,,,,,,,,,,5,,,,,,,,,,0
d6dcc4a9ccfc00d4d618b777,红岩汽配,汽车服务,汽车配件,浙江省,宁波市,海曙区,浙江省宁波市海曙区洞北路12~16号,d6dcc4a9ccfc00d4d618b777,1,1,121.427691,29.793251,(0574)83082968,life,http://api.map.baidu.com/place/detail?uid=d6dcc4a9ccfc00d4d618b777&output=html&source=placeapi_v2,,,,,,,,,,8,,,,,,,,121.42775557901,29.793166767712,1
a00e553f6e390454e6073806,昕迪汽车零部件有限公司,汽车服务,汽车配件,浙江省,宁波市,鄞州区,宁波市鄞州区姜山镇翻石渡工业区,a00e553f6e390454e6073806,1,0,121.499452,29.804812,,life,http://api.map.baidu.com/place/detail?uid=a00e553f6e390454e6073806&output=html&source=placeapi_v2,,,,,,,,,,,,,,,,,,,,0
3a5c8b14c62e5a11d0ff236b,宁波胜大挖机配件,汽车服务,汽车配件,浙江省,宁波市,海曙区,宁波市海曙区雅戈尔大道212号,3a5c8b14c62e5a11d0ff236b,1,0,121.494309,29.814734,18042539026,life,http://api.map.baidu.com/place/detail?uid=3a5c8b14c62e5a11d0ff236b&output=html&source=placeapi_v2,,08:00-20:00,,,,,,,,2,,,,,,,,,,0
e2e36f31c6737ff12b3a9fe2,小瓶共享电瓶,汽车服务,汽车配件,浙江省,宁波市,鄞州区,宁波市鄞州区高阳路周韩村综合市场东侧约160米,e2e36f31c6737ff12b3a9fe2,1,0,121.507046,29.79114,13738411197,life,http://api.map.baidu.com/place/detail?uid=e2e36f31c6737ff12b3a9fe2&output=html&source=placeapi_v2,,07:45-22:00,,,,,,,,5,,,,,,,,121.5070003128,29.791200546921,0
b1e75c710e046a4aaf31e595,恒通电瓶批发,汽车服务,汽车配件,浙江省,宁波市,海曙区,浙江省宁波市海曙区雅戈尔大道537-2号,b1e75c710e046a4aaf31e595,1,0,121.499265,29.819837,13685718415,life,http://api.map.baidu.com/place/detail?uid=b1e75c710e046a4aaf31e595&output=html&source=placeapi_v2,,00:00-24:00,0.0,,,,,,,3,1,,,,,,,121.49935247476,29.819764637052,0
56f29031d2edb3d1e4073828,通达减震器,汽车服务,汽车配件,浙江省,宁波市,鄞州区,宁波市鄞州区中惠东路格兰春天-一期西南侧约50米,56f29031d2edb3d1e4073828,1,0,121.549889,29.797681,(0574)88090861,life,http://api.map.baidu.com/place/detail?uid=56f29031d2edb3d1e4073828&output=html&source=placeapi_v2,,00:00-24:00,,,,,,,,2,,,,,,,,,,0
308fb4bad78b4f25f4eafc6c,汽车玻璃,汽车服务,汽车配件,浙江省,宁波市,鄞州区,宁波市鄞州区高阳路与宁姜公路交叉路口往北约60米,308fb4bad78b4f25f4eafc6c,1,0,121.535257,29.789581,13252413978,life,http://api.map.baidu.com/place/detail?uid=308fb4bad78b4f25f4eafc6c&output=html&source=placeapi_v2,,,,,,,,,,1,,,,,,,,121.53513098699,29.789576128689,0
03a66d88b8edbbe331870a17,宁波华飞汽车部件有限公司,汽车服务,汽车配件,浙江省,宁波市,鄞州区,浙江省宁波市鄞州区天健巷26号汇鼎大厦2109室,03a66d88b8edbbe331870a17,1,0,121.556992,29.80892,,life,http://api.map.baidu.com/place/detail?uid=03a66d88b8edbbe331870a17&output=html&source=placeapi_v2,,,,,,,,,,,,,,,,,,,,0
16b2b1bd47b69cba5fbe860d,轮胎电焊,汽车服务,汽车配件,浙江省,宁波市,鄞州区,宁波市鄞州区环镇北路中国石油(亚泰石油加油站)西北侧约290米,16b2b1bd47b69cba5fbe860d,1,0,121.535061,29.787295,15351668148,life,http://api.map.baidu.com/place/detail?uid=16b2b1bd47b69cba5fbe860d&output=html&source=placeapi_v2,,,,,,,,,,2,,,,,,,,,,0
6d231e2a9d422f75c4f50d1e,安睿驰科技安全轮胎,汽车服务,汽车配件,浙江省,宁波市,鄞州区,浙江省宁波市鄞州区首南东路2206号,6d231e2a9d422f75c4f50d1e,1,0,121.614004,29.801403,(0574)88393253,life,http://api.map.baidu.com/place/detail?uid=6d231e2a9d422f75c4f50d1e&output=html&source=placeapi_v2,,08:30-17:30,,,,,,,,7,,,,,,,,,,0
d1788d2e6eabdbe27ab55ce9,朝盛汽配,汽车服务,汽车配件,浙江省,宁波市,鄞州区,宁波市鄞州区东环南路与双渔路交叉路口往东南约130米,d1788d2e6eabdbe27ab55ce9,1,0,121.653294,29.814846,,life,http://api.map.baidu.com/place/detail?uid=d1788d2e6eabdbe27ab55ce9&output=html&source=placeapi_v2,,08:00-21:00,,,,,,,,4,,,,,,,,,,0
fb3d261aa7d51ca8fa2d61fc,小王轮胎批发,汽车服务,汽车配件,浙江省,宁波市,鄞州区,宁波市鄞州区宁波绕城高速与康兴路交叉路口往南约120米,fb3d261aa7d51ca8fa2d61fc,1,0,121.653313,29.814996,13586585662,life,http://api.map.baidu.com/place/detail?uid=fb3d261aa7d51ca8fa2d61fc&output=html&source=placeapi_v2,,08:00-21:00,,,,,,,,3,,,,,,,,121.65337264785,29.815010883948,0
d0f94a1de2600a0a81a12e71,宁波市鄞州东吴逸轩轮胎店,汽车服务,汽车配件,浙江省,宁波市,鄞州区,浙江省宁波市鄞州区东吴镇平塘村粟村塘点直头岭,,1,0,121.707775,29.821473,18069210591,life,http://api.map.baidu.com/place/detail?uid=d0f94a1de2600a0a81a12e71&output=html&source=placeapi_v2,,,,,,,,,,,,,,,,,,,,0
f6be28ccca86690bb34c49ce,东吴建大轮胎店,汽车服务,汽车配件,浙江省,宁波市,鄞州区,浙江省宁波市鄞州区(麦威机械对面),,1,0,121.707528,29.821622,18069210591,life,http://api.map.baidu.com/place/detail?uid=f6be28ccca86690bb34c49ce&output=html&source=placeapi_v2,,,0.0,,,,,,,2,1,,,,,,,121.70758111751,29.821639771462,0
13c5b43eeecd4ebd0e0e6bb9,宁波恩菱减震器公司,汽车服务,汽车配件,浙江省,宁波市,鄞州区,宁波市鄞州区镇南路东吴镇中学南侧约30米,,1,0,121.74629,29.813567,13780017865,life,http://api.map.baidu.com/place/detail?uid=13c5b43eeecd4ebd0e0e6bb9&output=html&source=placeapi_v2,,,,,,,,,,2,,,,,,,,121.74638454329,29.813733417102,0
6778d5aca287912f2bb97c88,天顺润滑油店,汽车服务,汽车配件,浙江省,宁波市,鄞州区,浙江省宁波市鄞州区镇南路41-1号,6778d5aca287912f2bb97c88,1,0,121.745977,29.816387,"13065833896,13123883861",life,http://api.map.baidu.com/place/detail?uid=6778d5aca287912f2bb97c88&output=html&source=placeapi_v2,,,,,,,,,,2,,,,,,,,,,0
c41935adcde017dc0b1cc79a,宁波伯豪汽配有限公司,汽车服务,汽车配件,浙江省,宁波市,海曙区,浙江省宁波市海曙区灵峰路20号,,1,0,121.381957,29.842202,,life,http://api.map.baidu.com/place/detail?uid=c41935adcde017dc0b1cc79a&output=html&source=placeapi_v2,,,0.0,,,,,,,2,1,,,,,,,121.38175335386,29.842214106297,0
dd8062606277756b1b11d51d,宁波南方汽车零部件有限公司,汽车服务,汽车配件,浙江省,宁波市,海曙区,宁波市海曙区横街镇西王工业区,,1,0,121.41261,29.846882,(0574)88249863,life,http://api.map.baidu.com/place/detail?uid=dd8062606277756b1b11d51d&output=html&source=placeapi_v2,,,,,,,,,,,,,,,,,,121.41247137249,29.847079417046,0
dcb29a742205a16e02294fd8,宁波市三照达汽配有限公司,汽车服务,汽车配件,浙江省,宁波市,海曙区,宁波市海曙区横街镇万华工业区金妮家纺内,dcb29a742205a16e02294fd8,1,0,121.415539,29.855504,,life,http://api.map.baidu.com/place/detail?uid=dcb29a742205a16e02294fd8&output=html&source=placeapi_v2,,,,,,,,,,1,,,,,,,,121.41534508685,29.855573658777,0
acca0ce003f76c09a5da3998,宁波市海曙古林多利轮胎销售服务部,汽车服务,汽车配件,浙江省,宁波市,海曙区,浙江省宁波市海曙区广泽南路665号,acca0ce003f76c09a5da3998,1,0,121.436952,29.837216,13065868865,life,http://api.map.baidu.com/place/detail?uid=acca0ce003f76c09a5da3998&output=html&source=placeapi_v2,,08:00-19:30,,,,,,,,4,,,,,,,,121.43683728152,29.837229459685,0
c0a34aee727295201894c69d,金辉车轮专家,汽车服务,汽车配件,浙江省,宁波市,海曙区,宁波市海曙区鄞县大道万红五金西南侧约150米,,1,0,121.414976,29.855654,18668578817,life,http://api.map.baidu.com/place/detail?uid=c0a34aee727295201894c69d&output=html&source=placeapi_v2,,,,,,,,,,6,,,,,,,,,,0
77556554f5afdfd73517dc9e,浙江汇友汽车配件有限公司,汽车服务,汽车配件,浙江省,宁波市,海曙区,浙江省宁波市海曙区古林镇鹅颈工业区七栋,77556554f5afdfd73517dc9e,1,0,121.454733,29.848001,,life,http://api.map.baidu.com/place/detail?uid=77556554f5afdfd73517dc9e&output=html&source=placeapi_v2,,,,,,,,,,1,,,,,,,,,,0
d2f490f2342674768936ee38,宁波剀美特汽车部件有限公司,汽车服务,汽车配件,浙江省,宁波市,海曙区,浙江省宁波市海曙区云林中路168号,d2f490f2342674768936ee38,1,0,121.461002,29.850523,,life,http://api.map.baidu.com/place/detail?uid=d2f490f2342674768936ee38&output=html&source=placeapi_v2,,,,,,,,,,,,,,,,,,,,0
4e8c214ff04f1b8eab0dd838,宁波乐斯里汽车零部件有限公司,汽车服务,汽车配件,浙江省,宁波市,海曙区,浙江省宁波市海曙区俞家村鄞县大道古林段1001-1号内,,1,0,121.446315,29.846796,,life,http://api.map.baidu.com/place/detail?uid=4e8c214ff04f1b8eab0dd838&output=html&source=placeapi_v2,,,,,,,,,,3,1,,,,,,,,,0
abf4057747600e2579b55cab,金超威电瓶,汽车服务,汽车配件,浙江省,宁波市,海曙区,宁波市海曙区振新路古林集贸市场东南侧,abf4057747600e2579b55cab,1,0,121.444927,29.839556,17558405898,life,http://api.map.baidu.com/place/detail?uid=abf4057747600e2579b55cab&output=html&source=placeapi_v2,,,,,,,,,,2,,,,,,,,,,0
0c57afa71ebeb273d4851f01,嘉实多润滑油,汽车服务,汽车配件,浙江省,宁波市,海曙区,宁波市海曙区古林中路古林集贸市场东北侧约50米,0c57afa71ebeb273d4851f01,1,0,121.444749,29.840651,,life,http://api.map.baidu.com/place/detail?uid=0c57afa71ebeb273d4851f01&output=html&source=placeapi_v2,,,,,,,,,,5,,,,,,,,121.44474584466,29.840697430133,0
906a5e9c682d2db7725e80f4,博奥轮胎店,汽车服务,汽车配件,浙江省,宁波市,海曙区,宁波市海曙区阳光南路布政新村-西区,906a5e9c682d2db7725e80f4,1,0,121.475896,29.847772,13291946773,life,http://api.map.baidu.com/place/detail?uid=906a5e9c682d2db7725e80f4&output=html&source=placeapi_v2,,06:00-23:00,5,,,,,,,11,1,,,,,,,,,0
ada52fb6045472b75cbe86a8,耐克森轮胎(古林店),汽车服务,汽车配件,浙江省,宁波市,海曙区,浙江省宁波市海曙区环城路51号,ada52fb6045472b75cbe86a8,1,0,121.439939,29.834708,18667858543,life,http://api.map.baidu.com/place/detail?uid=ada52fb6045472b75cbe86a8&output=html&source=placeapi_v2,,00:00-24:00,,,,,,,,2,,,,,,,,121.43986447138,29.834749351996,0
517f680a54f7935808ccdd1d,轮胎保养,汽车服务,汽车配件,浙江省,宁波市,海曙区,宁波市海曙区段梅路布政宾馆南侧约150米,517f680a54f7935808ccdd1d,1,0,121.478614,29.841738,,life,http://api.map.baidu.com/place/detail?uid=517f680a54f7935808ccdd1d&output=html&source=placeapi_v2,,07:30-21:00,,,,,,,,1,,,,,,,,,,0
04cceb44223f0191593ac81f,宁波慧辰轮胎,汽车服务,汽车配件,浙江省,宁波市,海曙区,宁波市海曙区云林东路联成名苑南侧约50米,04cceb44223f0191593ac81f,1,0,121.501188,29.839077,(0574)88111108,life,http://api.map.baidu.com/place/detail?uid=04cceb44223f0191593ac81f&output=html&source=placeapi_v2,,,,,,,,,,7,,,,,,,,,,0
ecb8003b1e9d44a4ddee8b5c,优科豪马轮胎(云林东路店),汽车服务,汽车配件,浙江省,宁波市,海曙区,宁波市海曙区云林东路联成名苑南侧约60米,ecb8003b1e9d44a4ddee8b5c,1,0,121.5012,29.839018,,life,http://api.map.baidu.com/place/detail?uid=ecb8003b1e9d44a4ddee8b5c&output=html&source=placeapi_v2,,08:00-18:00,5,,,,,,,9,1,,,,,,,121.50132285399,29.839074904918,0
e8ca6eae148dafae3010af54,良华汽配,汽车服务,汽车配件,浙江省,宁波市,海曙区,浙江省宁波市海曙区石泉路1号,e8ca6eae148dafae3010af54,1,0,121.507534,29.833106,(0574)88152906,life,http://api.map.baidu.com/place/detail?uid=e8ca6eae148dafae3010af54&output=html&source=placeapi_v2,,07:00-20:00,0.0,,,,,,,12,,,,,,,,121.50746208585,29.832988071536,0
c4f39c0602f5ec1581a12ee9,潍柴陕汽重汽北奔天锦天龙等全车配件,汽车服务,汽车配件,浙江省,宁波市,海曙区,宁波市海曙区石泉路东方城·香梅家园-北区南侧,c4f39c0602f5ec1581a12ee9,1,0,121.50758,29.833107,(0574)88252951,life,http://api.map.baidu.com/place/detail?uid=c4f39c0602f5ec1581a12ee9&output=html&source=placeapi_v2,,,,,,,,,,3,,,,,,,,121.50768555551,29.833039302992,0
a0b2e0021928de4de6073881,老李轮胎店,汽车服务,汽车配件,浙江省,宁波市,海曙区,浙江省宁波市海曙区祁丰大道570号,,1,0,121.509643,29.84635,15869363731,life,http://api.map.baidu.com/place/detail?uid=a0b2e0021928de4de6073881&output=html&source=placeapi_v2,,00:00-24:00,,,,,,,,4,,,,,,,,121.50975043739,29.846300905491,0
d75a6e6d9d23a6b8601809a9,宁波飞来汽配,汽车服务,汽车配件,浙江省,宁波市,海曙区,浙江省宁波市海曙区石源路410-18号,d75a6e6d9d23a6b8601809a9,1,0,121.500585,29.827813,"(0574)88264806,15888198375",life,http://api.map.baidu.com/place/detail?uid=d75a6e6d9d23a6b8601809a9&output=html&source=placeapi_v2,,,,,,,,,,6,,,,,,,,121.50051562229,29.827734194054,0
549fca496d0cf036d52ce250,海川挖机配件,汽车服务,汽车配件,浙江省,宁波市,海曙区,浙江省宁波市海曙区鄞县大道西段636号,549fca496d0cf036d52ce250,1,0,121.514426,29.826959,13857851949,life,http://api.map.baidu.com/place/detail?uid=549fca496d0cf036d52ce250&output=html&source=placeapi_v2,,,0,,,,,,,15,0,,,,,,,121.5144276905,29.826858362357,0
09e4f0e1db8a5e3f4e5547a0,路航轮胎,汽车服务,汽车配件,浙江省,宁波市,海曙区,宁波市海曙区南方路幸福家园东侧约80米,09e4f0e1db8a5e3f4e5547a0,1,0,121.499686,29.852987,,life,http://api.map.baidu.com/place/detail?uid=09e4f0e1db8a5e3f4e5547a0&output=html&source=placeapi_v2,,,,,,,,,,4,,,,,,,,,,0
ba4b6f66c2e3c28d0b1cc704,石碶宇晖轮胎店,汽车服务,汽车配件,浙江省,宁波市,海曙区,浙江省宁波市海曙区石源路327号,,1,0,121.503976,29.829014,15058268362,life,http://api.map.baidu.com/place/detail?uid=ba4b6f66c2e3c28d0b1cc704&output=html&source=placeapi_v2,,07:30-20:30,,,,,,,,4,,,,,,,,,,0
31a6b38d78ace499d9ecedf3,聚械宝挖机配件一站式采购,汽车服务,汽车配件,浙江省,宁波市,海曙区,宁波市海曙区段梅路金隆家园北侧约50米,31a6b38d78ace499d9ecedf3,1,0,121.486391,29.847779,15088456107,life,http://api.map.baidu.com/place/detail?uid=31a6b38d78ace499d9ecedf3&output=html&source=placeapi_v2,,08:00-21:00,,,,,,,,3,,,,,,,,,,0
fae7fe8cc823dbca744ff1ee,嘉实多润滑油,汽车服务,汽车配件,浙江省,宁波市,海曙区,宁波市海曙区君运路绿荷苑西东侧,fae7fe8cc823dbca744ff1ee,1,0,121.512992,29.845705,13566030197,life,http://api.map.baidu.com/place/detail?uid=fae7fe8cc823dbca744ff1ee&output=html&source=placeapi_v2,,08:00-19:00,,,,,,,,2,,,,,,,,,,0
6cd01e24c6a7959516b54bb4,电瓶轮胎机油洗车,汽车服务,汽车配件,浙江省,宁波市,海曙区,宁波市海曙区段梅路金隆家园东北侧约240米,,1,0,121.488786,29.848714,13008931711,life,http://api.map.baidu.com/place/detail?uid=6cd01e24c6a7959516b54bb4&output=html&source=placeapi_v2,,,,,,,,,,1,,,,,,,,121.48870054589,29.848819878475,0
992fd1916e5039c0f03cba00,保强汽车电瓶,汽车服务,汽车配件,浙江省,宁波市,海曙区,浙江省宁波市海曙区启运路2-52号,992fd1916e5039c0f03cba00,1,0,121.511442,29.85294,15968900153,life,http://api.map.baidu.com/place/detail?uid=992fd1916e5039c0f03cba00&output=html&source=placeapi_v2,,07:00-21:00,,,,,,,,17,,,,,,,,121.51155000743,29.853039012476,0
d7aa07454e430d2483a00cab,长菱汽配,汽车服务,汽车配件,浙江省,宁波市,海曙区,浙江省宁波市海曙区金云街11号锦丰纺织,d7aa07454e430d2483a00cab,1,0,121.507302,29.849519,,life,http://api.map.baidu.com/place/detail?uid=d7aa07454e430d2483a00cab&output=html&source=placeapi_v2,,,,,,,,,,,,,,,,,,,,0
4d88513d0a90a37401294f65,双钱回力轮胎,汽车服务,汽车配件,浙江省,宁波市,海曙区,浙江省宁波市海曙区启运路291号,4d88513d0a90a37401294f65,1,0,121.515473,29.849521,15557476803,life,http://api.map.baidu.com/place/detail?uid=4d88513d0a90a37401294f65&output=html&source=placeapi_v2,,,,,,,,,,6,,,,,,,,121.51558524608,29.84962269275,0
0a374c537dff5f104e5547c3,挖机配件,汽车服务,汽车配件,浙江省,宁波市,鄞州区,浙江省宁波市鄞州区四明西路475号,0a374c537dff5f104e5547c3,1,0,121.539782,29.832953,13806673492,life,http://api.map.baidu.com/place/detail?uid=0a374c537dff5f104e5547c3&output=html&source=placeapi_v2,,10:00-22:00,,,,,,,,8,,,,,,,,121.53978171134,29.832982046484,0
10f5060168ff19b133169bcd,永一汽车电子(顺德路店),汽车服务,汽车配件,浙江省,宁波市,海曙区,浙江省宁波市海曙区顺德路22号18~19号,10f5060168ff19b133169bcd,1,0,121.527394,29.852777,13586896066,life,http://api.map.baidu.com/place/detail?uid=10f5060168ff19b133169bcd&output=html&source=placeapi_v2,,,,,,,,,,23,,,,,,,,121.52733196323,29.852806690925,0
eb97831b60f1cb62932ca3c1,小吴汽车电瓶,汽车服务,汽车配件,浙江省,宁波市,鄞州区,浙江省宁波市鄞州区四明西路363号,eb97831b60f1cb62932ca3c1,1,0,121.542685,29.832953,13777130223,life,http://api.map.baidu.com/place/detail?uid=eb97831b60f1cb62932ca3c1&output=html&source=placeapi_v2,,,,,,,,,,5,,,,,,,,121.54268845819,29.832970201513,0
5a06d2edd92c90619ff779ff,实多润滑油,汽车服务,汽车配件,浙江省,宁波市,鄞州区,宁波市鄞州区麟寓路都市森林-一期,,1,0,121.551978,29.837897,,life,http://api.map.baidu.com/place/detail?uid=5a06d2edd92c90619ff779ff&output=html&source=placeapi_v2,,,,,,,,,,5,,,,,,,,121.55179644782,29.837898489943,0
3fa87cb92ca51b454054d738,宁波众奥汽配,汽车服务,汽车配件,浙江省,宁波市,海曙区,浙江省宁波市海曙区环城西路942号-112号112号,3fa87cb92ca51b454054d738,1,0,121.527881,29.851528,13805806699,life,http://api.map.baidu.com/place/detail?uid=3fa87cb92ca51b454054d738&output=html&source=placeapi_v2,,08:00-18:00,,,,,,,,5,,,,,,,,,,0
ac074e9dff137b349c09f74c,万路达汽车配件有限公司,汽车服务,汽车配件,浙江省,宁波市,海曙区,浙江省宁波市海曙区环城西路南段1083号,ac074e9dff137b349c09f74c,1,0,121.526955,29.846913,13738422831,life,http://api.map.baidu.com/place/detail?uid=ac074e9dff137b349c09f74c&output=html&source=placeapi_v2,,07:30-18:30,,,,,,,,4,,,,,,,,,,0
7c2d23bbcb8f49c9c056ace7,老王轮胎店(如意金水湾店),汽车服务,汽车配件,浙江省,宁波市,鄞州区,浙江省宁波市鄞州区金家二路108-109号如意金水湾109号,7c2d23bbcb8f49c9c056ace7,1,0,121.553374,29.845823,13586522578,life,http://api.map.baidu.com/place/detail?uid=7c2d23bbcb8f49c9c056ace7&output=html&source=placeapi_v2,,06:00-21:00,5,,,,,,,48,6,,,,,,,121.55327958256,29.845828602775,0
050c90b54fb67ce516764363,元盛汽车用品批发实体店(途虎养车店),汽车服务,汽车配件,浙江省,宁波市,海曙区,宁波市海曙区顺德路185号-112号,050c90b54fb67ce516764363,1,0,121.527451,29.852744,13276821897,life,http://api.map.baidu.com/place/detail?uid=050c90b54fb67ce516764363&output=html&source=placeapi_v2,,08:00-18:00,,,,,,,,12,,,,,,,,121.52737808673,29.852607851071,0
11b94d6e4dc298482811d167,华杰汽配,汽车服务,汽车配件,浙江省,宁波市,海曙区,宁波市海曙区顺德路宁波市汽配市场,11b94d6e4dc298482811d167,1,0,121.528201,29.851667,"(0574)87485128,13606587289",life,http://api.map.baidu.com/place/detail?uid=11b94d6e4dc298482811d167&output=html&source=placeapi_v2,,,,,,,,,,12,,,,,,,,,,0
55ecaf91301ab6e65cbe86d7,宝锋轴承连锁,汽车服务,汽车配件,浙江省,宁波市,海曙区,浙江省宁波市海曙区环城西路942-16-18号汽配市场107号,55ecaf91301ab6e65cbe86d7,1,0,121.528115,29.851698,15088856599,life,http://api.map.baidu.com/place/detail?uid=55ecaf91301ab6e65cbe86d7&output=html&source=placeapi_v2,,,,,,,,,,2,,,,,,,,121.5283064713,29.851639016659,0
a979b7a4d1af8eb70a1cc75d,宁波九联汽配,汽车服务,汽车配件,浙江省,宁波市,海曙区,浙江省宁波市海曙区环城西路南段942汽配市场36号,a979b7a4d1af8eb70a1cc75d,1,0,121.527876,29.85154,,life,http://api.map.baidu.com/place/detail?uid=a979b7a4d1af8eb70a1cc75d&output=html&source=placeapi_v2,,07:30-20:00,,,,,,,,9,,,,,,,,121.52789952163,29.851573022506,0
b082bceb54485514c51b75bc,飞劲轮胎,汽车服务,汽车配件,浙江省,宁波市,海曙区,浙江省宁波市海曙区南苑街启文小区,b082bceb54485514c51b75bc,1,0,121.53845,29.854556,,life,http://api.map.baidu.com/place/detail?uid=b082bceb54485514c51b75bc&output=html&source=placeapi_v2,,,,,,,,,,,,,,,,,,121.53872180157,29.854481674769,0
329f302e4369c3d72a02e106,金捷汽配,汽车服务,汽车配件,浙江省,宁波市,海曙区,浙江省宁波市海曙区环城西路南段942号宁波市汽配市场330号,,1,0,121.52748,29.851596,"(0574)87493683,13736068662",life,http://api.map.baidu.com/place/detail?uid=329f302e4369c3d72a02e106&output=html&source=placeapi_v2,,,,,,,,,,5,,,,,,,,,,0
640db979a99314f7cd04ef13,万得汽配,汽车服务,汽车配件,浙江省,宁波市,海曙区,宁波市海曙区顺德路宁波市汽配市场,640db979a99314f7cd04ef13,1,0,121.52816,29.851576,"(0574)87485128,18057437935",life,http://api.map.baidu.com/place/detail?uid=640db979a99314f7cd04ef13&output=html&source=placeapi_v2,,08:00-18:00,,,,,,,,10,,,,,,,,121.52822702855,29.851536585862,0
10e69ff5b8d714944002454b,东风日产(顺德路店),汽车服务,汽车配件,浙江省,宁波市,海曙区,浙江省宁波市海曙区顺德路132号,10e69ff5b8d714944002454b,1,0,121.527814,29.851572,"(0574)87485457,13906689519",life,http://api.map.baidu.com/place/detail?uid=10e69ff5b8d714944002454b&output=html&source=placeapi_v2,,09:00-18:00,,,,,,,,11,,,,,,,,,,0
22a36fb45e475e461e5800f4,宁波倍哥汽配有限公司,汽车服务,汽车配件,浙江省,宁波市,海曙区,浙江省宁波市海曙区环城西路942号汽配市场110号,22a36fb45e475e461e5800f4,1,0,121.52795,29.851433,(0574)87412291,life,http://api.map.baidu.com/place/detail?uid=22a36fb45e475e461e5800f4&output=html&source=placeapi_v2,,08:00-18:00,,,,,,,,4,,,,,,,,121.52800735782,29.851515130977,0
0bf950176eae09c13be4a621,宁波微型汽配,汽车服务,汽车配件,浙江省,宁波市,海曙区,浙江省宁波市海曙区环城西路南段942号汽配市场15号,0bf950176eae09c13be4a621,1,0,121.528153,29.851516,"(0574)87486376,(0574)87496933",life,http://api.map.baidu.com/place/detail?uid=0bf950176eae09c13be4a621&output=html&source=placeapi_v2,,08:00-18:00,,,,,,,,15,,,,,,,,121.52819303757,29.851492758204,0
57590d0c6c99b4d0fbdc85be,忠诚汽配,汽车服务,汽车配件,浙江省,宁波市,海曙区,浙江省宁波市海曙区环城西路宁波汽配市场922号,,1,0,121.527254,29.851468,(0574)87207088,life,http://api.map.baidu.com/place/detail?uid=57590d0c6c99b4d0fbdc85be&output=html&source=placeapi_v2,,07:30-20:00,,,,,,,,2,,,,,,,,121.52730347527,29.851439083918,0
bc8fb4c3034cc1f5ae045751,德华汽配,汽车服务,汽车配件,浙江省,宁波市,海曙区,宁波市海曙区顺德路宁波市汽配市场,bc8fb4c3034cc1f5ae045751,1,0,121.527309,29.852349,,life,http://api.map.baidu.com/place/detail?uid=bc8fb4c3034cc1f5ae045751&output=html&source=placeapi_v2,,,,,,,,,,1,,,,,,,,,,0
1439ea04f064ddb4adb22ab5,灵凌汽配,汽车服务,汽车配件,浙江省,宁波市,海曙区,宁波市海曙区顺德路宁波市汽配市场,,1,0,121.527401,29.851792,(0574)87487270,life,http://api.map.baidu.com/place/detail?uid=1439ea04f064ddb4adb22ab5&output=html&source=placeapi_v2,,,,,,,,,,6,,,,,,,,121.52742415093,29.851825467206,0
81e89d4e235df30a46572669,宁波启航汽配起动机发动机,汽车服务,汽车配件,浙江省,宁波市,海曙区,浙江省宁波市海曙区顺德路南门汽配城431号,,1,0,121.527313,29.851772,15336662293,life,http://api.map.baidu.com/place/detail?uid=81e89d4e235df30a46572669&output=html&source=placeapi_v2,,08:00-18:00,,,,,,,,4,,,,,,,,,,0
3e4e074f05319eb4af045734,倍哥轻卡大全,汽车服务,汽车配件,浙江省,宁波市,海曙区,宁波市海曙区顺德路宁波市汽配市场,,1,0,121.528001,29.851574,"(0574)56129588,(0574)87481867",life,http://api.map.baidu.com/place/detail?uid=3e4e074f05319eb4af045734&output=html&source=placeapi_v2,,,,,,,,,,2,,,,,,,,121.52797295831,29.851534053823,0
665b7b1963b45a74e0110306,莫古奕配(宁波平平海曙大众店),汽车服务,汽车配件,浙江省,宁波市,海曙区,浙江省宁波市海曙区环城西路042~043号,665b7b1963b45a74e0110306,1,0,121.528014,29.851449,"(0574)87481187,13175962558",life,http://api.map.baidu.com/place/detail?uid=665b7b1963b45a74e0110306&output=html&source=placeapi_v2,,,,,,,,,,4,,,,,,,,121.52800121431,29.851519059766,0
c3dcb83f75b8e5eb52e5c591,美合汽配,汽车服务,汽车配件,浙江省,宁波市,海曙区,浙江省宁波市海曙区环城西路南段942号宁波市汽配市场20号,,1,0,121.527986,29.851315,,life,http://api.map.baidu.com/place/detail?uid=c3dcb83f75b8e5eb52e5c591&output=html&source=placeapi_v2,,08:00-18:00,,,,,,,,6,,,,,,,,121.52802602102,29.851289526203,0
3edec50b03bf8f3efa42b299,宁波维驰汽配,汽车服务,汽车配件,浙江省,宁波市,海曙区,浙江省宁波市海曙区环城西路942号南门汽配市场510号,,1,0,121.527877,29.851325,"(0574)87645890,13858228657",life,http://api.map.baidu.com/place/detail?uid=3edec50b03bf8f3efa42b299&output=html&source=placeapi_v2,,08:00-18:00,,,,,,,,3,,,,,,,,,,0
e72f7e9c667c42b5d12dd649,丰翼汽配,汽车服务,汽车配件,浙江省,宁波市,海曙区,浙江省宁波市海曙区环城西路南段942号南门汽配市场115号,,1,0,121.527998,29.851466,,life,http://api.map.baidu.com/place/detail?uid=e72f7e9c667c42b5d12dd649&output=html&source=placeapi_v2,,08:00-18:00,,,,,,,,6,,,,,,,,,,0
9f08cd09bc92c1158c55ecec,朝阳轮胎店,汽车服务,汽车配件,浙江省,宁波市,海曙区,浙江省宁波市海曙区环城西路南段936号,,1,0,121.528919,29.852037,,life,http://api.map.baidu.com/place/detail?uid=9f08cd09bc92c1158c55ecec&output=html&source=placeapi_v2,,,,,,,,,,,,,,,,,,121.52880265464,29.851866476233,0
12f68d8cfd7591d63010af38,宁波云迪汽配,汽车服务,汽车配件,浙江省,宁波市,海曙区,浙江省宁波市海曙区顺德路136弄南门汽配市场872号,12f68d8cfd7591d63010af38,1,0,121.527292,29.851738,"(0574)87337507,18867628866",life,http://api.map.baidu.com/place/detail?uid=12f68d8cfd7591d63010af38&output=html&source=placeapi_v2,,,,,,,,,,9,,,,,,,,,,0
91a55985069a7b1588fc06ee,茂丰汽配,汽车服务,汽车配件,浙江省,宁波市,海曙区,浙江省宁波市海曙区环城西路南段942号南门汽配市场402号,,1,0,121.527648,29.852117,(0574)56707808,life,http://api.map.baidu.com/place/detail?uid=91a55985069a7b1588fc06ee&output=html&source=placeapi_v2,,08:00-18:00,,,,,,,,6,,,,,,,,121.52777677324,29.852084908238,0
4a11b53bd0c0005397ca0753,盛涛汽配,汽车服务,汽车配件,浙江省,宁波市,海曙区,浙江省宁波市海曙区环城西路408~409号南门汽配市场408号,4a11b53bd0c0005397ca0753,1,0,121.527615,29.851942,"(0574)87489676,18968291888",life,http://api.map.baidu.com/place/detail?uid=4a11b53bd0c0005397ca0753&output=html&source=placeapi_v2,,08:30-18:00,,,,,,,,4,,,,,,,,,,0
38397d34963ebf4ff4231018,宁波韩现汽配,汽车服务,汽车配件,浙江省,宁波市,海曙区,浙江省宁波市海曙区环城西路942号南门汽配市场113号,,1,0,121.527998,29.851472,"(0574)56707868,13586559183",life,http://api.map.baidu.com/place/detail?uid=38397d34963ebf4ff4231018&output=html&source=placeapi_v2,,08:00-18:00,,,,,,,,7,,,,,,,,121.52802248169,29.851507083417,0
00e8e1d6b3167484095cb300,电瓶总汇,汽车服务,汽车配件,浙江省,宁波市,海曙区,浙江省宁波市海曙区环城西路南段938号,00e8e1d6b3167484095cb300,1,0,121.528601,29.852057,13586925220,life,http://api.map.baidu.com/place/detail?uid=00e8e1d6b3167484095cb300&output=html&source=placeapi_v2,,08:00-18:00,,,,,,,,3,,,,,,,,121.52854024702,29.851977397159,0
9eb0d6939e0f1d960869d99d,专营电瓶,汽车服务,汽车配件,浙江省,宁波市,海曙区,宁波市海曙区顺德路香蕉酒店(段塘东路店)北侧约210米,9eb0d6939e0f1d960869d99d,1,0,121.528592,29.852063,,life,http://api.map.baidu.com/place/detail?uid=9eb0d6939e0f1d960869d99d&output=html&source=placeapi_v2,,,,,,,,,,,,,,,,,,,,0
d949b7fbfdc2f65f8f55eca7,佳沁汽配,汽车服务,汽车配件,浙江省,宁波市,海曙区,浙江省宁波市海曙区环城西路942号南门汽配市场323号,,1,0,121.527332,29.851405,18957836379,life,http://api.map.baidu.com/place/detail?uid=d949b7fbfdc2f65f8f55eca7&output=html&source=placeapi_v2,,,,,,,,,,4,,,,,,,,,,0
04742336dc8a5c24c8213d2e,喆喆汽配,汽车服务,汽车配件,浙江省,宁波市,海曙区,浙江省宁波市海曙区顺德路宁波市汽配市场,,1,0,121.527498,29.851622,"(0574)83868339,18888666872",life,http://api.map.baidu.com/place/detail?uid=04742336dc8a5c24c8213d2e&output=html&source=placeapi_v2,,,,,,,,,,4,,,,,,,,,,0
419d6e14780e0c9b1894c6ea,鑫丰汽配,汽车服务,汽车配件,浙江省,宁波市,海曙区,浙江省宁波市海曙区环城西路942号,,1,0,121.527613,29.85167,,life,http://api.map.baidu.com/place/detail?uid=419d6e14780e0c9b1894c6ea&output=html&source=placeapi_v2,,,,,,,,,,5,,,,,,,,,,0
9ad37449e485b0d912882485,国宇汽配,汽车服务,汽车配件,浙江省,宁波市,海曙区,宁波市海曙区顺德路宁波市汽配市场,,1,0,121.527331,29.851545,,life,http://api.map.baidu.com/place/detail?uid=9ad37449e485b0d912882485&output=html&source=placeapi_v2,,,,,,,,,,12,,,,,,,,121.52736437679,29.851519133535,0
94878887ac693a30095cb3ab,达兴汽配,汽车服务,汽车配件,浙江省,宁波市,海曙区,浙江省宁波市海曙区环城西路942号汽配市场403号,94878887ac693a30095cb3ab,1,0,121.527681,29.852099,"(0574)87472135,13157428919",life,http://api.map.baidu.com/place/detail?uid=94878887ac693a30095cb3ab&output=html&source=placeapi_v2,,,,,,,,,,9,,,,,,,,,,0
fe3a16f4cf7dd1532902e1e0,志马汽配,汽车服务,汽车配件,浙江省,宁波市,海曙区,浙江省宁波市海曙区环城西路南段942号南门汽配市场511号,fe3a16f4cf7dd1532902e1e0,1,0,121.527345,29.851918,"(0574)87412291,(0574)87412296",life,http://api.map.baidu.com/place/detail?uid=fe3a16f4cf7dd1532902e1e0&output=html&source=placeapi_v2,,,,,,,,,,3,,,,,,,,121.52731868088,29.8518815975,0
7c79c562aa2ad11e77026923,宁波晗宇汽配有限公司,汽车服务,汽车配件,浙江省,宁波市,海曙区,宁波市海曙区顺德路宁波市汽配市场,7c79c562aa2ad11e77026923,1,0,121.52781,29.852039,,life,http://api.map.baidu.com/place/detail?uid=7c79c562aa2ad11e77026923&output=html&source=placeapi_v2,,,,,,,,,,1,,,,,,,,,,0
6d21fd78721189eb4e776e9d,威力三星汽配皮带,汽车服务,汽车配件,浙江省,宁波市,海曙区,宁波市海曙区顺德路宁波市汽配市场,,1,0,121.527547,29.851686,,life,http://api.map.baidu.com/place/detail?uid=6d21fd78721189eb4e776e9d&output=html&source=placeapi_v2,,,,,,,,,,5,,,,,,,,,,0
9a56d8cf78e3c2bd2fb17eec,金元汽配,汽车服务,汽车配件,浙江省,宁波市,海曙区,浙江省宁波市海曙区环城西路南段942号汽配市场435号,9a56d8cf78e3c2bd2fb17eec,1,0,121.527467,29.851854,13456164163,life,http://api.map.baidu.com/place/detail?uid=9a56d8cf78e3c2bd2fb17eec&output=html&source=placeapi_v2,,08:30-18:00,5,,,,,,,12,1,,,,,,,121.52767284322,29.85193476464,0
ab010534294d0f1cfbdc856e,通顺汽配,汽车服务,汽车配件,浙江省,宁波市,海曙区,宁波市海曙区顺德路宁波市汽配市场,ab010534294d0f1cfbdc856e,1,0,121.527833,29.852087,(0574)87240585,life,http://api.map.baidu.com/place/detail?uid=ab010534294d0f1cfbdc856e&output=html&source=placeapi_v2,,,,,,,,,,7,,,,,,,,121.52777857543,29.852084063086,0
fa9d278c84d6ced459f6be99,长丰车料配件批发中心,汽车服务,汽车配件,浙江省,宁波市,鄞州区,宁波市鄞州区宁南北路长丰二村西北侧约100米,fa9d278c84d6ced459f6be99,1,0,121.552307,29.8521,13645749591,life,http://api.map.baidu.com/place/detail?uid=fa9d278c84d6ced459f6be99&output=html&source=placeapi_v2,,,0,,,,,,,21,0,,,,,,,121.55222033034,29.852087831574,0
d8e763c0c153fdd7ae31e50b,宁波宝力汽车部件有限公司,汽车服务,汽车配件,浙江省,宁波市,鄞州区,宁波市鄞州区天童北路933号和邦大厦A座536室,d8e763c0c153fdd7ae31e50b,1,0,121.560733,29.840659,,life,http://api.map.baidu.com/place/detail?uid=d8e763c0c153fdd7ae31e50b&output=html&source=placeapi_v2,,09:00-18:30,,,,,,,,1,,,,,,,,,,0
9d4fac08d01a2900bfa82236,宁波恒隆汽配,汽车服务,汽车配件,浙江省,宁波市,海曙区,浙江省宁波市海曙区环城西路南段942号汽配市场23号,9d4fac08d01a2900bfa82236,1,0,121.5279,29.851219,"(0574)87627110,15990532390,18368462988",life,http://api.map.baidu.com/place/detail?uid=9d4fac08d01a2900bfa82236&output=html&source=placeapi_v2,,,,,,,,,,10,,,,,,,,,,0
34b781f3793dbde058f6be77,宁波国泰汽配,汽车服务,汽车配件,浙江省,宁波市,海曙区,浙江省宁波市海曙区环城西路南段942号汽配市场852号,34b781f3793dbde058f6be77,1,0,121.527417,29.852307,"(0574)87494698,18957866719",life,http://api.map.baidu.com/place/detail?uid=34b781f3793dbde058f6be77&output=html&source=placeapi_v2,,08:00-17:30,,,,,,,,9,,,,,,,,121.52754947893,29.85250685543,0
807f38a06d604d0436b06c7a,金泉昌汽配,汽车服务,汽车配件,浙江省,宁波市,海曙区,环城西路942-16-18号附近,807f38a06d604d0436b06c7a,1,0,121.528031,29.851362,"(0574)87482430,18858031518",life,http://api.map.baidu.com/place/detail?uid=807f38a06d604d0436b06c7a&output=html&source=placeapi_v2,,08:00-18:00,,,,,,,,10,,,,,,,,,,0
378847484b897f9dc6effb7e,求美汽配,汽车服务,汽车配件,浙江省,宁波市,海曙区,浙江省宁波市海曙区环城西路105~106号南门汽配城342号,378847484b897f9dc6effb7e,1,0,121.528185,29.851653,"(0574)87461576,(0574)87481682",life,http://api.map.baidu.com/place/detail?uid=378847484b897f9dc6effb7e&output=html&source=placeapi_v2,,,,,,,,,,4,,,,,,,,,,0
4efdb9c8c7c160579cec2baf,路捷行汽配连锁(鄞州店),汽车服务,汽车配件,浙江省,宁波市,鄞州区,浙江省宁波市鄞州区长寿南路76号,4efdb9c8c7c160579cec2baf,1,0,121.580643,29.843687,(0574)88316302,life,http://api.map.baidu.com/place/detail?uid=4efdb9c8c7c160579cec2baf&output=html&source=placeapi_v2,,08:00-18:30,0,,,,,,,10,1,,,,,,,121.58069074727,29.843650618452,0
71aac9922768d3a72fb17e39,汽车钥匙,汽车服务,汽车配件,浙江省,宁波市,鄞州区,浙江省宁波市鄞州区春园路581号,71aac9922768d3a72fb17e39,1,0,121.580258,29.842319,,life,http://api.map.baidu.com/place/detail?uid=71aac9922768d3a72fb17e39&output=html&source=placeapi_v2,,00:00-23:00,0,,,,,,,13,0,,,,,,,,,0
7449321bf3baca961c38940e,道声汽车音响(创新路店),汽车服务,汽车配件,浙江省,宁波市,鄞州区,浙江省宁波市鄞州区创新路286号,7449321bf3baca961c38940e,1,0,121.584973,29.834978,13777006588,life,http://api.map.baidu.com/place/detail?uid=7449321bf3baca961c38940e&output=html&source=placeapi_v2,,10:00-22:00,0,,,,,,,10,0,,,,,,,121.585206459,29.834862402028,0
e379ee3a9bf1e921932ca337,保养钣金轮胎空调,汽车服务,汽车配件,浙江省,宁波市,鄞州区,宁波市鄞州区科技支路荣安和院东北侧约70米,e379ee3a9bf1e921932ca337,1,0,121.58598,29.839056,,life,http://api.map.baidu.com/place/detail?uid=e379ee3a9bf1e921932ca337&output=html&source=placeapi_v2,,,,,,,,,,1,,,,,,,,,,0
98adaeb834bdf7b32b06ce08,鸿利行汽车音响电子服务联盟,汽车服务,汽车配件,浙江省,宁波市,鄞州区,浙江省宁波市鄞州区紫诚路599号,98adaeb834bdf7b32b06ce08,1,0,121.600277,29.832949,13136309313,life,http://api.map.baidu.com/place/detail?uid=98adaeb834bdf7b32b06ce08&output=html&source=placeapi_v2,,09:00-18:00,5,,,,,,,17,2,,,,,,,121.60014038565,29.833029169288,0
4e5f2795e339419bb05c6a5e,华顺新胎二手轮胎,汽车服务,汽车配件,浙江省,宁波市,鄞州区,浙江省宁波市鄞州区宁横路1603号,4e5f2795e339419bb05c6a5e,1,0,121.590924,29.833622,17098773659,life,http://api.map.baidu.com/place/detail?uid=4e5f2795e339419bb05c6a5e&output=html&source=placeapi_v2,,07:00-22:00,5,,,,,,,13,2,,,,,,,121.59072021869,29.83368782716,0
abbb025baa710446a1a9340a,骆驼蓄电池,汽车服务,汽车配件,浙江省,宁波市,鄞州区,浙江省宁波市鄞州区凤起路89号,abbb025baa710446a1a9340a,1,0,121.595261,29.83359,13857872384,life,http://api.map.baidu.com/place/detail?uid=abbb025baa710446a1a9340a&output=html&source=placeapi_v2,,00:00-24:00,,,,,,,,9,,,,,,,,121.5951110965,29.833659340592,0
7ec1025eabfdef81d8ecedde,打击电信诈骗,汽车服务,汽车配件,浙江省,宁波市,鄞州区,宁波市鄞州区钱湖北路友邦世界之家(麦德龙路店),,1,0,121.572464,29.845077,,life,http://api.map.baidu.com/place/detail?uid=7ec1025eabfdef81d8ecedde&output=html&source=placeapi_v2,,,,,,,,,,,,,,,,,,121.57269563689,29.845089855263,0
8318903215ef873f8c55ec78,嘉丰汽车修理店(嘉丰轮胎店),汽车服务,汽车配件,浙江省,宁波市,鄞州区,浙江省宁波市鄞州区紫城路589号,8318903215ef873f8c55ec78,1,0,121.600333,29.833169,15726838878,life,http://api.map.baidu.com/place/detail?uid=8318903215ef873f8c55ec78&output=html&source=placeapi_v2,,08:30-18:00,0,,,,,,,22,0,,,,,,,121.60025225523,29.833174677624,0
6ab50330bea8786b4e776eb0,华龙二手轮胎(创新路店),汽车服务,汽车配件,浙江省,宁波市,鄞州区,浙江省宁波市鄞州区创新路32号,6ab50330bea8786b4e776eb0,1,0,121.581412,29.826388,13867893224,life,http://api.map.baidu.com/place/detail?uid=6ab50330bea8786b4e776eb0&output=html&source=placeapi_v2,,00:00-24:00,,,,,,,,12,,,,,,,,121.58137753417,29.826400237893,0
0956657889e3679bb23c811d,嘉实多润滑油,汽车服务,汽车配件,浙江省,宁波市,鄞州区,宁波市鄞州区长寿东路格兰郡庭东南侧约190米,0956657889e3679bb23c811d,1,0,121.593818,29.837455,,life,http://api.map.baidu.com/place/detail?uid=0956657889e3679bb23c811d&output=html&source=placeapi_v2,,,,,,,,,,7,,,,,,,,121.59373063988,29.837303219072,0
7b6f6f1349cba2ede956fabd,新胎二手轮胎,汽车服务,汽车配件,浙江省,宁波市,鄞州区,宁波市鄞州区创新路东裕社区-C区,7b6f6f1349cba2ede956fabd,1,0,121.581422,29.826416,13867893224,life,http://api.map.baidu.com/place/detail?uid=7b6f6f1349cba2ede956fabd&output=html&source=placeapi_v2,,,,,,,,,,4,,,,,,,,121.58138728258,29.826425880787,0
2ad795b7e5d11b53a21de963,理士汽车电瓶专卖,汽车服务,汽车配件,浙江省,宁波市,鄞州区,浙江省宁波市鄞州区四明东路128-6号,2ad795b7e5d11b53a21de963,1,0,121.588097,29.829912,"18395861454,18667431137",life,http://api.map.baidu.com/place/detail?uid=2ad795b7e5d11b53a21de963&output=html&source=placeapi_v2,,07:00-23:59,5,,,,,,,1,2,,,,,,,121.58799291286,29.829750306283,0
dec00447f9fdd2124afc8d2c,汽车钥匙,汽车服务,汽车配件,浙江省,宁波市,鄞州区,浙江省宁波市鄞州区百丈东路11号楼6单元232室,dec00447f9fdd2124afc8d2c,1,0,121.571352,29.832695,"(0574)88888844,13819420006",life,http://api.map.baidu.com/place/detail?uid=dec00447f9fdd2124afc8d2c&output=html&source=placeapi_v2,,,,,,,,,,8,,,,,,,,121.57134067508,29.832609634583,0
6348d8db13a9db0c6140a91e,车璃子汽车玻璃专家,汽车服务,汽车配件,浙江省,宁波市,鄞州区,浙江省宁波市鄞州区佳童巷新佳苑1号,6348d8db13a9db0c6140a91e,1,0,121.598363,29.847692,13136372330,life,http://api.map.baidu.com/place/detail?uid=6348d8db13a9db0c6140a91e&output=html&source=placeapi_v2,,,,,,,,,,13,,,,,,,,,,0
8c4441be0922cdb1246e9802,荣业润滑油商行,汽车服务,汽车配件,浙江省,宁波市,鄞州区,宁波市鄞州区甬兴西路159号,8c4441be0922cdb1246e9802,1,0,121.569921,29.849802,,life,http://api.map.baidu.com/place/detail?uid=8c4441be0922cdb1246e9802&output=html&source=placeapi_v2,,,0.0,,,,,,,8,,,,,,,,121.56982228725,29.849928905668,0
d08c15651f5148a9f7e73bd2,普利司通轮胎(沧海路店),汽车服务,汽车配件,浙江省,宁波市,鄞州区,浙江省宁波市鄞州区沧海路2864号,d08c15651f5148a9f7e73bd2,1,0,121.5946,29.840785,13136311826,life,http://api.map.baidu.com/place/detail?uid=d08c15651f5148a9f7e73bd2&output=html&source=placeapi_v2,,08:00-19:00,0,,,,,,,12,2,,,,,,,121.59460792055,29.840681007049,0
d066be419975ad0b8a36eecc,通伊欧轮胎,汽车服务,汽车配件,浙江省,宁波市,鄞州区,宁波市鄞州区里缪家路永泰花园,d066be419975ad0b8a36eecc,1,0,121.564241,29.844344,"(0574)88113311,13065880777",life,http://api.map.baidu.com/place/detail?uid=d066be419975ad0b8a36eecc&output=html&source=placeapi_v2,,,,,,,,,,1,,,,,,,,,,0
4fb65e415002566d7f29bd5a,知音汽车音响,汽车服务,汽车配件,浙江省,宁波市,鄞州区,浙江省宁波市鄞州区金谷北路136号,4fb65e415002566d7f29bd5a,1,0,121.618097,29.835603,18067114444,life,http://api.map.baidu.com/place/detail?uid=4fb65e415002566d7f29bd5a&output=html&source=placeapi_v2,,09:00-22:00,5,,,,,,,11,5,,,,,,,121.61801026936,29.835642357011,0
0dfdd3d26573a43c912ca376,鸣鸣汽车漆,汽车服务,汽车配件,浙江省,宁波市,鄞州区,宁波市鄞州区海晏南路颐璟园东侧约150米,0dfdd3d26573a43c912ca376,1,0,121.616854,29.848435,13296861770,life,http://api.map.baidu.com/place/detail?uid=0dfdd3d26573a43c912ca376&output=html&source=placeapi_v2,,,,,,,,,,8,,,,,,,,,,0
3ef8ad544e47b1a12fe67b7d,宁波洋旭汽配有限公司,汽车服务,汽车配件,浙江省,宁波市,鄞州区,邱益镇出租车服务中心A2一03号,3ef8ad544e47b1a12fe67b7d,1,0,121.617506,29.848389,"13116619829,18057186588",life,http://api.map.baidu.com/place/detail?uid=3ef8ad544e47b1a12fe67b7d&output=html&source=placeapi_v2,,,,,,,,,,16,2,,,,,,,,,0
e9457b18b159143a581093d3,福庆汽车玻璃,汽车服务,汽车配件,浙江省,宁波市,鄞州区,宁波市鄞州区海晏南路润玉园西侧约130米,e9457b18b159143a581093d3,1,0,121.617344,29.848569,13616888968,life,http://api.map.baidu.com/place/detail?uid=e9457b18b159143a581093d3&output=html&source=placeapi_v2,,07:00-20:00,5,,,,,,,23,2,,,,,,,121.61729903075,29.848401456732,0
d32e96039f71bc35901fc9d6,永和汽配,汽车服务,汽车配件,浙江省,宁波市,鄞州区,宁波市鄞州区海晏南路润玉园西侧约90米,d32e96039f71bc35901fc9d6,1,0,121.617771,29.848724,"(0574)89022519,13071922584",life,http://api.map.baidu.com/place/detail?uid=d32e96039f71bc35901fc9d6&output=html&source=placeapi_v2,,,,,,,,,,6,,,,,,,,,,0
63badd9d6f3f4e0bdbd8917a,大丰汽配,汽车服务,汽车配件,浙江省,宁波市,鄞州区,浙江省宁波市鄞州区东部出租汽车服务中心a2幢43~46号,63badd9d6f3f4e0bdbd8917a,1,0,121.617519,29.84854,"(0574)88415010,13605748502",life,http://api.map.baidu.com/place/detail?uid=63badd9d6f3f4e0bdbd8917a&output=html&source=placeapi_v2,,00:00-24:00,5,,,,,,,16,1,,,,,,,121.6175167987,29.848595895292,0
8a0e3e6327ecb7304e5547ff,电瓶大世界,汽车服务,汽车配件,浙江省,宁波市,鄞州区,浙江省宁波市鄞州区第二岀租车服务中心21~22号,8a0e3e6327ecb7304e5547ff,1,0,121.617388,29.848561,(0574)88313286,life,http://api.map.baidu.com/place/detail?uid=8a0e3e6327ecb7304e5547ff&output=html&source=placeapi_v2,,08:00-20:00,,,,,,,,14,,,,,,,,121.61741236171,29.848615836857,0
8da88a81ac4a44ce210220cb,宁波市邱隘珊珊轮胎店,汽车服务,汽车配件,浙江省,宁波市,鄞州区,宁波市鄞州区环城南路后殷小区南侧,8da88a81ac4a44ce210220cb,1,0,121.621177,29.84721,(0574)88074738,life,http://api.map.baidu.com/place/detail?uid=8da88a81ac4a44ce210220cb&output=html&source=placeapi_v2,,05:00-21:00,,,,,,,,6,,,,,,,,,,0
bb0275881d4ca8807f29bdec,宁波展鹏汽配(江东店),汽车服务,汽车配件,浙江省,宁波市,鄞州区,宁波市鄞州区后殷村出租车服务中心汽配区A3-13-14号,bb0275881d4ca8807f29bdec,1,0,121.617084,29.848787,"(0574)88412701,(0574)88416701,13857898706",life,http://api.map.baidu.com/place/detail?uid=bb0275881d4ca8807f29bdec&output=html&source=placeapi_v2,,08:00-18:00,5,,,,,,,21,1,,,,,,,121.61705763074,29.848684122106,0
3c8c9ffa2a4dc56e3c9a5ece,宁波众欣汽配商行,汽车服务,汽车配件,浙江省,宁波市,鄞州区,宁波市鄞州区潘火路717号缔壹城17号,3c8c9ffa2a4dc56e3c9a5ece,1,0,121.617598,29.848706,15990284345,life,http://api.map.baidu.com/place/detail?uid=3c8c9ffa2a4dc56e3c9a5ece&output=html&source=placeapi_v2,,,,,,,,,,11,,,,,,,,121.6175478118,29.848590010041,0
ee963b07294e64aab9df8fcd,宁波元畅汽配,汽车服务,汽车配件,浙江省,宁波市,鄞州区,宁波市鄞州区海晏南路润玉园西侧约140米,,1,0,121.617264,29.84859,"(0574)88396542,13857825716",life,http://api.map.baidu.com/place/detail?uid=ee963b07294e64aab9df8fcd&output=html&source=placeapi_v2,,,,,,,,,,3,,,,,,,,121.6172770311,29.848641640893,0
fd4eee8203f0fde7ae080f9b,建兴汽配,汽车服务,汽车配件,浙江省,宁波市,鄞州区,宁波市鄞州区海晏南路润玉园西侧约130米,fd4eee8203f0fde7ae080f9b,1,0,121.617321,29.848721,"(0574)88418030,13906684542",life,http://api.map.baidu.com/place/detail?uid=fd4eee8203f0fde7ae080f9b&output=html&source=placeapi_v2,,10:00-22:00,,,,,,,,10,,,,,,,,121.61729953453,29.848637350088,0
715729566f33221fd7851f83,工业润滑油经营部,汽车服务,汽车配件,浙江省,宁波市,鄞州区,宁波市鄞州区莫枝北路和益主题宾馆西南侧约40米,715729566f33221fd7851f83,1,0,121.638636,29.843375,13065686792,life,http://api.map.baidu.com/place/detail?uid=715729566f33221fd7851f83&output=html&source=placeapi_v2,,,,,,,,,,4,,,,,,,,,,0
faced79153f5206e36b06c00,力创挖机配件,汽车服务,汽车配件,浙江省,宁波市,鄞州区,浙江省宁波市鄞州区青年路779号,faced79153f5206e36b06c00,1,0,121.626809,29.852689,"13567497027,13819890221",life,http://api.map.baidu.com/place/detail?uid=faced79153f5206e36b06c00&output=html&source=placeapi_v2,,08:00-20:00,,,,,,,,16,,,,,,,,,,0
f2bfae7f52b29e8d96f08c15,方圆汽配,汽车服务,汽车配件,浙江省,宁波市,鄞州区,宁波市鄞州区海晏南路润玉园西侧约120米,f2bfae7f52b29e8d96f08c15,1,0,121.617475,29.848635,"(0574)88067240,15314597325",life,http://api.map.baidu.com/place/detail?uid=f2bfae7f52b29e8d96f08c15&output=html&source=placeapi_v2,,08:00-19:30,,,,,,,,6,,,,,,,,,,0
58614f50dcab1607adb22a78,进洋挖机配件,汽车服务,汽车配件,浙江省,宁波市,鄞州区,浙江省宁波市鄞州区青年路767号,58614f50dcab1607adb22a78,1,0,121.627039,29.852657,"13967879260,18958214686",life,http://api.map.baidu.com/place/detail?uid=58614f50dcab1607adb22a78&output=html&source=placeapi_v2,,,,,,,,,,6,,,,,,,,,,0
7ab6ec8c144d769bbbbd63cd,鼎润汽配有限公司,汽车服务,汽车配件,浙江省,宁波市,鄞州区,宁波市鄞州区海晏南路润玉园西侧约120米,7ab6ec8c144d769bbbbd63cd,1,0,121.617484,29.848805,13325940995,life,http://api.map.baidu.com/place/detail?uid=7ab6ec8c144d769bbbbd63cd&output=html&source=placeapi_v2,,,,,,,,,,10,,,,,,,,,,0
cf2361905c35ec76b13c8176,百雄汽配,汽车服务,汽车配件,浙江省,宁波市,鄞州区,宁波市鄞州区海晏南路润玉园西侧约150米,cf2361905c35ec76b13c8176,1,0,121.617071,29.848624,"(0574)87924487,13805847589",life,http://api.map.baidu.com/place/detail?uid=cf2361905c35ec76b13c8176&output=html&source=placeapi_v2,,,,,,,,,,6,,,,,,,,,,0
ab4910f399d675e031870acc,孙成轮胎,汽车服务,汽车配件,浙江省,宁波市,鄞州区,宁波市鄞州区莫枝北路石池盛园东侧约110米,ab4910f399d675e031870acc,1,0,121.637326,29.838678,13276822386,life,http://api.map.baidu.com/place/detail?uid=ab4910f399d675e031870acc&output=html&source=placeapi_v2,,,,,,,,,,2,,,,,,,,,,0
b0c559e724015b7494ec849c,轮胎行宏泰,汽车服务,汽车配件,浙江省,宁波市,鄞州区,宁波市鄞州区河清南路浅水湾城市花园-南区,,1,0,121.62484,29.852435,,life,http://api.map.baidu.com/place/detail?uid=b0c559e724015b7494ec849c&output=html&source=placeapi_v2,,,,,,,,,,,,,,,,,,,,0
bd5d54314ea69595b45f1e08,博格化纳汽车配件有限公司,汽车服务,汽车配件,浙江省,宁波市,鄞州区,浙江省宁波市鄞州区金谷中路188号,bd5d54314ea69595b45f1e08,1,0,121.61233,29.825586,(0574)83025886,life,http://api.map.baidu.com/place/detail?uid=bd5d54314ea69595b45f1e08&output=html&source=placeapi_v2,,,,,,,,,,1,,,,,,,,,,0
0f7fa6fe31ed79c7d62ce2ec,宁波实捷汽车零部件有限公司,汽车服务,汽车配件,浙江省,宁波市,鄞州区,浙江宁波市鄞州区启明路6弄118号,0f7fa6fe31ed79c7d62ce2ec,1,0,121.612544,29.825572,,life,http://api.map.baidu.com/place/detail?uid=0f7fa6fe31ed79c7d62ce2ec&output=html&source=placeapi_v2,,,,,,,,,,,,,,,,,,,,0
c3fa972942922268373a7163,宁波下应力安轮胎店,汽车服务,汽车配件,浙江省,宁波市,鄞州区,浙江省宁波市鄞州区下应街道下应北路与北斗路交叉口东城驾校大门对面,c3fa972942922268373a7163,1,0,121.60798,29.839546,13185982261,life,http://api.map.baidu.com/place/detail?uid=c3fa972942922268373a7163&output=html&source=placeapi_v2,,07:00-21:00,,,,,,,,4,,,,,,,,,,0
0059fc2772245c21b45f1e04,菁菁汽配,汽车服务,汽车配件,浙江省,宁波市,鄞州区,宁波市鄞州区海晏南路润玉园西侧约120米,0059fc2772245c21b45f1e04,1,0,121.617334,29.848424,13362881636,life,http://api.map.baidu.com/place/detail?uid=0059fc2772245c21b45f1e04&output=html&source=placeapi_v2,,,,,,,,,,12,,,,,,,,,,0
67f0880ce725e7c016c905c9,众晨汽配(原长江),汽车服务,汽车配件,浙江省,宁波市,鄞州区,宁波市鄞州区海晏南路润玉园西侧约100米,67f0880ce725e7c016c905c9,1,0,121.617673,29.848771,"13306649735,15058254075",life,http://api.map.baidu.com/place/detail?uid=67f0880ce725e7c016c905c9&output=html&source=placeapi_v2,,,,,,,,,,12,,,,,,,,121.61768512229,29.84882870132,0
4156331a6ece93a35d17c322,国磊汽配(原宁国汽配),汽车服务,汽车配件,浙江省,宁波市,鄞州区,宁波市鄞州区海晏南路润玉园西侧约130米,4156331a6ece93a35d17c322,1,0,121.617307,29.848345,"(0574)87489621,(0574)87769008,13056743151",life,http://api.map.baidu.com/place/detail?uid=4156331a6ece93a35d17c322&output=html&source=placeapi_v2,,08:00-18:00,,,,,,,,13,,,,,,,,,,0
ac429cd0a631ac773913fdcf,立发汽配,汽车服务,汽车配件,浙江省,宁波市,鄞州区,浙江省宁波市鄞州区邱隘路112~113号出租车服务中心2号楼,ac429cd0a631ac773913fdcf,1,0,121.617155,29.849066,"(0574)81180522,(0574)87802472",life,http://api.map.baidu.com/place/detail?uid=ac429cd0a631ac773913fdcf&output=html&source=placeapi_v2,,,,,,,,,,9,,,,,,,,121.6171257472,29.848920885927,0
c7bdae20e7a6d9616240a9b6,嘉实多润滑油,汽车服务,汽车配件,浙江省,宁波市,鄞州区,宁波市鄞州区环城南路东城锦楠府东侧约100米,c7bdae20e7a6d9616240a9b6,1,0,121.646723,29.843774,,life,http://api.map.baidu.com/place/detail?uid=c7bdae20e7a6d9616240a9b6&output=html&source=placeapi_v2,,,,,,,,,,1,,,,,,,,,,0
82c906602ed2e2cff4231038,线切割配件,汽车服务,汽车配件,浙江省,宁波市,鄞州区,浙江省宁波市鄞州区五乡西路222号,82c906602ed2e2cff4231038,1,0,121.667005,29.856486,13291995100,life,http://api.map.baidu.com/place/detail?uid=82c906602ed2e2cff4231038&output=html&source=placeapi_v2,,,,,,,,,,16,,,,,,,,,,0
11f565fe9d3907d0e9f85344,新锋电瓶车经营部,汽车服务,汽车配件,浙江省,宁波市,鄞州区,浙江省宁波市鄞州区五乡中路1055号,11f565fe9d3907d0e9f85344,1,0,121.706824,29.850391,18868963199,life,http://api.map.baidu.com/place/detail?uid=11f565fe9d3907d0e9f85344&output=html&source=placeapi_v2,,,,,,,,,,7,,,,,,,,121.7067963129,29.850302169136,0
6571ab480a6ce1fa7369d3a5,宁波雅路顺汽车零部件有限公司,汽车服务,汽车配件,浙江省,宁波市,鄞州区,浙江省宁波市鄞州区五乡中路679号,6571ab480a6ce1fa7369d3a5,1,0,121.697605,29.85129,,life,http://api.map.baidu.com/place/detail?uid=6571ab480a6ce1fa7369d3a5&output=html&source=placeapi_v2,,,,,,,,,,,,,,,,,,121.69750774051,29.851314291431,0
50a95847c792bba296f08c6c,宁波骏琪汽车零部件有限公司,汽车服务,汽车配件,浙江省,宁波市,鄞州区,浙江省宁波市鄞州区五乡镇五乡东路中洲集团南50米,50a95847c792bba296f08c6c,1,0,121.71867,29.845427,13116679168,life,http://api.map.baidu.com/place/detail?uid=50a95847c792bba296f08c6c&output=html&source=placeapi_v2,,,,,,,,,,,,,,,,,,121.71858289775,29.84566665329,0
f6be28ccca86690bb34c49ce,东吴建大轮胎店,汽车服务,汽车配件,浙江省,宁波市,鄞州区,浙江省宁波市鄞州区(麦威机械对面),,1,0,121.707528,29.821622,18069210591,life,http://api.map.baidu.com/place/detail?uid=f6be28ccca86690bb34c49ce&output=html&source=placeapi_v2,,,0.0,,,,,,,2,1,,,,,,,121.70758111751,29.821639771462,0
1bc2b7df1c92d95317b54b2e,宁波易璐达汽配有限公司,汽车服务,汽车配件,浙江省,宁波市,鄞州区,宁波市鄞州区宝瞻线鄞州分局东吴派出所北侧约120米,,1,0,121.750011,29.821869,,life,http://api.map.baidu.com/place/detail?uid=1bc2b7df1c92d95317b54b2e&output=html&source=placeapi_v2,,09:00-18:00,,,,,,,,,,,,,,,,121.74974207422,29.821840645044,0
4a25a214e8a13d2dc42ba179,宁波昕益汽车部件有限公司,汽车服务,汽车配件,浙江省,宁波市,海曙区,浙江省宁波市海曙区横街镇桃源村园区无忧,,1,0,121.418782,29.871293,18352950812,life,http://api.map.baidu.com/place/detail?uid=4a25a214e8a13d2dc42ba179&output=html&source=placeapi_v2,,,,,,,,,,1,,,,,,,,121.41879619067,29.87119592487,0
2848249c0a47b058364aae93,宁波市中尚汽配有限公司,汽车服务,汽车配件,浙江省,宁波市,海曙区,浙江省宁波市海曙区桃源村工业区,2848249c0a47b058364aae93,1,0,121.42335,29.874255,,life,http://api.map.baidu.com/place/detail?uid=2848249c0a47b058364aae93&output=html&source=placeapi_v2,,08:00-20:00,,,,,,,,1,,,,,,,,,,0
9c26710879e1359ef8221358,横街要方轮胎店,汽车服务,汽车配件,浙江省,宁波市,海曙区,宁波市海曙区横街东路南苑e家精选酒店(宁波机场横街店)西侧约170米,9c26710879e1359ef8221358,1,0,121.410451,29.86257,13003716034,life,http://api.map.baidu.com/place/detail?uid=9c26710879e1359ef8221358&output=html&source=placeapi_v2,,,,,,,,,,1,,,,,,,,,,0
400e34abbdaeb770d518b715,宁波吉顺汽配,汽车服务,汽车配件,浙江省,宁波市,海曙区,宁波市海曙区金泉路与远洋路交叉路口西北侧,400e34abbdaeb770d518b715,1,0,121.413924,29.859252,,life,http://api.map.baidu.com/place/detail?uid=400e34abbdaeb770d518b715&output=html&source=placeapi_v2,,,,,,,,,,8,,,,,,,,,,0
a1a78f387751709885420e9d,横街自动车配件,汽车服务,汽车配件,浙江省,宁波市,海曙区,宁波市海曙区育才路海曙区横街镇中心初级中学东北侧约30米,a1a78f387751709885420e9d,1,0,121.410118,29.859207,15990555889,life,http://api.map.baidu.com/place/detail?uid=a1a78f387751709885420e9d&output=html&source=placeapi_v2,,,,,,,,,,4,,,,,,,,121.410070448,29.85909368343,0
39f7cb3c115a1a09b72655fc,建诚汽配,汽车服务,汽车配件,浙江省,宁波市,海曙区,宁波市海曙区望童线恒通车辆部件有限公司,39f7cb3c115a1a09b72655fc,1,0,121.428641,29.871567,13386602615,life,http://api.map.baidu.com/place/detail?uid=39f7cb3c115a1a09b72655fc&output=html&source=placeapi_v2,,,,,,,,,,7,,,,,,,,121.42876160752,29.871478754524,0
403855d3f82d797af5e73bf6,全诺轮胎,汽车服务,汽车配件,浙江省,宁波市,海曙区,浙江省宁波市海曙区横街镇南洋花园全诺轮胎,403855d3f82d797af5e73bf6,1,0,121.40344,29.86219,13957856415,life,http://api.map.baidu.com/place/detail?uid=403855d3f82d797af5e73bf6&output=html&source=placeapi_v2,,,,,,,,,,3,,,,,,,,121.40357007577,29.862147132347,0
032ee7da1a1d49fa4002454f,宁波腾裕汽车零部件有限公司,汽车服务,汽车配件,浙江省,宁波市,海曙区,浙江省宁波市海曙区集士东路282-2号,032ee7da1a1d49fa4002454f,1,0,121.460023,29.875773,,life,http://api.map.baidu.com/place/detail?uid=032ee7da1a1d49fa4002454f&output=html&source=placeapi_v2,,,,,,,,,,,,,,,,,,121.4600788597,29.875587553758,0
4b533403ce2e229f28201acf,方杰汽修,汽车服务,汽车配件,浙江省,宁波市,海曙区,浙江省宁波市海曙区集士东路258号,4b533403ce2e229f28201acf,1,0,121.457242,29.874998,15088863111,life,http://api.map.baidu.com/place/detail?uid=4b533403ce2e229f28201acf&output=html&source=placeapi_v2,,,0.0,,,,,,,15,1,,,,,,,121.45733814936,29.874914240574,0
a72f6b893be8c9a58a36ee79,嘉实多润滑油,汽车服务,汽车配件,浙江省,宁波市,海曙区,浙江省宁波市海曙区集士港镇繁荣路117号,a72f6b893be8c9a58a36ee79,1,0,121.459628,29.877547,18867877293,life,http://api.map.baidu.com/place/detail?uid=a72f6b893be8c9a58a36ee79&output=html&source=placeapi_v2,,,,,,,,,,6,,,,,,,,121.4595928881,29.877551896,0
b57a4c436a2cef178bdb73d0,宁波江璐汽配工贸有限公司,汽车服务,汽车配件,浙江省,宁波市,海曙区,浙江省宁波市海曙区工贸一路134-146号,b57a4c436a2cef178bdb73d0,1,0,121.465424,29.869878,,life,http://api.map.baidu.com/place/detail?uid=b57a4c436a2cef178bdb73d0&output=html&source=placeapi_v2,,,,,,,,,,1,,,,,,,,121.46566855676,29.869908688955,0
2f3295286b16a6107dc87608,芬兰诺记轮胎,汽车服务,汽车配件,浙江省,宁波市,海曙区,浙江省宁波市海曙区汇士路169号C-1幢,,1,0,121.460232,29.878836,"(0574)88085388,13967838668",life,http://api.map.baidu.com/place/detail?uid=2f3295286b16a6107dc87608&output=html&source=placeapi_v2,,,,,,,,,,3,,,,,,,,121.46011321181,29.878850103807,0
95d84b15251215a8b13c815d,宁波今棱汽车零件有限公司,汽车服务,汽车配件,浙江省,宁波市,海曙区,浙江省宁波市海曙区集丰路88号,95d84b15251215a8b13c815d,1,0,121.465022,29.87344,(0574)88021201,life,http://api.map.baidu.com/place/detail?uid=95d84b15251215a8b13c815d&output=html&source=placeapi_v2,,,,,,,,,,2,,,,,,,,121.46518839629,29.873449131886,0
2dfe09199553bb54b45f1ef0,余姚小赵轮胎有限公司,汽车服务,汽车配件,浙江省,宁波市,海曙区,宁波市海曙区集丰路碧桂园幸福里西侧约30米,2dfe09199553bb54b45f1ef0,1,0,121.465512,29.870112,15958217776,life,http://api.map.baidu.com/place/detail?uid=2dfe09199553bb54b45f1ef0&output=html&source=placeapi_v2,,,,,,,,,,8,,,,,,,,121.46563302698,29.87012693082,0
dd6e15d4d10668cd102935c5,中唯汽车部件有限公司,汽车服务,汽车配件,浙江省,宁波市,海曙区,浙江省宁波市海曙区工贸二路92-98号,dd6e15d4d10668cd102935c5,1,0,121.467847,29.872895,18958833355,life,http://api.map.baidu.com/place/detail?uid=dd6e15d4d10668cd102935c5&output=html&source=placeapi_v2,,,,,,,,,,,,,,,,,,121.46783830053,29.8729509599,0
884f1f523a4ddbfe04fef5d9,宁波富铃轮胎有限公司(德国马牌),汽车服务,汽车配件,浙江省,宁波市,海曙区,浙江省宁波市海曙区广盛路582-592号,884f1f523a4ddbfe04fef5d9,1,0,121.449493,29.861109,(0574)87683507,life,http://api.map.baidu.com/place/detail?uid=884f1f523a4ddbfe04fef5d9&output=html&source=placeapi_v2,,08:00-19:00,,,,,,,,4,,,,,,,,121.44931921143,29.861093440149,0
56fd669b65a5d0dfa8f0cdd7,顺通轮胎商行(藕缆桥西路店),汽车服务,汽车配件,浙江省,宁波市,海曙区,浙江省宁波市海曙区藕缆桥西路26号,56fd669b65a5d0dfa8f0cdd7,1,0,121.50122,29.872551,15057432965,life,http://api.map.baidu.com/place/detail?uid=56fd669b65a5d0dfa8f0cdd7&output=html&source=placeapi_v2,,09:00-23:00,5,,,,,,,10,3,,,,,,,121.50121144884,29.872506298728,0
2ebfec342b5743459de321b9,宁波市海曙高桥吴记轮胎店,汽车服务,汽车配件,浙江省,宁波市,海曙区,浙江宁波市海曙区迎春路188号,2ebfec342b5743459de321b9,1,0,121.50702,29.879802,15990233072,life,http://api.map.baidu.com/place/detail?uid=2ebfec342b5743459de321b9&output=html&source=placeapi_v2,,,,,,,,,,4,,,,,,,,,,0
08fc93dfd14cc0909b68b411,宁波兴友车饰用品店,汽车服务,汽车配件,浙江省,宁波市,海曙区,浙江省宁波市海曙区望童路350号,08fc93dfd14cc0909b68b411,1,0,121.503784,29.885757,(0574)87155607,life,http://api.map.baidu.com/place/detail?uid=08fc93dfd14cc0909b68b411&output=html&source=placeapi_v2,,,0,,,,,,,2,0,,,,,,,121.50353134079,29.885929985363,0
5ca4c49ff0e37a874afd3fe0,阳光润滑油经营部,汽车服务,汽车配件,浙江省,宁波市,海曙区,浙江省宁波市海曙区望童路628号,5ca4c49ff0e37a874afd3fe0,1,0,121.495571,29.884882,"13065817178,13221970665",life,http://api.map.baidu.com/place/detail?uid=5ca4c49ff0e37a874afd3fe0&output=html&source=placeapi_v2,,,,,,,,,,7,,,,,,,,121.49562621906,29.884745378436,0
ac0b4284a4d4272242e192aa,汽车电瓶,汽车服务,汽车配件,浙江省,宁波市,海曙区,宁波市海曙区学院路华升公寓西侧约180米,ac0b4284a4d4272242e192aa,1,0,121.490273,29.877743,,life,http://api.map.baidu.com/place/detail?uid=ac0b4284a4d4272242e192aa&output=html&source=placeapi_v2,,,,,,,,,,4,,,,,,,,,,0
fd6e8b2a923e1d041e580073,快准车服汽配商城(海曙服务站),汽车服务,汽车配件,浙江省,宁波市,海曙区,宁波市海曙区阳光路晴园西侧约100米,fd6e8b2a923e1d041e580073,1,0,121.497021,29.884129,15990595241,life,http://api.map.baidu.com/place/detail?uid=fd6e8b2a923e1d041e580073&output=html&source=placeapi_v2,,,,,,,,,,8,,,,,,,,121.49718740217,29.884088268647,0
da98cc2740964f812b06ce9b,轮毂之家轮胎超市,汽车服务,汽车配件,浙江省,宁波市,海曙区,宁波市海曙区宋家漕路同济中学西南侧约30米,da98cc2740964f812b06ce9b,1,0,121.503353,29.879141,15968934149,life,http://api.map.baidu.com/place/detail?uid=da98cc2740964f812b06ce9b&output=html&source=placeapi_v2,,,,,,,,,,6,,,,,,,,121.50331926253,29.879226569866,0
a4d240636fa0126d3586f434,信荣汽配,汽车服务,汽车配件,浙江省,宁波市,海曙区,浙江省宁波市海曙区学院路2483号,a4d240636fa0126d3586f434,1,0,121.490102,29.880416,"13056799731,18064598118",life,http://api.map.baidu.com/place/detail?uid=a4d240636fa0126d3586f434&output=html&source=placeapi_v2,,10:00-22:00,,,,,,,,4,,,,,,,,121.48990428156,29.880404912647,0
a482526b29da05fc75e5b65c,宁波鸿锐汽车零部件有限公司,汽车服务,汽车配件,浙江省,宁波市,海曙区,浙江省宁波市海曙区徐家漕路431号,a482526b29da05fc75e5b65c,1,0,121.494718,29.889896,(0574)87890279,life,http://api.map.baidu.com/place/detail?uid=a482526b29da05fc75e5b65c&output=html&source=placeapi_v2,,,,,,,,,,11,,,,,,,,121.49472717065,29.889966139567,0
797eb793a5635548b6147f55,中策橡胶好运轮胎,汽车服务,汽车配件,浙江省,宁波市,海曙区,宁波市海曙区望童路佳苑公寓东侧约40米,797eb793a5635548b6147f55,1,0,121.488696,29.882978,18758804983,life,http://api.map.baidu.com/place/detail?uid=797eb793a5635548b6147f55&output=html&source=placeapi_v2,,08:00-18:30,,,,,,,,5,,,,,,,,121.48876832753,29.882795856605,0
c201a4f715ebc21778f796c9,小梁轮胎商行,汽车服务,汽车配件,浙江省,宁波市,海曙区,浙江省宁波市海曙区徐家漕路2弄6号,c201a4f715ebc21778f796c9,1,0,121.501037,29.890571,15888052148,life,http://api.map.baidu.com/place/detail?uid=c201a4f715ebc21778f796c9&output=html&source=placeapi_v2,,00:00-24:00,0,,,,,,,10,0,,,,,,,121.5008960394,29.890554754896,0
337ec3e3fca5c16e95ca078c,安行轮胎商行,汽车服务,汽车配件,浙江省,宁波市,海曙区,浙江省宁波市海曙区徐家漕路268弄58号,337ec3e3fca5c16e95ca078c,1,0,121.500951,29.891702,13777955764,life,http://api.map.baidu.com/place/detail?uid=337ec3e3fca5c16e95ca078c&output=html&source=placeapi_v2,,10:00-22:00,0,,,,,,,17,0,,,,,,,121.50078707494,29.891690306838,0
a07dc495e83e3ba713293519,老电工汽车电瓶批发部,汽车服务,汽车配件,浙江省,宁波市,海曙区,浙江省宁波市海曙区徐家漕路268弄36号34号,a07dc495e83e3ba713293519,1,0,121.500987,29.891167,13429249788,life,http://api.map.baidu.com/place/detail?uid=a07dc495e83e3ba713293519&output=html&source=placeapi_v2,,00:00-24:00,0,,,,,,,9,0,,,,,,,121.50083366286,29.891206641239,0
053409e146559d80c27da2ee,阿特拉斯轮胎,汽车服务,汽车配件,浙江省,宁波市,海曙区,浙江省宁波市海曙区包家路6号,053409e146559d80c27da2ee,1,0,121.500946,29.890772,18058259920,life,http://api.map.baidu.com/place/detail?uid=053409e146559d80c27da2ee&output=html&source=placeapi_v2,,,,,,,,,,1,,,,,,,,,,0
cc68be60ccc248ad3be4a689,老童汽配,汽车服务,汽车配件,浙江省,宁波市,海曙区,浙江省宁波市海曙区迎春路481号,cc68be60ccc248ad3be4a689,1,0,121.50731,29.884202,13884420675,life,http://api.map.baidu.com/place/detail?uid=cc68be60ccc248ad3be4a689&output=html&source=placeapi_v2,,,,,,,,,,12,,,,,,,,121.50737869166,29.884206020174,0
7a46e4893cb9dff20c0a7001,康佩森轮胎,汽车服务,汽车配件,浙江省,宁波市,海曙区,浙江省宁波市海曙区恒春街26号,7a46e4893cb9dff20c0a7001,1,0,121.536028,29.867969,13738851362,life,http://api.map.baidu.com/place/detail?uid=7a46e4893cb9dff20c0a7001&output=html&source=placeapi_v2,,07:00-20:00,,,,,,,,12,1,,,,,,,121.53620586612,29.86798510648,0
6715aff6d9b234b7da2f2897,汽车钥匙(蓝天路店),汽车服务,汽车配件,浙江省,宁波市,海曙区,浙江省宁波市海曙区蓝天路148号,6715aff6d9b234b7da2f2897,1,0,121.529333,29.877435,13336886897,life,http://api.map.baidu.com/place/detail?uid=6715aff6d9b234b7da2f2897&output=html&source=placeapi_v2,,07:00-22:00,,,,,,,,6,,,,,,,,121.52931399978,29.877374967662,0
a93557db898bedbecd04ef59,宁波博纳汽车零部件有限公司,汽车服务,汽车配件,浙江省,宁波市,海曙区,浙江宁波市海曙区姚丰南路175弄18~20号新海蓝钻大厦902室,a93557db898bedbecd04ef59,1,0,121.525603,29.863101,,life,http://api.map.baidu.com/place/detail?uid=a93557db898bedbecd04ef59&output=html&source=placeapi_v2,,08:00-18:00,,,,,,,,,,,,,,,,121.5253974174,29.863162209954,0
e4679aa6b765a5b43f9a5e34,宁波海曙众卡汽车部件有限公司,汽车服务,汽车配件,浙江省,宁波市,海曙区,浙江省宁波市海曙区弄39号丽园尚都b座408室,e4679aa6b765a5b43f9a5e34,1,0,121.526557,29.877165,,life,http://api.map.baidu.com/place/detail?uid=e4679aa6b765a5b43f9a5e34&output=html&source=placeapi_v2,,09:00-18:00,,,,,,,,1,,,,,,,,,,0
058edf0fec74975da6da39cf,倍耐力轮胎(环城西路店),汽车服务,汽车配件,浙江省,宁波市,海曙区,浙江宁波市海曙区环城西路北段82号,058edf0fec74975da6da39cf,1,0,121.530053,29.886824,,life,http://api.map.baidu.com/place/detail?uid=058edf0fec74975da6da39cf&output=html&source=placeapi_v2,,,,,,,,,,8,,,,,,,,121.53000268121,29.886955393431,0
692319d87e4272d8fbf0cbb8,配汽车钥匙,汽车服务,汽车配件,浙江省,宁波市,海曙区,宁波市海曙区前莫家巷汪弄社区西侧,692319d87e4272d8fbf0cbb8,1,0,121.540239,29.884798,,life,http://api.map.baidu.com/place/detail?uid=692319d87e4272d8fbf0cbb8&output=html&source=placeapi_v2,,08:30-22:00,,,,,,,,10,,,,,,,,121.54026862167,29.884860175812,0
7d34479f177c0d902fb17e86,邓禄普轮胎(丽园南路店),汽车服务,汽车配件,浙江省,宁波市,海曙区,浙江省宁波市海曙区安泰街129号,7d34479f177c0d902fb17e86,1,0,121.522894,29.870871,,life,http://api.map.baidu.com/place/detail?uid=7d34479f177c0d902fb17e86&output=html&source=placeapi_v2,,,1,,,,,,,7,1,,,,,,,121.52266482145,29.870805772152,0
77c3c6162f38adaafd0eb0d7,中博配件(莱迪广场店),汽车服务,汽车配件,浙江省,宁波市,海曙区,浙江省宁波市海曙区东渡路29号2楼v257号,77c3c6162f38adaafd0eb0d7,1,0,121.558046,29.873687,,life,http://api.map.baidu.com/place/detail?uid=77c3c6162f38adaafd0eb0d7&output=html&source=placeapi_v2,,09:30-21:00,,,,,,,,,,,,,,,,,,0
4228d447f0d849f545e2742b,倍耐力轮胎(粮丰街店),汽车服务,汽车配件,浙江省,宁波市,海曙区,浙江省宁波市海曙区粮丰街42号,4228d447f0d849f545e2742b,1,0,121.534738,29.857825,(0574)87481271,life,http://api.map.baidu.com/place/detail?uid=4228d447f0d849f545e2742b&output=html&source=placeapi_v2,,07:00-18:00,,,,,,,,10,,,,,,,,121.53490722447,29.857742250338,0
fac609efb95faf71e215f955,德盛轮胎行,汽车服务,汽车配件,浙江省,宁波市,鄞州区,浙江省宁波市鄞州区甬港北路107号,fac609efb95faf71e215f955,1,0,121.582185,29.872456,(0574)87753587,life,http://api.map.baidu.com/place/detail?uid=fac609efb95faf71e215f955&output=html&source=placeapi_v2,,07:00-20:30,5,,,,,,,8,1,,,,,,,121.58230279603,29.872414382888,0
ffc79a30906343e7ddee8b48,靓丽配件,汽车服务,汽车配件,浙江省,宁波市,海曙区,浙江省宁波市海曙区东渡路29号世贸广场2楼v277v282号,ffc79a30906343e7ddee8b48,1,0,121.564529,29.874767,15336617078,life,http://api.map.baidu.com/place/detail?uid=ffc79a30906343e7ddee8b48&output=html&source=placeapi_v2,,09:00-19:00,,,,,,,,1,,,,,,,,121.56488477616,29.874779820658,0
3fe6ad02001caf3b32870ad5,电瓶总汇,汽车服务,汽车配件,浙江省,宁波市,鄞州区,浙江省宁波市鄞州区宁穿路315-4号4,3fe6ad02001caf3b32870ad5,1,0,121.586946,29.874798,,life,http://api.map.baidu.com/place/detail?uid=3fe6ad02001caf3b32870ad5&output=html&source=placeapi_v2,,,,,,,,,,9,,,,,,,,,,0
ffb3189c09b23e7c8605bfb1,富特滤芯,汽车服务,汽车配件,浙江省,宁波市,鄞州区,浙江省宁波市鄞州区姚隘路678号华东物资城G21号,ffb3189c09b23e7c8605bfb1,1,0,121.596953,29.873048,"(0574)87924451,(0574)87924452",life,http://api.map.baidu.com/place/detail?uid=ffb3189c09b23e7c8605bfb1&output=html&source=placeapi_v2,,,,,,,,,,4,,,,,,,,121.59696920601,29.873095753362,0
8fa14fc3b236166ff6eafcb4,荣琪汽车轮胎商行(途虎养车店),汽车服务,汽车配件,浙江省,宁波市,鄞州区,浙江省宁波市鄞州区兴宁路194号,8fa14fc3b236166ff6eafcb4,1,0,121.581796,29.858206,(0574)87844826,life,http://api.map.baidu.com/place/detail?uid=8fa14fc3b236166ff6eafcb4&output=html&source=placeapi_v2,,10:00-22:00,0.0,,,,,,,4,1,,,,,,,121.58193507736,29.858255086223,0
5ee9e9d83d48ba983fe23180,宁波五昊汽配实业有限公司,汽车服务,汽车配件,浙江省,宁波市,鄞州区,浙江省宁波市鄞州区姚隘路796号东城国际大厦1812室,5ee9e9d83d48ba983fe23180,1,0,121.5997,29.872034,(0574)87898279,life,http://api.map.baidu.com/place/detail?uid=5ee9e9d83d48ba983fe23180&output=html&source=placeapi_v2,,,,,,,,,,,,,,,,,,,,0
42a82e697ebbebe55b109345,宁海华驰汽配有限公司,汽车服务,汽车配件,浙江省,宁波市,海曙区,浙江省宁波市海曙区中山东路181号中农信大厦7-39室,42a82e697ebbebe55b109345,1,0,121.56207,29.878265,,life,http://api.map.baidu.com/place/detail?uid=42a82e697ebbebe55b109345&output=html&source=placeapi_v2,,,,,,,,,,,,,,,,,,,,0
c9a7c501468ce3d658f6be3c,倍耐力轮胎(途虎宏斌车管家宁波鄞州区店),汽车服务,汽车配件,浙江省,宁波市,鄞州区,浙江省宁波市鄞州区海宁街156~158号,c9a7c501468ce3d658f6be3c,1,0,121.627919,29.871133,13362830099,life,http://api.map.baidu.com/place/detail?uid=c9a7c501468ce3d658f6be3c&output=html&source=placeapi_v2,,08:00-17:00,1,,,,,,,19,2,,,,,,,121.62796652619,29.871266155423,0
a44c80f687b01a5030169bc6,金众汽配,汽车服务,汽车配件,浙江省,宁波市,鄞州区,浙江省宁波市鄞州区新天路71号,a44c80f687b01a5030169bc6,1,0,121.610964,29.881815,13567481082,life,http://api.map.baidu.com/place/detail?uid=a44c80f687b01a5030169bc6&output=html&source=placeapi_v2,,,,,,,,,,7,,,,,,,,,,0
4c0e7c92dd65722f33621230,宁波天安菁华汽车零部件有限公司,汽车服务,汽车配件,浙江省,宁波市,鄞州区,浙江省宁波市鄞州区木槿路365号2幢,4c0e7c92dd65722f33621230,1,0,121.666253,29.880207,13736137121,life,http://api.map.baidu.com/place/detail?uid=4c0e7c92dd65722f33621230&output=html&source=placeapi_v2,,08:00-20:00,,,,,,,,4,6,,,,,,,,,0
0bca3f7d16ffcea1c5effbc3,宁波高斯康汽车部件有限公司,汽车服务,汽车配件,浙江省,宁波市,鄞州区,浙江省宁波市鄞州区鑫瑞路3号,0bca3f7d16ffcea1c5effbc3,1,0,121.671841,29.868589,(0574)88166785,life,http://api.map.baidu.com/place/detail?uid=0bca3f7d16ffcea1c5effbc3&output=html&source=placeapi_v2,,,,,,,,,,10,,,,,,,,121.67199279363,29.868613126075,0
ba33e49a824367cc725e8008,远达轮胎店,汽车服务,汽车配件,浙江省,宁波市,鄞州区,宁波市鄞州区通途路中国石化加油站(五乡站)东侧约260米,ba33e49a824367cc725e8008,1,0,121.674451,29.87176,"13094827606,13362620116",life,http://api.map.baidu.com/place/detail?uid=ba33e49a824367cc725e8008&output=html&source=placeapi_v2,,,,,,,,,,1,,,,,,,,121.67439716761,29.871439424302,0
de4d6dd47a5d147315c905c7,宁波京都汽车部件有限公司,汽车服务,汽车配件,浙江省,宁波市,鄞州区,浙江省宁波市鄞州区美迪斯路491号,de4d6dd47a5d147315c905c7,1,0,121.681338,29.86648,13906626116,life,http://api.map.baidu.com/place/detail?uid=de4d6dd47a5d147315c905c7&output=html&source=placeapi_v2,,,,,,,,,,6,3,,,,,,,121.68205828171,29.866197948393,0
54f3e2e53492bd76e81e976d,玲珑轮胎,汽车服务,汽车配件,浙江省,宁波市,鄞州区,浙江省宁波市鄞州区龙兴路43号,54f3e2e53492bd76e81e976d,1,0,121.672356,29.86365,13819839169,life,http://api.map.baidu.com/place/detail?uid=54f3e2e53492bd76e81e976d&output=html&source=placeapi_v2,,00:00-24:00,,,,,,,,8,,,,,,,,,,0
91547cbb253235d84d2fdfc2,小叶轮胎,汽车服务,汽车配件,浙江省,宁波市,鄞州区,浙江省宁波市鄞州区岙283号,91547cbb253235d84d2fdfc2,1,0,121.676777,29.871539,,life,http://api.map.baidu.com/place/detail?uid=91547cbb253235d84d2fdfc2&output=html&source=placeapi_v2,,,,,,,,,,1,,,,,,,,121.67684687997,29.8714709993,0
59f3d3ddbe27d9f3ca1b952c,普利司通轮胎(凌云路店),汽车服务,汽车配件,浙江省,宁波市,鄞州区,宁波市鄞州区梅墟路凌云路1691号,59f3d3ddbe27d9f3ca1b952c,1,0,121.665886,29.892132,13145527362,life,http://api.map.baidu.com/place/detail?uid=59f3d3ddbe27d9f3ca1b952c&output=html&source=placeapi_v2,,10:00-21:00,,,,,,,,19,,,,,,,,121.66599176338,29.891947839448,0
01fb16a364c4d2771e58008a,正华汽配(凌云路店),汽车服务,汽车配件,浙江省,宁波市,鄞州区,浙江省宁波市鄞州区凌云路1361号,01fb16a364c4d2771e58008a,1,0,121.664911,29.891478,"(0574)88361190,13732110593",life,http://api.map.baidu.com/place/detail?uid=01fb16a364c4d2771e58008a&output=html&source=placeapi_v2,,08:00-18:30,,,,,,,,15,,,,,,,,121.66492735489,29.891440299028,0
99df2816e3042a25047ce87b,宁波卓迪汽车配件有限公司,汽车服务,汽车配件,浙江省,宁波市,鄞州区,浙江省宁波市鄞州区汇海路26号环领未来大楼603室,,1,0,121.649431,29.886402,,life,http://api.map.baidu.com/place/detail?uid=99df2816e3042a25047ce87b&output=html&source=placeapi_v2,,,,,,,,,,1,,,,,,,,121.64945255759,29.886372031841,0
9c0ae474f22ee96114c8f6e2,宁波明邦汽车零部件有限公司,汽车服务,汽车配件,浙江省,宁波市,鄞州区,浙江省宁波市鄞州区光华路390号4楼402室,9c0ae474f22ee96114c8f6e2,1,0,121.657942,29.891288,,life,http://api.map.baidu.com/place/detail?uid=9c0ae474f22ee96114c8f6e2&output=html&source=placeapi_v2,,,,,,,,,,,,,,,,,,,,0
69130523937a0075735e80a1,小港德诚汽车配件厂,汽车服务,汽车配件,浙江省,宁波市,北仑区,浙江省宁波市北仑区江邵线五盟村卫生室东北450米,,1,0,121.717136,29.883589,(0574)86197778,life,http://api.map.baidu.com/place/detail?uid=69130523937a0075735e80a1&output=html&source=placeapi_v2,,08:00-18:00,,,,,,,,1,,,,,,,,121.71719569306,29.883506428659,0
90d9befdca7f32a1bfa8227b,宁波鼎佳汽配有限公司,汽车服务,汽车配件,浙江省,宁波市,北仑区,浙江省宁波市北仑区立信路6号2楼,90d9befdca7f32a1bfa8227b,1,0,121.688385,29.867203,,life,http://api.map.baidu.com/place/detail?uid=90d9befdca7f32a1bfa8227b&output=html&source=placeapi_v2,,08:00-18:00,,,,,,,,,,,,,,,,121.68869999333,29.867136054048,0
3620ccc4a97b5a8da2a934d1,沃驰汽配,汽车服务,汽车配件,浙江省,宁波市,北仑区,浙江省宁波市北仑区大碶街道璎珞河路78号1幢1号二层-2,,1,0,121.765933,29.872715,,life,http://api.map.baidu.com/place/detail?uid=3620ccc4a97b5a8da2a934d1&output=html&source=placeapi_v2,,,,,,,,,,,,,,,,,,,,0
96b006ab534d460ab35c6aeb,宁波银润汽车部件有限公司,汽车服务,汽车配件,浙江省,宁波市,北仑区,浙江省宁波市北仑区沿塘河路8号,,1,1,121.763444,29.871927,(0574)86814768,life,http://api.map.baidu.com/place/detail?uid=96b006ab534d460ab35c6aeb&output=html&source=placeapi_v2,,08:00-16:30,,,,,,,,1,,,,,,,,121.76356514101,29.871911523333,1
4f88f7fc564f8407c7f025a3,宁波市北仑海普汽配有限公司(育王山路店)-西南门,汽车服务,汽车配件,浙江省,宁波市,北仑区,宁波市北仑区大契镇高档模具园区育王山路51号,,1,0,121.764139,29.869409,,life,http://api.map.baidu.com/place/detail?uid=4f88f7fc564f8407c7f025a3&output=html&source=placeapi_v2,,,,,,,,,,,,,,,,,,121.76412797253,29.86932927356,0
083a55faec56ce78246e9847,北仑大矸盛辉汽车配件厂,汽车服务,汽车配件,浙江省,宁波市,北仑区,浙江省宁波市北仑区徐洋中路1-1号,083a55faec56ce78246e9847,1,0,121.793195,29.879902,,life,http://api.map.baidu.com/place/detail?uid=083a55faec56ce78246e9847&output=html&source=placeapi_v2,,09:00-18:00,,,,,,,,4,,,,,,,,121.79341357027,29.8798356937,0
c662fb31f195106dcbe33c5e,宁波鑫跃汽配有限公司,汽车服务,汽车配件,浙江省,宁波市,北仑区,浙江省宁波市北仑区灵岩山路98号,,1,0,121.768928,29.876798,(0574)83010626,life,http://api.map.baidu.com/place/detail?uid=c662fb31f195106dcbe33c5e&output=html&source=placeapi_v2,,09:00-18:30,,,,,,,,2,,,,,,,,121.76894644286,29.876856932315,0
5ee249e3dff284b0c2f1cf26,宇振模具汽配厂,汽车服务,汽车配件,浙江省,宁波市,北仑区,浙江省宁波市北仑区徐洋一路3号,5ee249e3dff284b0c2f1cf26,1,0,121.794108,29.884384,,life,http://api.map.baidu.com/place/detail?uid=5ee249e3dff284b0c2f1cf26&output=html&source=placeapi_v2,,,,,,,,,,1,,,,,,,,121.79386734301,29.884598706157,0
ce84764cb87e3d47fd0eb0ee,宁波友珈汽配有限公司,汽车服务,汽车配件,浙江省,宁波市,北仑区,浙江省宁波市北仑区灵岩山路106号,ce84764cb87e3d47fd0eb0ee,1,0,121.769614,29.876159,,life,http://api.map.baidu.com/place/detail?uid=ce84764cb87e3d47fd0eb0ee&output=html&source=placeapi_v2,,09:00-18:30,,,,,,,,,,,,,,,,121.76960101933,29.877044122708,0
178d96268d78c26a364aae7d,召远汽车部件(宁波)有限公司,汽车服务,汽车配件,浙江省,宁波市,北仑区,浙江省宁波市北仑区大碶街道灵峰山路688号5幢1三楼D区,,1,0,121.769634,29.882691,(0574)86137238,life,http://api.map.baidu.com/place/detail?uid=178d96268d78c26a364aae7d&output=html&source=placeapi_v2,,00:00-24:00,,,,,,,,1,,,,,,,,,,0
34309f13cdf9058d430245c6,宁波北仑金沃汽配有限公司,汽车服务,汽车配件,浙江省,宁波市,北仑区,浙江省宁波市北仑区龙潭山三路19号,34309f13cdf9058d430245c6,1,0,121.781543,29.890314,,life,http://api.map.baidu.com/place/detail?uid=34309f13cdf9058d430245c6&output=html&source=placeapi_v2,,09:00-18:30,,,,,,,,1,,,,,,,,,,0
e52ed2f3b6539b39465726c2,小代轮胎,汽车服务,汽车配件,浙江省,宁波市,北仑区,宁波市北仑区吉霞路与浦河路交叉路口往西南约80米,,1,0,121.881602,29.884655,,life,http://api.map.baidu.com/place/detail?uid=e52ed2f3b6539b39465726c2&output=html&source=placeapi_v2,,,,,,,,,,1,,,,,,,,,,0
57963418fa7438e9d32dd6fe,潮车看轮胎店(潮车看轮胎店),汽车服务,汽车配件,浙江省,宁波市,北仑区,浙江省宁波市北仑区聚富路37号,57963418fa7438e9d32dd6fe,1,0,121.92351,29.88198,13157425198,life,http://api.map.baidu.com/place/detail?uid=57963418fa7438e9d32dd6fe&output=html&source=placeapi_v2,,10:00-21:30,4.5,,,,,,,5,14,,,,,,,121.92364783516,29.882124026251,0
330a23a7cba17e8ab320a82d,普利司通轮胎(聚富路店),汽车服务,汽车配件,浙江省,宁波市,北仑区,浙江省宁波市北仑区聚富路75号,330a23a7cba17e8ab320a82d,1,0,121.923403,29.882845,15888007628,life,http://api.map.baidu.com/place/detail?uid=330a23a7cba17e8ab320a82d&output=html&source=placeapi_v2,,07:00-18:00,5,,,,,,,11,1,,,,,,,121.92356494761,29.882943980092,0
42b0c7d6ac1a4f5f213bf2d9,北仑区柴桥旭东汽车配件,汽车服务,汽车配件,浙江省,宁波市,北仑区,浙江省宁波市北仑区盟光路139号,42b0c7d6ac1a4f5f213bf2d9,1,0,121.917452,29.883363,,life,http://api.map.baidu.com/place/detail?uid=42b0c7d6ac1a4f5f213bf2d9&output=html&source=placeapi_v2,,,,,,,,,,5,,,,,,,,121.91737055082,29.883370151759,0
b3d84f156762af182a3a9fbb,宁波市北仑区王恒轮胎店,汽车服务,汽车配件,浙江省,宁波市,北仑区,宁波市北仑区穿咸线新六星宾馆东侧约120米,b3d84f156762af182a3a9fbb,1,0,121.925006,29.8714,,life,http://api.map.baidu.com/place/detail?uid=b3d84f156762af182a3a9fbb&output=html&source=placeapi_v2,,,,,,,,,,,,,,,,,,121.92513383819,29.871453308797,0
42dee931d5b0c1c2c8213df7,卓脂润滑油经营部,汽车服务,汽车配件,浙江省,宁波市,北仑区,宁波市北仑区环镇北路格林春天东南侧约140米,42dee931d5b0c1c2c8213df7,1,0,121.925981,29.880342,18958262881,life,http://api.map.baidu.com/place/detail?uid=42dee931d5b0c1c2c8213df7&output=html&source=placeapi_v2,,07:00-17:30,,,,,,,,8,,,,,,,,121.92585897105,29.880430633991,0
5394972d2e8ad99c1df74d1f,王楠轮胎店,汽车服务,汽车配件,浙江省,宁波市,北仑区,浙江省宁波市北仑区云台山路56号,5394972d2e8ad99c1df74d1f,1,0,121.893847,29.882182,13626837010,life,http://api.map.baidu.com/place/detail?uid=5394972d2e8ad99c1df74d1f&output=html&source=placeapi_v2,,00:00-24:00,,,,,,,,8,5,,,,,,,121.89385951871,29.882233603934,0
7c481808ca17147db45f1e3a,护驹汽车电器配件批发,汽车服务,汽车配件,浙江省,宁波市,北仑区,浙江省宁波市北仑区薪桥北路527号,7c481808ca17147db45f1e3a,1,0,121.920837,29.885392,(0574)56262654,life,http://api.map.baidu.com/place/detail?uid=7c481808ca17147db45f1e3a&output=html&source=placeapi_v2,,00:00-24:00,0.0,,,,,,,7,1,,,,,,,,,0
fed0d4f92a8762ae94ec849f,三兴轮胎,汽车服务,汽车配件,浙江省,宁波市,北仑区,浙江省宁波市北仑区临港一路与329国道交叉口,fed0d4f92a8762ae94ec849f,1,0,121.911749,29.88859,,life,http://api.map.baidu.com/place/detail?uid=fed0d4f92a8762ae94ec849f&output=html&source=placeapi_v2,,,0.0,,,,,,,5,1,,,,,,,,,0
41e11bd9eda0a290d7851fe2,临港一路停车场王标轮胎店,汽车服务,汽车配件,浙江省,宁波市,北仑区,宁波市北仑区杭沈线与临港一路交叉路口往北约80米,41e11bd9eda0a290d7851fe2,1,0,121.912591,29.889894,15858454098,life,http://api.map.baidu.com/place/detail?uid=41e11bd9eda0a290d7851fe2&output=html&source=placeapi_v2,,,,,,,,,,,,,,,,,,121.91258755457,29.889930793993,0
da6907d94002b3f51e1d11cb,健达车配,汽车服务,汽车配件,浙江省,宁波市,海曙区,浙江省宁波市海曙区栎高线,,1,0,121.431815,29.897055,,life,http://api.map.baidu.com/place/detail?uid=da6907d94002b3f51e1d11cb&output=html&source=placeapi_v2,,,,,,,,,,,,,,,,,,,,0
8d1d0e81dd0ef6964107c14a,汽车电瓶,汽车服务,汽车配件,浙江省,宁波市,海曙区,浙江省宁波市海曙区高桥中路58号,8d1d0e81dd0ef6964107c14a,1,0,121.473973,29.906442,13023798270,life,http://api.map.baidu.com/place/detail?uid=8d1d0e81dd0ef6964107c14a&output=html&source=placeapi_v2,,08:00-18:00,,,,,,,,4,,,,,,,,121.47386949318,29.906285908402,0
d5e70615b839af4279dbd233,黑狮轮胎,汽车服务,汽车配件,浙江省,宁波市,海曙区,浙江省宁波市海曙区长乐路一弄14号,d5e70615b839af4279dbd233,1,0,121.473841,29.90888,,life,http://api.map.baidu.com/place/detail?uid=d5e70615b839af4279dbd233&output=html&source=placeapi_v2,,,,,,,,,,4,,,,,,,,,,0
4ea3f2f1aafb35d4afcb669e,宁波市鄞州厦通汽车配件有限公司,汽车服务,汽车配件,浙江省,宁波市,海曙区,高桥镇芦港村接待寺对面,4ea3f2f1aafb35d4afcb669e,1,0,121.489861,29.900088,(0574)88009711,life,http://api.map.baidu.com/place/detail?uid=4ea3f2f1aafb35d4afcb669e&output=html&source=placeapi_v2,,,,,,,,,,1,,,,,,,,121.49002611694,29.899933603122,0
4fced7d87c83b8796e20b9b5,浙江福正汽配有限公司,汽车服务,汽车配件,浙江省,宁波市,海曙区,浙江省宁波市海曙区江岸路18号,4fced7d87c83b8796e20b9b5,1,0,121.480742,29.904032,(0574)88011318,life,http://api.map.baidu.com/place/detail?uid=4fced7d87c83b8796e20b9b5&output=html&source=placeapi_v2,,,,,,,,,,7,,,,,,,,121.48066503422,29.904055656163,0
337ec3e3fca5c16e95ca078c,安行轮胎商行,汽车服务,汽车配件,浙江省,宁波市,海曙区,浙江省宁波市海曙区徐家漕路268弄58号,337ec3e3fca5c16e95ca078c,1,0,121.500951,29.891702,13777955764,life,http://api.map.baidu.com/place/detail?uid=337ec3e3fca5c16e95ca078c&output=html&source=placeapi_v2,,10:00-22:00,0,,,,,,,17,0,,,,,,,121.50078707494,29.891690306838,0
71407f499f663007c16c14bc,邓禄普轮胎(环城西路店),汽车服务,汽车配件,浙江省,宁波市,海曙区,浙江省宁波市海曙区环城西路北段492号,71407f499f663007c16c14bc,1,0,121.534244,29.901477,13780010980,life,http://api.map.baidu.com/place/detail?uid=71407f499f663007c16c14bc&output=html&source=placeapi_v2,,06:00-23:00,5,,,,,,,7,2,,,,,,,,,0
a874f2843db5f4b1ab175a77,路欧锋轮胎,汽车服务,汽车配件,浙江省,宁波市,江北区,浙江省宁波市江北区兴北路226号,a874f2843db5f4b1ab175a77,1,0,121.532141,29.918062,13656668006,life,http://api.map.baidu.com/place/detail?uid=a874f2843db5f4b1ab175a77&output=html&source=placeapi_v2,,,,,,,,,,16,,,,,,,,121.53239292754,29.918049096637,0
6edc44a462e02e4c4054d7dd,新兴志明轮胎商行,汽车服务,汽车配件,浙江省,宁波市,海曙区,浙江省宁波市海曙区环城西路北段-496号,6edc44a462e02e4c4054d7dd,1,0,121.534325,29.901452,13780010980,life,http://api.map.baidu.com/place/detail?uid=6edc44a462e02e4c4054d7dd&output=html&source=placeapi_v2,,,5,,,,,,,2,1,,,,,,,121.53406948182,29.901500452234,0
2848ffd63aa6560e48cc4a3e,环北汽配市场(环城北路店),汽车服务,汽车配件,浙江省,宁波市,江北区,浙江省宁波市江北区环城北路东段268号环北汽配市场西区,2848ffd63aa6560e48cc4a3e,1,0,121.58637,29.906939,(0574)87636797,life,http://api.map.baidu.com/place/detail?uid=2848ffd63aa6560e48cc4a3e&output=html&source=placeapi_v2,,08:00-17:00,5,,,,,,,24,3,,,,,,,121.58595616232,29.907095293973,0
383699c96d53c5c8c51e519c,老兵汽配,汽车服务,汽车配件,浙江省,宁波市,江北区,浙江省宁波市江北区环城北路东段268号1079,383699c96d53c5c8c51e519c,1,0,121.587079,29.906962,"13567846232,18906628280",life,http://api.map.baidu.com/place/detail?uid=383699c96d53c5c8c51e519c&output=html&source=placeapi_v2,,08:30-18:00,,,,,,,,17,,,,,,,,121.58704713819,29.907070541717,0
baeb9b3f8eacc4151b94c656,金地汽配(环城北路店),汽车服务,汽车配件,浙江省,宁波市,江北区,浙江省宁波市江北区环城北路东段268号西区1003店,baeb9b3f8eacc4151b94c656,1,0,121.586506,29.907138,"13306635209,15058867258",life,http://api.map.baidu.com/place/detail?uid=baeb9b3f8eacc4151b94c656&output=html&source=placeapi_v2,,,0.0,,,,,,,16,1,,,,,,,121.58643229029,29.907266418366,0
87bcd1e910ba90cf24d2bb93,路航轮胎,汽车服务,汽车配件,浙江省,宁波市,江北区,宁波市江北区倪家堰路新杰宾馆东北侧约30米,,1,0,121.574305,29.907613,,life,http://api.map.baidu.com/place/detail?uid=87bcd1e910ba90cf24d2bb93&output=html&source=placeapi_v2,,,,,,,,,,4,,,,,,,,,,0
43911b194a8d23dc871541ff,进口二手轮胎,汽车服务,汽车配件,浙江省,宁波市,江北区,浙江省宁波市江北区环城北路东段356-2号,43911b194a8d23dc871541ff,1,0,121.590522,29.908809,18888672873,life,http://api.map.baidu.com/place/detail?uid=43911b194a8d23dc871541ff&output=html&source=placeapi_v2,,,0,,,,,,,6,0,,,,,,,121.59054815007,29.909062962922,0
f985db92ab3457090aa8d4fa,远阳汽配,汽车服务,汽车配件,浙江省,宁波市,江北区,浙江省宁波市江北区环城北路268号环北汽配城西区,f985db92ab3457090aa8d4fa,1,0,121.586256,29.90667,15382448118,life,http://api.map.baidu.com/place/detail?uid=f985db92ab3457090aa8d4fa&output=html&source=placeapi_v2,,08:00-18:00,,,,,,,,9,,,,,,,,121.58622549407,29.906725866059,0
ba8df9d6c0e7c01914c8f6fc,嘉怡汽配,汽车服务,汽车配件,浙江省,宁波市,江北区,浙江省宁波市江北区环城北路东段268号环北汽配市场东区1028号,ba8df9d6c0e7c01914c8f6fc,1,0,121.586845,29.907087,(0574)87246347,life,http://api.map.baidu.com/place/detail?uid=ba8df9d6c0e7c01914c8f6fc&output=html&source=placeapi_v2,,07:30-17:30,,,,,,,,2,,,,,,,,121.58679554707,29.907017502724,0
1d75761d81f29b03230220a6,宁波李云龙汽配商行,汽车服务,汽车配件,浙江省,宁波市,江北区,浙江省宁波市江北区环城北路东段268号西区1042号,1d75761d81f29b03230220a6,1,0,121.586305,29.906838,15268375562,life,http://api.map.baidu.com/place/detail?uid=1d75761d81f29b03230220a6&output=html&source=placeapi_v2,,,,,,,,,,8,,,,,,,,,,0
54c6ef43f1f852b532f71d0d,同升滤清器,汽车服务,汽车配件,浙江省,宁波市,江北区,环城北路东段420号,,1,0,121.592202,29.909588,(0574)87626195,life,http://api.map.baidu.com/place/detail?uid=54c6ef43f1f852b532f71d0d&output=html&source=placeapi_v2,,,,,,,,,,2,,,,,,,,121.59211268835,29.909744118482,0
b5f43c482d977f4557bfff33,友邦汽配,汽车服务,汽车配件,浙江省,宁波市,江北区,浙江省宁波市江北区环城北路红梅新村,,1,0,121.592187,29.909548,13567497180,life,http://api.map.baidu.com/place/detail?uid=b5f43c482d977f4557bfff33&output=html&source=placeapi_v2,,,,,,,,,,1,,,,,,,,,,0
a85d4582d774247d94ec84cf,进口二手轮胎(宁波店),汽车服务,汽车配件,浙江省,宁波市,鄞州区,浙江省宁波市鄞州区江东北路842号,a85d4582d774247d94ec84cf,1,0,121.589452,29.893724,13095971790,life,http://api.map.baidu.com/place/detail?uid=a85d4582d774247d94ec84cf&output=html&source=placeapi_v2,,,,,,,,,,3,,,,,,,,121.5894333143,29.893786522762,0
0f56b6d15e0fb4bfa11de9d3,蓄电池商行,汽车服务,汽车配件,浙江省,宁波市,鄞州区,浙江省宁波市鄞州区甬江大道1644号,0f56b6d15e0fb4bfa11de9d3,1,0,121.597433,29.89832,13777094946,life,http://api.map.baidu.com/place/detail?uid=0f56b6d15e0fb4bfa11de9d3&output=html&source=placeapi_v2,,,,,,,,,,1,,,,,,,,,,0
640b7f8711703eb1d6b74e9e,阿三轮胎经营部,汽车服务,汽车配件,浙江省,宁波市,鄞州区,浙江省宁波市鄞州区腊梅路31-1号,640b7f8711703eb1d6b74e9e,1,0,121.618594,29.901204,13003758607,life,http://api.map.baidu.com/place/detail?uid=640b7f8711703eb1d6b74e9e&output=html&source=placeapi_v2,,,,,,,,,,5,,,,,,,,121.61861747538,29.901058939955,0
f064de320c17415496ca076f,挖掘机配件,汽车服务,汽车配件,浙江省,宁波市,江北区,宁波市江北区建业街阳光清晨花苑-东区,f064de320c17415496ca076f,1,0,121.60823,29.913643,"18858014313,18858058515",life,http://api.map.baidu.com/place/detail?uid=f064de320c17415496ca076f&output=html&source=placeapi_v2,,06:30-18:15,,,,,,,,7,,,,,,,,121.60823173509,29.913513492157,0
2fe1502f503311a0be4842ef,豪美轮胎经营部,汽车服务,汽车配件,浙江省,宁波市,江北区,宁波市江北区中官新路俊豪商务宾馆西北侧约90米,2fe1502f503311a0be4842ef,1,0,121.60845,29.917637,13429398142,life,http://api.map.baidu.com/place/detail?uid=2fe1502f503311a0be4842ef&output=html&source=placeapi_v2,,,,,,,,,,8,,,,,,,,121.60841052304,29.917794594031,0
22a20e127ccca8243c9a5e3f,宁波通成汽配有限公司,汽车服务,汽车配件,浙江省,宁波市,鄞州区,浙江省宁波市鄞州区江南路598号九五商务大厦1801号,22a20e127ccca8243c9a5e3f,1,0,121.622315,29.893197,,life,http://api.map.baidu.com/place/detail?uid=22a20e127ccca8243c9a5e3f&output=html&source=placeapi_v2,,09:00-18:30,,,,,,,,1,,,,,,,,121.62194116175,29.892846649662,0
93a9788b9472b2cdda2f2848,潍柴动力配件专卖店,汽车服务,汽车配件,浙江省,宁波市,江北区,浙江省宁波市江北区华业街154号,93a9788b9472b2cdda2f2848,1,0,121.604497,29.914851,(0574)87637417,life,http://api.map.baidu.com/place/detail?uid=93a9788b9472b2cdda2f2848&output=html&source=placeapi_v2,,,,,,,,,,6,,,,,,,,,,0
2e5425a00c07c324a80dd8ef,永安汽配(孔浦街道白杨社区卫生服务站东),汽车服务,汽车配件,浙江省,宁波市,江北区,浙江省宁波市江北区东昌路103-1号,2e5425a00c07c324a80dd8ef,1,0,121.609711,29.915503,13736005884,life,http://api.map.baidu.com/place/detail?uid=2e5425a00c07c324a80dd8ef&output=html&source=placeapi_v2,,07:00-18:00,,,,,,,,12,,,,,,,,,,0
71158f9c8d15b8d028201a9f,普正汽车配件,汽车服务,汽车配件,浙江省,宁波市,鄞州区,浙江省宁波市鄞州区云杉路242号,71158f9c8d15b8d028201a9f,1,0,121.664028,29.905812,,life,http://api.map.baidu.com/place/detail?uid=71158f9c8d15b8d028201a9f&output=html&source=placeapi_v2,,,,,,,,,,10,,,,,,,,121.66406856225,29.905827432294,0
a18e2cf412f48d0e260bd0e2,凯沃配件,汽车服务,汽车配件,浙江省,宁波市,北仑区,浙江省宁波市北仑区中泥场路69号,a18e2cf412f48d0e260bd0e2,1,0,121.675375,29.913512,,life,http://api.map.baidu.com/place/detail?uid=a18e2cf412f48d0e260bd0e2&output=html&source=placeapi_v2,,,,,,,,,,1,,,,,,,,,,0
48162c52c2aca6cc3f9a5ef8,盛星汽配,汽车服务,汽车配件,浙江省,宁波市,北仑区,宁波市北仑区新建村朱家77号-1号,,1,0,121.682713,29.911797,(0574)87910840,life,http://api.map.baidu.com/place/detail?uid=48162c52c2aca6cc3f9a5ef8&output=html&source=placeapi_v2,,,,,,,,,,1,,,,,,,,121.68270147834,29.91174676688,0
6ed4f2be140dadd41f3894d9,大胡子轮胎服务站,汽车服务,汽车配件,浙江省,宁波市,北仑区,宁波市北仑区经十二路与纬九路交叉路口西北侧,6ed4f2be140dadd41f3894d9,1,0,121.681753,29.914497,13806673242,life,http://api.map.baidu.com/place/detail?uid=6ed4f2be140dadd41f3894d9&output=html&source=placeapi_v2,,,,,,,,,,,,,,,,,,121.68184765781,29.914406139532,0
59f3d3ddbe27d9f3ca1b952c,普利司通轮胎(凌云路店),汽车服务,汽车配件,浙江省,宁波市,鄞州区,宁波市鄞州区梅墟路凌云路1691号,59f3d3ddbe27d9f3ca1b952c,1,0,121.665886,29.892132,13145527362,life,http://api.map.baidu.com/place/detail?uid=59f3d3ddbe27d9f3ca1b952c&output=html&source=placeapi_v2,,10:00-21:00,,,,,,,,19,,,,,,,,121.66599176338,29.891947839448,0
50ba176c6d5ea80a2902e163,汽吊配件,汽车服务,汽车配件,浙江省,宁波市,鄞州区,浙江省宁波市鄞州区凌云路17671769室,,1,0,121.66762,29.892824,(0574)87900949,life,http://api.map.baidu.com/place/detail?uid=50ba176c6d5ea80a2902e163&output=html&source=placeapi_v2,,09:00-18:00,,,,,,,,5,,,,,,,,121.66767355928,29.892746985902,0
6009c38495e6bc399e9d6866,余金汽车零部件(宁波)有限公司,汽车服务,汽车配件,浙江省,宁波市,北仑区,浙江省宁波市北仑区安居弄27号6栋,,1,0,121.716878,29.912482,13586689888,life,http://api.map.baidu.com/place/detail?uid=6009c38495e6bc399e9d6866&output=html&source=placeapi_v2,,,,,,,,,,,,,,,,,,,,0
b46989e221f27ffe3686f469,宁波康耐特汽配有限公司,汽车服务,汽车配件,浙江省,宁波市,北仑区,浙江省宁波市北仑区166号,b46989e221f27ffe3686f469,1,0,121.75676,29.922257,(0574)55831697,life,http://api.map.baidu.com/place/detail?uid=b46989e221f27ffe3686f469&output=html&source=placeapi_v2,,08:00-18:00,,,,,,,,,,,,,,,,121.75667588424,29.922068918694,0
1546ac3cd32adb085d17c322,宁波圣峰汽车零部件有限公司,汽车服务,汽车配件,浙江省,宁波市,北仑区,浙江省宁波市北仑区安居路18号3-1楼,,1,0,121.73908,29.924074,,life,http://api.map.baidu.com/place/detail?uid=1546ac3cd32adb085d17c322&output=html&source=placeapi_v2,,,,,,,,,,,,,,,,,,,,0
6cf73a01d2f527f5a8f0cd11,宁波北仑吉帝汽车配件有限公司,汽车服务,汽车配件,浙江省,宁波市,北仑区,浙江省宁波市北仑区陈山东路89号8幢1~2号,,1,0,121.73445,29.913943,13780079828,life,http://api.map.baidu.com/place/detail?uid=6cf73a01d2f527f5a8f0cd11&output=html&source=placeapi_v2,,08:00-20:00,,,,,,,,,,,,,,,,,,0
6ce6789bd9e25c580af5eb06,宁波宝峰汽车检具有限公司,汽车服务,汽车配件,浙江省,宁波市,北仑区,浙江省宁波市北仑区模具路21号,6ce6789bd9e25c580af5eb06,1,0,121.79218,29.913106,13616783151,life,http://api.map.baidu.com/place/detail?uid=6ce6789bd9e25c580af5eb06&output=html&source=placeapi_v2,,,,,,,,,,3,,,,,,,,121.79235279093,29.913074893132,0
fc8fe11ba05bb2d602897238,大矸汽配园区,汽车服务,汽车配件,浙江省,宁波市,北仑区,浙江省宁波市北仑区浙江宁波市北仑区隆源精密机械公司-大矸汽配园区,fc8fe11ba05bb2d602897238,1,0,121.786345,29.901543,,life,http://api.map.baidu.com/place/detail?uid=fc8fe11ba05bb2d602897238&output=html&source=placeapi_v2,,09:00-18:00,,,,,,,,,,,,,,,,121.78638414101,29.901437884683,0
fd2c0d7a07c378d13010afab,宁波中实汽车部件有限公司,汽车服务,汽车配件,浙江省,宁波市,北仑区,浙江省宁波市北仑区燕山路1号,fd2c0d7a07c378d13010afab,1,0,121.776131,29.898574,(0574)26865638,life,http://api.map.baidu.com/place/detail?uid=fd2c0d7a07c378d13010afab&output=html&source=placeapi_v2,,,,,,,,,,,,,,,,,,121.77610947261,29.89845423824,0
a6487158edb81fee0f0e6bdf,宁波开普勒汽车零部件有限公司,汽车服务,汽车配件,浙江省,宁波市,北仑区,浙江省宁波市北仑区宁波出口加工区燕山路1号6号楼,a6487158edb81fee0f0e6bdf,1,0,121.776433,29.899487,(0574)55867987,life,http://api.map.baidu.com/place/detail?uid=a6487158edb81fee0f0e6bdf&output=html&source=placeapi_v2,,,,,,,,,,2,,,,,,,,,,0
98a657c44a91e0e6a1d23029,宁波昱辰汽车零部件有限公司,汽车服务,汽车配件,浙江省,宁波市,北仑区,浙江省宁波市北仑区汇鑫路15号,98a657c44a91e0e6a1d23029,1,0,121.77719,29.896082,(0574)86100766,life,http://api.map.baidu.com/place/detail?uid=98a657c44a91e0e6a1d23029&output=html&source=placeapi_v2,,,,,,,,,,1,,,,,,,,121.77738424448,29.895597779866,0
79364ff094188aaaa80dd8d2,隆源汽配厂,汽车服务,汽车配件,浙江省,宁波市,北仑区,浙江省宁波市北仑区庙前山路217号,,1,0,121.786345,29.901543,,life,http://api.map.baidu.com/place/detail?uid=79364ff094188aaaa80dd8d2&output=html&source=placeapi_v2,,08:00-18:30,,,,,,,,,,,,,,,,121.7863152284,29.901455553375,0
40d19feecc3e029eb320a8cf,宁波东昊汽车部件有限公司,汽车服务,汽车配件,浙江省,宁波市,北仑区,浙江省宁波市北仑区大浦河北路2号,40d19feecc3e029eb320a8cf,1,0,121.80241,29.907692,,life,http://api.map.baidu.com/place/detail?uid=40d19feecc3e029eb320a8cf&output=html&source=placeapi_v2,,,,,,,,,,1,,,,,,,,,,0
f46dc8882d4559502fb17eef,新港汽配(恒山西路店),汽车服务,汽车配件,浙江省,宁波市,北仑区,浙江省宁波市北仑区恒山西路341~345号,f46dc8882d4559502fb17eef,1,0,121.830729,29.919375,"(0574)26872210,13586812550",life,http://api.map.baidu.com/place/detail?uid=f46dc8882d4559502fb17eef&output=html&source=placeapi_v2,,08:00-20:00,0,,,,,,,18,2,,,,,,,121.83071163274,29.919351821519,0
3864a2c1e63eb858b8bd63ce,恒通汽配(恒山西路店),汽车服务,汽车配件,浙江省,宁波市,北仑区,浙江省宁波市北仑区恒山西路301~303号,3864a2c1e63eb858b8bd63ce,1,0,121.831532,29.918785,"(0574)86833938,(0574)86962181",life,http://api.map.baidu.com/place/detail?uid=3864a2c1e63eb858b8bd63ce&output=html&source=placeapi_v2,,,5,,,,,,,17,2,,,,,,,,,0
b2d0f08e8b3f049a246e98ae,宁波安泰得利汽车部件有限公司,汽车服务,汽车配件,浙江省,宁波市,北仑区,浙江省宁波市北仑区大港六路58号,b2d0f08e8b3f049a246e98ae,1,0,121.814764,29.911776,,life,http://api.map.baidu.com/place/detail?uid=b2d0f08e8b3f049a246e98ae&output=html&source=placeapi_v2,,,,,,,,,,,,,,,,,,,,0
2c65abb5245dc9f92d473324,三头六臂(北仑店),汽车服务,汽车配件,浙江省,宁波市,北仑区,浙江省宁波市北仑区学苑路70-80号,2c65abb5245dc9f92d473324,1,0,121.82428,29.895762,18857493974,life,http://api.map.baidu.com/place/detail?uid=2c65abb5245dc9f92d473324&output=html&source=placeapi_v2,,08:00-18:00,5,,,,,,,15,3,,,,,,,121.82413860107,29.895802694344,0
00ea5967d2f0531c095cb312,德国马牌(车益汽车美容养护服务部),汽车服务,汽车配件,浙江省,宁波市,北仑区,浙江省宁波市北仑区凤洋二路141-149号,00ea5967d2f0531c095cb312,1,0,121.83012,29.921513,(0574)56804900,life,http://api.map.baidu.com/place/detail?uid=00ea5967d2f0531c095cb312&output=html&source=placeapi_v2,,07:30-18:00,,,,,,,,8,,,,,,,,121.83030309777,29.921410662321,0
d260b83062c4eff63786f447,陆陆顺汽配,汽车服务,汽车配件,浙江省,宁波市,北仑区,浙江省宁波市北仑区松花江路111号,d260b83062c4eff63786f447,1,0,121.82673,29.922314,15267854869,life,http://api.map.baidu.com/place/detail?uid=d260b83062c4eff63786f447&output=html&source=placeapi_v2,,07:15-20:00,,,,,,,,11,1,,,,,,,121.82660764946,29.922388151236,0
74c933fb74db445f9e82ea48,北仑平安轮胎公司,汽车服务,汽车配件,浙江省,宁波市,北仑区,浙江省宁波市北仑区凤洋一路112号,74c933fb74db445f9e82ea48,1,0,121.832808,29.918351,(0574)86868980,life,http://api.map.baidu.com/place/detail?uid=74c933fb74db445f9e82ea48&output=html&source=placeapi_v2,,06:30-18:30,0,,,,,,,10,0,,,,,,,121.83300210877,29.918194390512,0
a3e8c8d4481686d03310af4e,快准车服(北仑服务站),汽车服务,汽车配件,浙江省,宁波市,北仑区,浙江省宁波市北仑区明州西路324号,a3e8c8d4481686d03310af4e,1,0,121.830554,29.925606,"(0574)88261583,18094575739",life,http://api.map.baidu.com/place/detail?uid=a3e8c8d4481686d03310af4e&output=html&source=placeapi_v2,,08:30-19:00,,,,,,,,13,,,,,,,,121.83059375709,29.925697182816,0
04f3554d95a6d5681c38946c,纽特公司,汽车服务,汽车配件,浙江省,宁波市,北仑区,浙江省宁波市北仑区大港二路68号,04f3554d95a6d5681c38946c,1,0,121.823237,29.918831,(0574)86868755,life,http://api.map.baidu.com/place/detail?uid=04f3554d95a6d5681c38946c&output=html&source=placeapi_v2,,,,,,,,,,,,,,,,,,121.82338344504,29.91874859156,0
f70b91b24df86be74f6d4620,恒诚汽配,汽车服务,汽车配件,浙江省,宁波市,北仑区,浙江省宁波市北仑区庐山中路245号,f70b91b24df86be74f6d4620,1,0,121.811334,29.905677,15726814000,life,http://api.map.baidu.com/place/detail?uid=f70b91b24df86be74f6d4620&output=html&source=placeapi_v2,,07:30-24:00,,,,,,,,15,,,,,,,,,,0
bbbdefdcec564e43b8bd635b,久久汽配,汽车服务,汽车配件,浙江省,宁波市,北仑区,浙江省宁波市北仑区恒山西路277号,622a9e8a50b37f1ad42ce26e,1,0,121.831919,29.918547,13336619397,life,http://api.map.baidu.com/place/detail?uid=bbbdefdcec564e43b8bd635b&output=html&source=placeapi_v2,,08:00-20:00,,,,,,,,7,,,,,,,,121.83186001662,29.918474928516,0
2c6cdeda076a5bdcb6f42ffa,北仑胖子轮胎店(途虎养车店),汽车服务,汽车配件,浙江省,宁波市,北仑区,浙江省宁波市北仑区松花江路385号,2c6cdeda076a5bdcb6f42ffa,1,0,121.830567,29.927132,13858283400,life,http://api.map.baidu.com/place/detail?uid=2c6cdeda076a5bdcb6f42ffa&output=html&source=placeapi_v2,,,,,,,,,,15,,,,,,,,,,0
cd13ea57bab4bdef4e6d4690,盛源汽配,汽车服务,汽车配件,浙江省,宁波市,北仑区,浙江省宁波市北仑区松花江路373号,cd13ea57bab4bdef4e6d4690,1,0,121.830385,29.926856,"13372450306,17757499525",life,http://api.map.baidu.com/place/detail?uid=cd13ea57bab4bdef4e6d4690&output=html&source=placeapi_v2,,,,,,,,,,8,,,,,,,,,,0
7f53383bb599617d1df74de3,宝柏轮胎,汽车服务,汽车配件,浙江省,宁波市,北仑区,宁波市北仑区学苑路江星公寓-南区,,1,0,121.824284,29.89586,(0574)86112430,life,http://api.map.baidu.com/place/detail?uid=7f53383bb599617d1df74de3&output=html&source=placeapi_v2,,08:00-18:30,,,,,,,,8,1,,,,,,,121.82417270704,29.895891739633,0
7a4bfe413689148300ff2db4,普利司通轮胎(大矸人民北路店),汽车服务,汽车配件,浙江省,宁波市,北仑区,浙江省宁波市北仑区庐山路78号,7a4bfe413689148300ff2db4,1,0,121.810496,29.905603,13777143783,life,http://api.map.baidu.com/place/detail?uid=7a4bfe413689148300ff2db4&output=html&source=placeapi_v2,,08:00-18:00,0,,,,,,,1,0,,,,,,,,,0
d739bf8d53c7ea12c8213dad,海力汽配,汽车服务,汽车配件,浙江省,宁波市,北仑区,浙江省宁波市北仑区庐山中路267号,d739bf8d53c7ea12c8213dad,1,0,121.811684,29.905436,"(0574)55875245,13362478801",life,http://api.map.baidu.com/place/detail?uid=d739bf8d53c7ea12c8213dad&output=html&source=placeapi_v2,,08:00-18:30,,,,,,,,17,,,,,,,,121.81156985353,29.905257001884,0
4545bba7740390f99d9d6821,有一家轮胎店,汽车服务,汽车配件,浙江省,宁波市,北仑区,浙江省宁波市北仑区闽江路609号,4545bba7740390f99d9d6821,1,0,121.868489,29.910256,17122268222,life,http://api.map.baidu.com/place/detail?uid=4545bba7740390f99d9d6821&output=html&source=placeapi_v2,,10:00-20:00,5,,,,,,,6,2,,,,,,,121.86865000379,29.910217241117,0
74334fbecc8a5df882a12ed6,豪佳汽配,汽车服务,汽车配件,浙江省,宁波市,北仑区,浙江省宁波市北仑区进港路1302号,74334fbecc8a5df882a12ed6,1,0,121.875447,29.918172,18658231266,life,http://api.map.baidu.com/place/detail?uid=74334fbecc8a5df882a12ed6&output=html&source=placeapi_v2,,,,,,,,,,5,,,,,,,,121.87565772909,29.918134696476,0
a38349748d0b1848902ca3c6,福路德汽配超市,汽车服务,汽车配件,浙江省,宁波市,北仑区,浙江省宁波市北仑区嵩山路1005号,a38349748d0b1848902ca3c6,1,0,121.863974,29.916723,13396600105,life,http://api.map.baidu.com/place/detail?uid=a38349748d0b1848902ca3c6&output=html&source=placeapi_v2,,,,,,,,,,11,,,,,,,,121.86391125807,29.916560676638,0
6b4377bfabb249ce09a8d460,飞歌导航,汽车服务,汽车配件,浙江省,宁波市,北仑区,浙江省宁波市北仑区华山路736号,6b4377bfabb249ce09a8d460,1,0,121.859334,29.911392,13505885239,life,http://api.map.baidu.com/place/detail?uid=6b4377bfabb249ce09a8d460&output=html&source=placeapi_v2,,,,,,,,,,19,,,,,,,,121.8592609685,29.911197628167,0
605b45333661d3683c9a5ef7,朗适汽配,汽车服务,汽车配件,浙江省,宁波市,北仑区,宁波市北仑区辽河路135号,605b45333661d3683c9a5ef7,1,0,121.863892,29.917798,"(0574)55128492,13806666904",life,http://api.map.baidu.com/place/detail?uid=605b45333661d3683c9a5ef7&output=html&source=placeapi_v2,,,,,,,,,,17,,,,,,,,121.86373132119,29.91784346505,0
49d4937b94a2850d2b201aeb,三联集装箱配套服务中心,汽车服务,汽车配件,浙江省,宁波市,北仑区,浙江省宁波市北仑区进港路961~963号,49d4937b94a2850d2b201aeb,1,0,121.866445,29.919918,13606842851,life,http://api.map.baidu.com/place/detail?uid=49d4937b94a2850d2b201aeb&output=html&source=placeapi_v2,,,,,,,,,,17,,,,,,,,121.86649165862,29.920007029848,0
bcded1c606a0807d6b49f37e,子皓开锁,汽车服务,汽车配件,浙江省,宁波市,北仑区,浙江省宁波市北仑区闽江路363号,bcded1c606a0807d6b49f37e,1,0,121.8692,29.91228,15805742110,life,http://api.map.baidu.com/place/detail?uid=bcded1c606a0807d6b49f37e&output=html&source=placeapi_v2,-1,00:00-24:00,,,,,,,,32,,,,,,,,121.86929535545,29.912251485368,0
49452c3f42935376dbecedae,全诺轮胎,汽车服务,汽车配件,浙江省,宁波市,北仑区,浙江省宁波市北仑区进港路999号,49452c3f42935376dbecedae,1,0,121.867494,29.919421,"13738410001,15824277703",life,http://api.map.baidu.com/place/detail?uid=49452c3f42935376dbecedae&output=html&source=placeapi_v2,,,,,,,,,,7,,,,,,,,121.86768778205,29.919367860972,0
96b672aab4776c74ce04ef7c,福耀汽车玻璃(北仑店),汽车服务,汽车配件,浙江省,宁波市,北仑区,浙江省宁波市北仑区长江路26号东区,96b672aab4776c74ce04ef7c,1,0,121.859248,29.922967,"(0574)86865963,4000574086",life,http://api.map.baidu.com/place/detail?uid=96b672aab4776c74ce04ef7c&output=html&source=placeapi_v2,,08:30-17:00,0,,,,,,,23,2,,,,,,,121.85937013059,29.92292641981,0
5a25868f1cd0576728b97c96,重庆红岩杰狮配件,汽车服务,汽车配件,浙江省,宁波市,北仑区,宁波市北仑区淮河路淮河小学东南侧,5a25868f1cd0576728b97c96,1,0,121.867209,29.918481,"13858245582,15824258291",life,http://api.map.baidu.com/place/detail?uid=5a25868f1cd0576728b97c96&output=html&source=placeapi_v2,,,,,,,,,,13,,,,,,,,121.86728856609,29.918284246997,0
572660c56134dc92b6147fa9,YCYC一超滤清器,汽车服务,汽车配件,浙江省,宁波市,北仑区,宁波市北仑区进港路京华茗苑,572660c56134dc92b6147fa9,1,0,121.865498,29.920277,"(0574)86863726,18967871780",life,http://api.map.baidu.com/place/detail?uid=572660c56134dc92b6147fa9&output=html&source=placeapi_v2,,,,,,,,,,7,,,,,,,,121.86558042559,29.92044352932,0
c6bcd7ff947c31dc0e3dda82,金路轮胎,汽车服务,汽车配件,浙江省,宁波市,北仑区,宁波市北仑区进港路源沣公寓东北侧约30米,c6bcd7ff947c31dc0e3dda82,1,0,121.87221,29.918091,,life,http://api.map.baidu.com/place/detail?uid=c6bcd7ff947c31dc0e3dda82&output=html&source=placeapi_v2,,,,,,,,,,3,,,,,,,,121.8723089216,29.9184289406,0
b8679aa5e67c7ab8e3110352,宁波文杰轮胎商行,汽车服务,汽车配件,浙江省,宁波市,北仑区,宁波市北仑区淮河路京华茗苑东北侧,b8679aa5e67c7ab8e3110352,1,0,121.867425,29.91908,15168171863,life,http://api.map.baidu.com/place/detail?uid=b8679aa5e67c7ab8e3110352&output=html&source=placeapi_v2,,,0,,,,,,,14,1,,,,,,,121.86756967284,29.919040463744,0
328b34bc93161cb2704b872f,大运重卡配件,汽车服务,汽车配件,浙江省,宁波市,北仑区,宁波市北仑区进港路源沣公寓西北侧约80米,328b34bc93161cb2704b872f,1,0,121.870809,29.918443,,life,http://api.map.baidu.com/place/detail?uid=328b34bc93161cb2704b872f&output=html&source=placeapi_v2,,,,,,,,,,2,,,,,,,,,,0
7405a98c03e1aca5077ce888,江苏可兰素汽车环保科技有限公司(车用尿素宁波总经销),汽车服务,汽车配件,浙江省,宁波市,北仑区,浙江省宁波市北仑区进港路1139号,7405a98c03e1aca5077ce888,1,0,121.872582,29.918021,15906555706,life,http://api.map.baidu.com/place/detail?uid=7405a98c03e1aca5077ce888&output=html&source=placeapi_v2,,08:00-24:00,,,,,,,,4,,,,,,,,121.87268183607,29.918337264121,0
71818c6c31315e4a81a12ecf,宁波用之鼎顺轮胎有限公司,汽车服务,汽车配件,浙江省,宁波市,北仑区,宁波市北仑区淮河路淮河小学东北侧,71818c6c31315e4a81a12ecf,1,0,121.867438,29.919015,,life,http://api.map.baidu.com/place/detail?uid=71818c6c31315e4a81a12ecf&output=html&source=placeapi_v2,,,,,,,,,,3,,,,,,,,,,0
55d958ca1d5333c11b94c6c7,利好轮胎,汽车服务,汽车配件,浙江省,宁波市,北仑区,浙江省宁波市北仑区淮河路淮河小学东北侧,55d958ca1d5333c11b94c6c7,1,0,121.867551,29.919295,,life,http://api.map.baidu.com/place/detail?uid=55d958ca1d5333c11b94c6c7&output=html&source=placeapi_v2,,,,,,,,,,2,,,,,,,,121.86763852795,29.919232770144,0
58197f32e516232272455b3d,卡客车轮胎店,汽车服务,汽车配件,浙江省,宁波市,北仑区,宁波市北仑区进港路源沣公寓北侧约120米,58197f32e516232272455b3d,1,0,121.871797,29.919016,18057410286,life,http://api.map.baidu.com/place/detail?uid=58197f32e516232272455b3d&output=html&source=placeapi_v2,,,,,,,,,,7,,,,,,,,,,0
105085d4da4e4acc0c0e6bda,平安汽配(进港路辅路店),汽车服务,汽车配件,浙江省,宁波市,北仑区,浙江省宁波市北仑区进港路421号,105085d4da4e4acc0c0e6bda,1,0,121.858993,29.923872,"(0574)86864553,13306665756",life,http://api.map.baidu.com/place/detail?uid=105085d4da4e4acc0c0e6bda&output=html&source=placeapi_v2,,08:00-19:30,4,,,,,,,12,1,,,,,,,121.85904043989,29.923946995952,0
5ecbaab3c3f4be3b4afc8db4,老许轮胎翻新店,汽车服务,汽车配件,浙江省,宁波市,北仑区,浙江省宁波市北仑区进港路941号,5ecbaab3c3f4be3b4afc8db4,1,0,121.865769,29.920124,,life,http://api.map.baidu.com/place/detail?uid=5ecbaab3c3f4be3b4afc8db4&output=html&source=placeapi_v2,,,,,,,,,,11,,,,,,,,121.86588046682,29.920293398125,0
6c1ee8db091da41d2fb908c3,通途汽配轮胎厂家直销(珠江路店),汽车服务,汽车配件,浙江省,宁波市,北仑区,浙江省宁波市北仑区进港路1292号,6c1ee8db091da41d2fb908c3,1,0,121.875413,29.918211,13736072386,life,http://api.map.baidu.com/place/detail?uid=6c1ee8db091da41d2fb908c3&output=html&source=placeapi_v2,,,,,,,,,,2,,,,,,,,121.87566506196,29.918166346216,0
2af20538cd5fa639ab0dd818,如祥轮胎有限公司,汽车服务,汽车配件,浙江省,宁波市,北仑区,宁波市北仑区进港路京华茗苑,2af20538cd5fa639ab0dd818,1,0,121.865712,29.920248,15906554690,life,http://api.map.baidu.com/place/detail?uid=2af20538cd5fa639ab0dd818&output=html&source=placeapi_v2,,,,,,,,,,5,,,,,,,,,,0
9e54d368393c8dd478f796f0,钰晨,汽车服务,汽车配件,浙江省,宁波市,北仑区,进港路435-437号附近,9e54d368393c8dd478f796f0,1,0,121.859402,29.923603,"13386601378,18658243525",life,http://api.map.baidu.com/place/detail?uid=9e54d368393c8dd478f796f0&output=html&source=placeapi_v2,,09:00-20:00,,,,,,,,13,,,,,,,,121.85946428917,29.923683814341,0
353a8044a29c0afcc9fa5fee,多力通轮胎,汽车服务,汽车配件,浙江省,宁波市,北仑区,宁波市北仑区进港路京华茗苑,353a8044a29c0afcc9fa5fee,1,0,121.865593,29.920238,13655745348,life,http://api.map.baidu.com/place/detail?uid=353a8044a29c0afcc9fa5fee&output=html&source=placeapi_v2,,,,,,,,,,4,,,,,,,,,,0
a12d4626f35f65aacb213dc3,通洋半挂车配件批发中心,汽车服务,汽车配件,浙江省,宁波市,北仑区,浙江省宁波市北仑区长江路2号,,1,0,121.859463,29.923465,"(0574)86883521,13105541545",life,http://api.map.baidu.com/place/detail?uid=a12d4626f35f65aacb213dc3&output=html&source=placeapi_v2,,,,,,,,,,5,,,,,,,,121.85960798661,29.92342135713,0
9e6ebf19f95aad0da21de923,兴龙汽配加工液压油管,汽车服务,汽车配件,浙江省,宁波市,北仑区,宁波市北仑区进港路保税区东区生活小区东南侧约30米,9e6ebf19f95aad0da21de923,1,0,121.859328,29.923729,"(0574)86863316,13250988111,13967573111",life,http://api.map.baidu.com/place/detail?uid=9e6ebf19f95aad0da21de923&output=html&source=placeapi_v2,,00:00-24:00,,,,,,,,6,,,,,,,,,,0
872d74b0f524cae0c9c3db4e,均顺汽配,汽车服务,汽车配件,浙江省,宁波市,北仑区,浙江省宁波市北仑区长江路14号,872d74b0f524cae0c9c3db4e,1,0,121.859364,29.923199,"(0574)86830287,15869585799",life,http://api.map.baidu.com/place/detail?uid=872d74b0f524cae0c9c3db4e&output=html&source=placeapi_v2,,,,,,,,,,12,,,,,,,,121.85947959001,29.923157805303,0
1f22ef389814a1209c82ea54,众重旺汽配,汽车服务,汽车配件,浙江省,宁波市,北仑区,浙江省宁波市北仑区进港路983号,1f22ef389814a1209c82ea54,1,0,121.867004,29.919682,"(0574)86899916,13858284562",life,http://api.map.baidu.com/place/detail?uid=1f22ef389814a1209c82ea54&output=html&source=placeapi_v2,,00:00-24:00,0.0,,,,,,,19,,,,,,,,121.86705814354,29.919709720335,0
1c944020a1102181c9e33cb7,大力士轮胎,汽车服务,汽车配件,浙江省,宁波市,北仑区,浙江省宁波市北仑区辽河路245号,1c944020a1102181c9e33cb7,1,0,121.865168,29.920325,13819831613,life,http://api.map.baidu.com/place/detail?uid=1c944020a1102181c9e33cb7&output=html&source=placeapi_v2,,,,,,,,,,9,,,,,,,,121.86513472592,29.920338403443,0
049f15afb57af544c51e5146,吉邦轮胎,汽车服务,汽车配件,浙江省,宁波市,北仑区,浙江省宁波市北仑区长江路8号,049f15afb57af544c51e5146,1,0,121.859483,29.92332,13989385736,life,http://api.map.baidu.com/place/detail?uid=049f15afb57af544c51e5146&output=html&source=placeapi_v2,,,,,,,,,,5,,,,,,,,121.85954714438,29.923294044921,0
8c54bfc72fe0a4ae2e4733bb,驰通汽配,汽车服务,汽车配件,浙江省,宁波市,北仑区,浙江省宁波市北仑区进港路995号,8c54bfc72fe0a4ae2e4733bb,1,0,121.867288,29.919428,"(0574)26869669,18268657785,18658271329",life,http://api.map.baidu.com/place/detail?uid=8c54bfc72fe0a4ae2e4733bb&output=html&source=placeapi_v2,,,,,,,,,,17,,,,,,,,121.86735468946,29.919554323588,0
5ba077ecaa6de597a2d23072,天友轮胎工厂店,汽车服务,汽车配件,浙江省,宁波市,北仑区,浙江省宁波市北仑区淮河路85号,5ba077ecaa6de597a2d23072,1,0,121.867065,29.919659,15857400078,life,http://api.map.baidu.com/place/detail?uid=5ba077ecaa6de597a2d23072&output=html&source=placeapi_v2,,,,,,,,,,12,,,,,,,,121.8670888108,29.919693683599,0
8080b2a16ef7a89af603b8c7,福旺半挂车配件大全,汽车服务,汽车配件,浙江省,宁波市,北仑区,浙江省宁波市北仑区进港路439号,8080b2a16ef7a89af603b8c7,1,0,121.859328,29.923669,"(0574)56261632,13486070430",life,http://api.map.baidu.com/place/detail?uid=8080b2a16ef7a89af603b8c7&output=html&source=placeapi_v2,,,4,,,,,,,12,1,,,,,,,,,0
2886170de6958b7eb54f5441,欧曼全车配件,汽车服务,汽车配件,浙江省,宁波市,北仑区,宁波市北仑区进港路保税区东区生活小区东南侧约50米,2886170de6958b7eb54f5441,1,0,121.859476,29.923567,18658243525,life,http://api.map.baidu.com/place/detail?uid=2886170de6958b7eb54f5441&output=html&source=placeapi_v2,,,,,,,,,,10,,,,,,,,121.85953922043,29.923627934985,0
be22eb9671245df42806ce27,老宋轮胎直营店,汽车服务,汽车配件,浙江省,宁波市,北仑区,辽河路北197、199号东南80米,be22eb9671245df42806ce27,1,0,121.865542,29.920255,13655745348,life,http://api.map.baidu.com/place/detail?uid=be22eb9671245df42806ce27&output=html&source=placeapi_v2,,,,,,,,,,10,,,,,,,,121.86562444256,29.92042148621,0
3967e9f9ed8acf6aeee4a544,黑狮轮胎,汽车服务,汽车配件,浙江省,宁波市,北仑区,宁波市北仑区山前童家156-5号,3967e9f9ed8acf6aeee4a544,1,0,121.880787,29.895995,13056794309,life,http://api.map.baidu.com/place/detail?uid=3967e9f9ed8acf6aeee4a544&output=html&source=placeapi_v2,,,,,,,,,,1,,,,,,,,121.88069034826,29.896140188105,0
f0b13306d8705c789c82ea5f,老兵车载用品,汽车服务,汽车配件,浙江省,宁波市,北仑区,宁波市北仑区第二通道与临港一路交叉路口往南约130米,f0b13306d8705c789c82ea5f,1,0,121.912496,29.892678,,life,http://api.map.baidu.com/place/detail?uid=f0b13306d8705c789c82ea5f&output=html&source=placeapi_v2,,08:00-22:30,,,,,,,,5,,,,,,,,121.91268781445,29.892674230965,0
09c77a48b61bd9088bdb730d,宁要汽配,汽车服务,汽车配件,浙江省,宁波市,北仑区,宁波市北仑区第二通道与淮海路交叉路口西南侧,09c77a48b61bd9088bdb730d,1,0,121.904076,29.895398,13777063840,life,http://api.map.baidu.com/place/detail?uid=09c77a48b61bd9088bdb730d&output=html&source=placeapi_v2,,,,,,,,,,5,,,,,,,,121.90412931201,29.895691428598,0
ae5d90d3a7944e819222e0a6,壹刘轮胎水箱,汽车服务,汽车配件,浙江省,宁波市,北仑区,浙江省宁波市北仑区常丰物流东南50米(第二通道南),ae5d90d3a7944e819222e0a6,1,0,121.903804,29.895532,18657485933,life,http://api.map.baidu.com/place/detail?uid=ae5d90d3a7944e819222e0a6&output=html&source=placeapi_v2,,,,,,,,,,1,,,,,,,,,,0
57ce35761f622505901fc920,天一轮胎,汽车服务,汽车配件,浙江省,宁波市,北仑区,宁波市北仑区第二通道与永定河路交叉路口往东约180米,,1,0,121.901855,29.895877,,life,http://api.map.baidu.com/place/detail?uid=57ce35761f622505901fc920&output=html&source=placeapi_v2,,00:00-24:00,,,,,,,,,,,,,,,,,,0
df10521fc576d41f00ec0163,小邓汽车电器配件,汽车服务,汽车配件,浙江省,宁波市,北仑区,宁波市北仑区第二通道与淮海路交叉路口西南侧,df10521fc576d41f00ec0163,1,0,121.903982,29.895431,15088836015,life,http://api.map.baidu.com/place/detail?uid=df10521fc576d41f00ec0163&output=html&source=placeapi_v2,,,,,,,,,,5,,,,,,,,121.90403159524,29.895704892783,0
3ee0f7dcb3cfe5060289725e,宁波亿致汽车配件有限公司,汽车服务,汽车配件,浙江省,宁波市,余姚市,浙江省宁波市余姚市山王殿路89~91号,,1,0,121.380026,29.942399,,life,http://api.map.baidu.com/place/detail?uid=3ee0f7dcb3cfe5060289725e&output=html&source=placeapi_v2,,,,,,,,,,,,,,,,,,121.37992368609,29.942428439389,0
1880554dc03626fc2dfaa72f,旭东汽配,汽车服务,汽车配件,浙江省,宁波市,余姚市,浙江省宁波市余姚市学士东路106-6号,1880554dc03626fc2dfaa72f,1,0,121.385857,29.942408,"13003762150,15394306046",life,http://api.map.baidu.com/place/detail?uid=1880554dc03626fc2dfaa72f&output=html&source=placeapi_v2,,,,,,,,,,3,,,,,,,,121.385755145,29.942535599613,0
8dc78bfab78a9dae7adbd278,润钶汽配,汽车服务,汽车配件,浙江省,宁波市,海曙区,浙江省宁波市海曙区S59(五九省道),,1,0,121.408639,29.935182,,life,http://api.map.baidu.com/place/detail?uid=8dc78bfab78a9dae7adbd278&output=html&source=placeapi_v2,,,,,,,,,,,,,,,,,,,,0
f8553ce8c2b95aff6c47600a,奇古泽精密汽车零部件有限公司,汽车服务,汽车配件,浙江省,宁波市,海曙区,浙江省宁波市海曙区通途西路6006号,,1,0,121.401139,29.945353,13906602292,life,http://api.map.baidu.com/place/detail?uid=f8553ce8c2b95aff6c47600a&output=html&source=placeapi_v2,,,,,,,,,,,,,,,,,,121.40098480731,29.945347820326,0
59fad666adad8f1d1ce9993f,宁波海尔备件中心,汽车服务,汽车配件,浙江省,宁波市,江北区,浙江省宁波市江北区广元路201号c区a座4层,59fad666adad8f1d1ce9993f,1,0,121.499613,29.948907,,life,http://api.map.baidu.com/place/detail?uid=59fad666adad8f1d1ce9993f&output=html&source=placeapi_v2,,,,,,,,,,,,,,,,,,,,0
366fd15ac0927b39f7e73b1a,宁波江北甬之星轮胎商行,汽车服务,汽车配件,浙江省,宁波市,江北区,浙江省宁波市江北区长兴东路617号,366fd15ac0927b39f7e73b1a,1,0,121.5156,29.933872,15867882005,life,http://api.map.baidu.com/place/detail?uid=366fd15ac0927b39f7e73b1a&output=html&source=placeapi_v2,,10:00-22:00,0,,,,,,,10,1,,,,,,,,,0
63a0131d7b36e0c9c27da246,朗适汽车零部件宁波江北洪塘配送中心,汽车服务,汽车配件,浙江省,宁波市,江北区,浙江省宁波市江北区洪塘中路逸嘉新园南区221号,,1,0,121.507296,29.935255,15336613991,life,http://api.map.baidu.com/place/detail?uid=63a0131d7b36e0c9c27da246&output=html&source=placeapi_v2,,,,,,,,,,6,,,,,,,,121.50729625775,29.935182336627,0
daecc882c1b527e4abf729e6,杰轮胎超市,汽车服务,汽车配件,浙江省,宁波市,江北区,浙江省宁波市江北区长兴东路403号,daecc882c1b527e4abf729e6,1,0,121.51126,29.936197,,life,http://api.map.baidu.com/place/detail?uid=daecc882c1b527e4abf729e6&output=html&source=placeapi_v2,,10:00-22:00,,,,,,,,1,,,,,,,,,,0
c5513cf9358b5ef195f08cfc,铭泰即配,汽车服务,汽车配件,浙江省,宁波市,江北区,宁波市江北区江北连接线逸嘉新园,,1,0,121.506782,29.935248,,life,http://api.map.baidu.com/place/detail?uid=c5513cf9358b5ef195f08cfc&output=html&source=placeapi_v2,,08:00-20:00,,,,,,,,6,,,,,,,,121.50676410067,29.93517895896,0
48c8c9604213c74936b06ceb,宁波齐配汽车零部件有限公司,汽车服务,汽车配件,浙江省,宁波市,江北区,宁波市江北区洪塘恒一广场写字楼,48c8c9604213c74936b06ceb,1,0,121.508585,29.934148,,life,http://api.map.baidu.com/place/detail?uid=48c8c9604213c74936b06ceb&output=html&source=placeapi_v2,,,,,,,,,,,,,,,,,,,,0
e6d67eac050bd3bc6168583a,宁波恒洋汽车部件有限公司,汽车服务,汽车配件,浙江省,宁波市,江北区,浙江省宁波市江北区通宁路399号,e6d67eac050bd3bc6168583a,1,0,121.488553,29.958705,(0574)87561268,life,http://api.map.baidu.com/place/detail?uid=e6d67eac050bd3bc6168583a&output=html&source=placeapi_v2,,09:00-18:30,,,,,,,,,,,,,,,,,,0
077352875ac1a3e35fbe8690,路欧锋轮胎,汽车服务,汽车配件,浙江省,宁波市,江北区,浙江省宁波市江北区长兴东路564号,077352875ac1a3e35fbe8690,1,0,121.514082,29.933924,13656668006,life,http://api.map.baidu.com/place/detail?uid=077352875ac1a3e35fbe8690&output=html&source=placeapi_v2,,08:00-20:00,,,,,,,,7,,,,,,,,121.51413361582,29.933991211444,0
43c54f9c7132a17ed618b764,宁波市尚亚汽配有限公司,汽车服务,汽车配件,浙江省,宁波市,江北区,浙江省宁波市江北区洪塘街道裘市村森田企业,,1,0,121.48209,29.939963,,life,http://api.map.baidu.com/place/detail?uid=43c54f9c7132a17ed618b764&output=html&source=placeapi_v2,,,,,,,,,,,,,,,,,,,,0
f9692af5916e5beaae31e522,轮胎专卖,汽车服务,汽车配件,浙江省,宁波市,江北区,宁波市江北区宁慈中路宁波市庄桥石材城西侧约120米,,1,0,121.540865,29.946159,,life,http://api.map.baidu.com/place/detail?uid=f9692af5916e5beaae31e522&output=html&source=placeapi_v2,,,,,,,,,,1,,,,,,,,,,0
fa708ae0365055335e17c385,上邵轮胎店,汽车服务,汽车配件,浙江省,宁波市,江北区,浙江省宁波市江北区宁慈中路292号,fa708ae0365055335e17c385,1,0,121.534821,29.94875,,life,http://api.map.baidu.com/place/detail?uid=fa708ae0365055335e17c385&output=html&source=placeapi_v2,,00:00-24:00,5,,,,,,,7,2,,,,,,,,,0
07c2affc47d23390120daa9a,轮胎店,汽车服务,汽车配件,浙江省,宁波市,江北区,浙江省宁波市江北区康庄南路宁波市庄桥石材城东南侧约240米,,1,0,121.548592,29.943306,13566302596,life,http://api.map.baidu.com/place/detail?uid=07c2affc47d23390120daa9a&output=html&source=placeapi_v2,,,,,,,,,,,,,,,,,,,,0
261ad6e0126c55a51d5800f1,宁波市洋通汽车配件有限公司,汽车服务,汽车配件,浙江省,宁波市,江北区,浙江省宁波市江北区康庄南路599号,261ad6e0126c55a51d5800f1,1,0,121.544401,29.938288,,life,http://api.map.baidu.com/place/detail?uid=261ad6e0126c55a51d5800f1&output=html&source=placeapi_v2,,08:00-17:00,,,,,,,,1,,,,,,,,121.54374835988,29.93851632288,0
9d52b1ce7783dd928505bf0b,恒发汽配,汽车服务,汽车配件,浙江省,宁波市,江北区,浙江省宁波市江北区康庄南路654号,9d52b1ce7783dd928505bf0b,1,0,121.548151,29.941311,13003734548,life,http://api.map.baidu.com/place/detail?uid=9d52b1ce7783dd928505bf0b&output=html&source=placeapi_v2,,07:30-06:30,,,,,,,,5,,,,,,,,,,0
059986e578aa0508ede4a5ec,韩泰轮胎(康桥南路店),汽车服务,汽车配件,浙江省,宁波市,江北区,浙江省宁波市江北区康桥南路667号,059986e578aa0508ede4a5ec,1,0,121.554013,29.943416,13738422919,life,http://api.map.baidu.com/place/detail?uid=059986e578aa0508ede4a5ec&output=html&source=placeapi_v2,,,5.0,,,,,,,15,1,,,,,,,121.55382654461,29.943464301515,0
63d2c7afd419938552e5c5f2,宁波路威汽车轮业有限公司,汽车服务,汽车配件,浙江省,宁波市,江北区,浙江省宁波市江北区海川路66号,63d2c7afd419938552e5c5f2,1,0,121.536208,29.931909,(0574)89081715,life,http://api.map.baidu.com/place/detail?uid=63d2c7afd419938552e5c5f2&output=html&source=placeapi_v2,,09:00-18:00,,,,,,,,1,1,,,,,,,,,0
857adb807404c2eec1f1cfb7,电瓶电器空调配件,汽车服务,汽车配件,浙江省,宁波市,江北区,宁波市江北区宁慈东路丽庄西苑西北侧约290米,857adb807404c2eec1f1cfb7,1,0,121.549407,29.9401,,life,http://api.map.baidu.com/place/detail?uid=857adb807404c2eec1f1cfb7&output=html&source=placeapi_v2,,,,,,,,,,1,,,,,,,,,,0
2a093eac7b2e4385100daa71,宁波市亚太汽车部件有限公司,汽车服务,汽车配件,浙江省,宁波市,江北区,宁波市江北区新桥四路新星都市西侧约210米,2a093eac7b2e4385100daa71,1,0,121.550805,29.941261,,life,http://api.map.baidu.com/place/detail?uid=2a093eac7b2e4385100daa71&output=html&source=placeapi_v2,,,,,,,,,,1,,,,,,,,,,0
0e597befaf915bfff4c59c9c,电瓶大世界,汽车服务,汽车配件,浙江省,宁波市,江北区,浙江省宁波市江北区康桥南路679号,0e597befaf915bfff4c59c9c,1,0,121.553688,29.943932,"13282247668,13306672908",life,http://api.map.baidu.com/place/detail?uid=0e597befaf915bfff4c59c9c&output=html&source=placeapi_v2,,00:00-24:00,,,,,,,,16,,,,,,,,121.55374128104,29.943912883374,0
2c2bc416ca660f93ad080f86,浙江太一汽车零部件有限公司,汽车服务,汽车配件,浙江省,宁波市,江北区,浙江省宁波市江北区康桥南路538号3幢,2c2bc416ca660f93ad080f86,1,0,121.551361,29.93621,,life,http://api.map.baidu.com/place/detail?uid=2c2bc416ca660f93ad080f86&output=html&source=placeapi_v2,,,,,,,,,,,,,,,,,,121.55106544632,29.936316959624,0
6835cceb77f949db16a19073,宁波汽车配件股份有限公司,汽车服务,汽车配件,浙江省,宁波市,江北区,浙江省宁波市江北区康庄南路499号,6835cceb77f949db16a19073,1,0,121.544696,29.932185,,life,http://api.map.baidu.com/place/detail?uid=6835cceb77f949db16a19073&output=html&source=placeapi_v2,,,,,,,,,,,,,,,,,,,,0
4723f90b9783ef6bae045759,迪世隆润滑油,汽车服务,汽车配件,浙江省,宁波市,江北区,宁波市江北区庄洪路远洲丽呈华廷酒店东北侧约290米,4723f90b9783ef6bae045759,1,0,121.536336,29.93147,,life,http://api.map.baidu.com/place/detail?uid=4723f90b9783ef6bae045759&output=html&source=placeapi_v2,,,,,,,,,,,,,,,,,,,,0
be4866ceefde1c0a90114c69,宁波明玉车辆零部件有限公司,汽车服务,汽车配件,浙江省,宁波市,江北区,宁波市江北区塘李线樟韵人家北侧约110米,,1,0,121.560039,29.94355,,life,http://api.map.baidu.com/place/detail?uid=be4866ceefde1c0a90114c69&output=html&source=placeapi_v2,,,,,,,,,,1,,,,,,,,,,0
17fdb5544446991d336212ed,嘉实多润滑油,汽车服务,汽车配件,浙江省,宁波市,江北区,宁波市江北区丰安路与压赛堰路交叉路口往东约110米,,1,0,121.581178,29.940201,,life,http://api.map.baidu.com/place/detail?uid=17fdb5544446991d336212ed&output=html&source=placeapi_v2,,,,,,,,,,2,,,,,,,,,,0
9549ca1ea68821dd6018095e,宁波蓄力电源设备有限公司,汽车服务,汽车配件,浙江省,宁波市,镇海区,浙江省宁波市镇海区慈海南路2366号,9549ca1ea68821dd6018095e,1,0,121.590232,29.950148,"(0574)86571191,13736159055",life,http://api.map.baidu.com/place/detail?uid=9549ca1ea68821dd6018095e&output=html&source=placeapi_v2,,08:00-18:00,,,,,,,,21,9,,,,,,,,,0
7f3c6d9b1cac7dd480a00cc8,宁波东佳汽车零部件有限公司,汽车服务,汽车配件,浙江省,宁波市,镇海区,浙江省宁波市镇海区骆驼街道墅方南路258号,7f3c6d9b1cac7dd480a00cc8,1,0,121.585403,29.959191,(0574)26266786,life,http://api.map.baidu.com/place/detail?uid=7f3c6d9b1cac7dd480a00cc8&output=html&source=placeapi_v2,,,,,,,,,,1,,,,,,,,121.58554616041,29.959250032502,0
83c4c95661aa8693e81e97fa,诚信汽车电器批发,汽车服务,汽车配件,浙江省,宁波市,江北区,宁波市江北区庄西路100号,83c4c95661aa8693e81e97fa,1,0,121.590172,29.94717,"15869336019,18867626996",life,http://api.map.baidu.com/place/detail?uid=83c4c95661aa8693e81e97fa&output=html&source=placeapi_v2,,,,,,,,,,2,,,,,,,,121.59024442309,29.947167442019,0
9a77373308463cd8734b87d8,王锋汽配汽修厂,汽车服务,汽车配件,浙江省,宁波市,镇海区,宁波市镇海区慈海南路辅路与庄西公路交叉路口南侧,9a77373308463cd8734b87d8,1,0,121.590274,29.950029,18726772525,life,http://api.map.baidu.com/place/detail?uid=9a77373308463cd8734b87d8&output=html&source=placeapi_v2,,,,,,,,,,8,,,,,,,,121.59038197612,29.949962581732,0
264aa051f2dc539af7b9169f,小何轮胎店,汽车服务,汽车配件,浙江省,宁波市,镇海区,浙江省宁波市镇海区东昌路988号,264aa051f2dc539af7b9169f,1,0,121.60067,29.944844,13819833700,life,http://api.map.baidu.com/place/detail?uid=264aa051f2dc539af7b9169f&output=html&source=placeapi_v2,,08:00-18:30,0.0,,,,,,,11,1,,,,,,,,,0
d11a370fd8db8320d8d891e2,福耀汽车玻璃(庄市镇海工厂店),汽车服务,汽车配件,浙江省,宁波市,镇海区,浙江省宁波市镇海区善宝路1号,d11a370fd8db8320d8d891e2,1,0,121.626795,29.938436,15869366337,life,http://api.map.baidu.com/place/detail?uid=d11a370fd8db8320d8d891e2&output=html&source=placeapi_v2,,08:00-18:00,5.0,,,,,,,16,2,,,,,,,,,0
15a93810c8f148c014c8f614,庄市林森轮胎服务中心,汽车服务,汽车配件,浙江省,宁波市,镇海区,浙江省宁波市镇海区兆龙路1097号,15a93810c8f148c014c8f614,1,0,121.627326,29.938255,13884417444,life,http://api.map.baidu.com/place/detail?uid=15a93810c8f148c014c8f614&output=html&source=placeapi_v2,,07:30-20:00,0.0,,,,,,,10,1,,,,,,,121.62748048811,29.938146854142,0
c9e51c95e387234fd4851ff0,正兴车轮,汽车服务,汽车配件,浙江省,宁波市,江北区,宁波市江北区东昌路畈里塘公寓北侧约170米,c9e51c95e387234fd4851ff0,1,0,121.6038,29.941064,"(0574)87623399,(0574)87635522",life,http://api.map.baidu.com/place/detail?uid=c9e51c95e387234fd4851ff0&output=html&source=placeapi_v2,,,,,,,,,,7,,,,,,,,121.60380818591,29.94107461016,0
bd9487bff934f0bec61e51ba,众芯汽配,汽车服务,汽车配件,浙江省,宁波市,镇海区,浙江省宁波市镇海区兆龙路675号,,1,0,121.620029,29.931566,,life,http://api.map.baidu.com/place/detail?uid=bd9487bff934f0bec61e51ba&output=html&source=placeapi_v2,,,,,,,,,,,,,,,,,,121.6200675893,29.931589419908,0
38b90253d9afa8fecafa5f0f,安阳汽配,汽车服务,汽车配件,浙江省,宁波市,江北区,浙江省宁波市江北区东昌路855号,,1,0,121.603447,29.941352,"(0574)83023718,(0574)87635054",life,http://api.map.baidu.com/place/detail?uid=38b90253d9afa8fecafa5f0f&output=html&source=placeapi_v2,,,,,,,,,,3,,,,,,,,121.60358512947,29.941467226087,0
d207f893a81fbf9dc51e518f,颖颖汽配,汽车服务,汽车配件,浙江省,宁波市,江北区,浙江省宁波市江北区东昌路869号浙东汽配市场A区A11一A28号,,1,0,121.602506,29.941434,13429300157,life,http://api.map.baidu.com/place/detail?uid=d207f893a81fbf9dc51e518f&output=html&source=placeapi_v2,,08:30-17:30,,,,,,,,4,,,,,,,,,,0
db0a5a44837669a6c9fa5fc9,玛吉斯轮胎(东昌路店),汽车服务,汽车配件,浙江省,宁波市,江北区,浙江省宁波市江北区东昌路888号,db0a5a44837669a6c9fa5fc9,1,0,121.602776,29.942838,,life,http://api.map.baidu.com/place/detail?uid=db0a5a44837669a6c9fa5fc9&output=html&source=placeapi_v2,,08:00-18:00,,,,,,,,11,,,,,,,,121.60259727458,29.942688041261,0
fd0e9c079a2e52b79d82ea9b,江淮汽配,汽车服务,汽车配件,浙江省,宁波市,江北区,浙江省宁波市江北区东昌路869号,fd0e9c079a2e52b79d82ea9b,1,0,121.602664,29.941375,13906612445,life,http://api.map.baidu.com/place/detail?uid=fd0e9c079a2e52b79d82ea9b&output=html&source=placeapi_v2,,,,,,,,,,12,,,,,,,,,,0
34444871a3f412caeb1e976a,横华汽配商行,汽车服务,汽车配件,浙江省,宁波市,江北区,宁波市江北区东昌路浙东汽配市场,34444871a3f412caeb1e976a,1,0,121.602657,29.941377,"13065861831,13116697191",life,http://api.map.baidu.com/place/detail?uid=34444871a3f412caeb1e976a&output=html&source=placeapi_v2,,,,,,,,,,15,,,,,,,,,,0
04c721fdc30b9a6514a190fc,阿大轮胎店,汽车服务,汽车配件,浙江省,宁波市,镇海区,浙江省宁波市镇海区金丰路153号,04c721fdc30b9a6514a190fc,1,0,121.682494,29.946616,15088845719,life,http://api.map.baidu.com/place/detail?uid=04c721fdc30b9a6514a190fc&output=html&source=placeapi_v2,,,,,,,,,,4,,,,,,,,121.68257736755,29.946699192569,0
ad6638b80e45009e46e27496,盛翔变速箱(五里牌店),汽车服务,汽车配件,浙江省,宁波市,镇海区,浙江省宁波市镇海区镇宁东路999号,ad6638b80e45009e46e27496,1,0,121.684143,29.944395,15906550888,life,http://api.map.baidu.com/place/detail?uid=ad6638b80e45009e46e27496&output=html&source=placeapi_v2,,08:00-20:00,,,,,,,,3,,,,,,,,,,0
0a59d487679949ae223bf233,宁波市镇海博速汽配,汽车服务,汽车配件,浙江省,宁波市,镇海区,浙江省宁波市镇海区前葱园路85号,0a59d487679949ae223bf233,1,0,121.710065,29.956062,13291989292,life,http://api.map.baidu.com/place/detail?uid=0a59d487679949ae223bf233&output=html&source=placeapi_v2,,09:00-18:30,0.0,,,,,,,6,,,,,,,,121.71018401791,29.956087473313,0
2cc3c8e874d977d74d2fdffa,汽配城,汽车服务,汽车配件,浙江省,宁波市,镇海区,浙江省宁波市镇海区镇骆路379号,2cc3c8e874d977d74d2fdffa,1,0,121.690849,29.95832,13706840780,life,http://api.map.baidu.com/place/detail?uid=2cc3c8e874d977d74d2fdffa&output=html&source=placeapi_v2,,08:00-17:30,5,,,,,,,7,5,,,,,,,121.69080189258,29.958191342222,0
a848a18b117a6f6ae5e965a6,宁波市江东威雅轮胎有限公司,汽车服务,汽车配件,浙江省,宁波市,北仑区,宁波市北仑区纬三路29-1号,a848a18b117a6f6ae5e965a6,1,0,121.715267,29.933602,,life,http://api.map.baidu.com/place/detail?uid=a848a18b117a6f6ae5e965a6&output=html&source=placeapi_v2,,,,,,,,,,,,,,,,,,,,0
502529733d1a8145fd0eb0a5,镇海佳和轮胎店,汽车服务,汽车配件,浙江省,宁波市,镇海区,宁波市镇海区镇骆东路丽晶假日商务酒店东侧约40米,502529733d1a8145fd0eb0a5,1,0,121.697032,29.959935,13819813523,life,http://api.map.baidu.com/place/detail?uid=502529733d1a8145fd0eb0a5&output=html&source=placeapi_v2,,06:30-18:30,,,,,,,,8,,,,,,,,121.69716907035,29.95978649358,0
099d21fe7e095f7d14b54b0e,姚海汽配,汽车服务,汽车配件,浙江省,宁波市,镇海区,宁波市镇海区镇骆东路宁波镇海华隆美辰假日酒店西侧约180米,099d21fe7e095f7d14b54b0e,1,0,121.690368,29.957887,"(0574)86269837,13706840780,13958214832",life,http://api.map.baidu.com/place/detail?uid=099d21fe7e095f7d14b54b0e&output=html&source=placeapi_v2,,,,,,,,,,9,,,,,,,,,,0
87e88b493abd6d0c5e0d02fe,万达宝通轮胎,汽车服务,汽车配件,浙江省,宁波市,北仑区,浙江省宁波市北仑区纬三路31号,87e88b493abd6d0c5e0d02fe,1,0,121.714644,29.932773,15825555213,life,http://api.map.baidu.com/place/detail?uid=87e88b493abd6d0c5e0d02fe&output=html&source=placeapi_v2,,,,,,,,,,1,,,,,,,,,,0
081b1c3add1063fdede4a5f4,小方汽车玻璃(宁波市镇海区港航管理所南),汽车服务,汽车配件,浙江省,宁波市,镇海区,浙江省宁波市镇海区镇骆东路379号,081b1c3add1063fdede4a5f4,1,0,121.691054,29.958389,13906695883,life,http://api.map.baidu.com/place/detail?uid=081b1c3add1063fdede4a5f4&output=html&source=placeapi_v2,,,0.0,,,,,,,15,,,,,,,,121.69110579023,29.95853154863,0
fe8c8f3934442927d618b77c,铭泰即配,汽车服务,汽车配件,浙江省,宁波市,镇海区,浙江省宁波市镇海区港道路88号,fe8c8f3934442927d618b77c,1,0,121.684887,29.944253,,life,http://api.map.baidu.com/place/detail?uid=fe8c8f3934442927d618b77c&output=html&source=placeapi_v2,,,,,,,,,,5,,,,,,,,,,0
a828203bff81d2e5adcb6698,玻璃汽修电瓶轮胎,汽车服务,汽车配件,浙江省,宁波市,镇海区,宁波市镇海区镇骆东路宁波镇海华隆美辰假日酒店西侧约120米,a828203bff81d2e5adcb6698,1,0,121.691041,29.958406,,life,http://api.map.baidu.com/place/detail?uid=a828203bff81d2e5adcb6698&output=html&source=placeapi_v2,,,,,,,,,,5,,,,,,,,,,0
7cbb4d7148c3674ecd04ef1d,一路顺汽配(镇骆东路店),汽车服务,汽车配件,浙江省,宁波市,镇海区,浙江省宁波市镇海区镇骆东路379号,7cbb4d7148c3674ecd04ef1d,1,0,121.690934,29.95793,"(0574)86266830,13806637511",life,http://api.map.baidu.com/place/detail?uid=7cbb4d7148c3674ecd04ef1d&output=html&source=placeapi_v2,,07:30-18:00,,,,,,,,14,,,,,,,,,,0
8199217db5cc66f37dc8768b,博伦汽配,汽车服务,汽车配件,浙江省,宁波市,镇海区,宁波市镇海区镇骆东路宁波镇海华隆美辰假日酒店西侧约170米,8199217db5cc66f37dc8768b,1,0,121.690412,29.957894,"(0574)86266104,13806636856",life,http://api.map.baidu.com/place/detail?uid=8199217db5cc66f37dc8768b&output=html&source=placeapi_v2,,,,,,,,,,8,,,,,,,,,,0
5351fa33f774c5802bd7abb5,小陆电瓶店,汽车服务,汽车配件,浙江省,宁波市,镇海区,浙江省宁波市镇海区镇骆东路379号,5351fa33f774c5802bd7abb5,1,0,121.690819,29.957859,13454786695,life,http://api.map.baidu.com/place/detail?uid=5351fa33f774c5802bd7abb5&output=html&source=placeapi_v2,,07:00-19:00,,,,,,,,13,,,,,,,,,,0
1a48a1a2ba690055725e80bb,万兴电瓶车经营部,汽车服务,汽车配件,浙江省,宁波市,北仑区,宁波市北仑区东昇路蔚斗新村小区东侧,,1,0,121.748455,29.951748,,life,http://api.map.baidu.com/place/detail?uid=1a48a1a2ba690055725e80bb&output=html&source=placeapi_v2,,08:00-19:30,,,,,,,,2,,,,,,,,121.74838296673,29.951851580331,0
7ee69f65abb68420b54f5456,志刚汽车养护,汽车服务,汽车配件,浙江省,宁波市,北仑区,浙江省宁波市北仑区五矿路152号,7ee69f65abb68420b54f5456,1,0,121.757411,29.952157,13586875592,life,http://api.map.baidu.com/place/detail?uid=7ee69f65abb68420b54f5456&output=html&source=placeapi_v2,,08:00-19:30,,,,,,,,17,,,,,,,,121.75719988292,29.952157708067,0
580c56f2b71bb8da3686f441,顺运汽配,汽车服务,汽车配件,浙江省,宁波市,北仑区,浙江省宁波市北仑区环山南路58~62号,,1,0,121.737643,29.941107,15869340333,life,http://api.map.baidu.com/place/detail?uid=580c56f2b71bb8da3686f441&output=html&source=placeapi_v2,,,,,,,,,,5,,,,,,,,121.73763754312,29.94122844361,0
cfd1d36c180c9c5dc7effb0e,陆驰汽配,汽车服务,汽车配件,浙江省,宁波市,北仑区,宁波市北仑区江南东路与外塘路交叉路口往北约50米,,1,0,121.738605,29.954522,13736133789,life,http://api.map.baidu.com/place/detail?uid=cfd1d36c180c9c5dc7effb0e&output=html&source=placeapi_v2,,,,,,,,,,3,,,,,,,,121.73878348631,29.954430563108,0
e0d8076b3f5be1347f29bd0c,宁波正光升汽配,汽车服务,汽车配件,浙江省,宁波市,北仑区,宁波市北仑区五矿路四方家园,,1,0,121.756891,29.955384,(0574)86221377,life,http://api.map.baidu.com/place/detail?uid=e0d8076b3f5be1347f29bd0c&output=html&source=placeapi_v2,,,,,,,,,,1,,,,,,,,,,0
9950afce5d4f89c309a8d4d5,宏天汽车配件商行,汽车服务,汽车配件,浙江省,宁波市,北仑区,浙江省宁波市北仑区半路洋28-3号,9950afce5d4f89c309a8d4d5,1,0,121.752944,29.957411,13336680650,life,http://api.map.baidu.com/place/detail?uid=9950afce5d4f89c309a8d4d5&output=html&source=placeapi_v2,,07:00-18:00,,,,,,,,3,,,,,,,,121.75317265625,29.957346387071,0
3ac28ed0acd181009cf77931,亲人配件(宁波新重汽旗舰店),汽车服务,汽车配件,浙江省,宁波市,北仑区,北仑区S320,,1,0,121.758644,29.939277,,life,http://api.map.baidu.com/place/detail?uid=3ac28ed0acd181009cf77931&output=html&source=placeapi_v2,,,,,,,,,,,,,,,,,,121.75868249933,29.939110090946,0
5f25a1967b3fef800e3dda25,宁波北仓亮杰汽配店,汽车服务,汽车配件,浙江省,宁波市,北仑区,浙江省宁波市北仑区江中路39号,5f25a1967b3fef800e3dda25,1,0,121.740779,29.934534,15355135667,life,http://api.map.baidu.com/place/detail?uid=5f25a1967b3fef800e3dda25&output=html&source=placeapi_v2,,08:00-18:30,0.0,,,,,,,15,,,,,,,,121.74089837595,29.934450231497,0
318c97d4f840b9c9f942b2f3,宁波绿连新汽车配件有限公司,汽车服务,汽车配件,浙江省,宁波市,北仑区,宁波市北仑区小港孔墅村胡家塔265-1号,318c97d4f840b9c9f942b2f3,1,0,121.756413,29.938853,18868976333,life,http://api.map.baidu.com/place/detail?uid=318c97d4f840b9c9f942b2f3&output=html&source=placeapi_v2,,,,,,,,,,5,,,,,,,,,,0
cae15ef21c25255a912ca3c7,华益汽车音响,汽车服务,汽车配件,浙江省,宁波市,北仑区,浙江省宁波市北仑区东海路348号,cae15ef21c25255a912ca3c7,1,0,121.757634,29.955639,13056959745,life,http://api.map.baidu.com/place/detail?uid=cae15ef21c25255a912ca3c7&output=html&source=placeapi_v2,,,,,,,,,,15,,,,,,,,121.75763280599,29.955696731372,0
81ce72d4daf0dee26340a9a6,宁波途跃汽车零部件有限公司,汽车服务,汽车配件,浙江省,宁波市,北仑区,浙江省宁波市北仑区鹰山路35号,81ce72d4daf0dee26340a9a6,1,0,121.76361,29.954449,15888610915,life,http://api.map.baidu.com/place/detail?uid=81ce72d4daf0dee26340a9a6&output=html&source=placeapi_v2,,,,,,,,,,,,,,,,,,,,0
ff8cccee9026e44507026f2a,小子电瓶,汽车服务,汽车配件,浙江省,宁波市,北仑区,浙江省宁波市北仑区东海路340号,ff8cccee9026e44507026f2a,1,0,121.756843,29.955701,13958305876,life,http://api.map.baidu.com/place/detail?uid=ff8cccee9026e44507026f2a&output=html&source=placeapi_v2,,,,,,,,,,12,,,,,,,,121.75669682105,29.955674525926,0
21da0630512df699465726f1,安达信润滑油,汽车服务,汽车配件,浙江省,宁波市,北仑区,宁波市北仑区公园路伦敦楼,21da0630512df699465726f1,1,0,121.749859,29.959383,,life,http://api.map.baidu.com/place/detail?uid=21da0630512df699465726f1&output=html&source=placeapi_v2,,,,,,,,,,5,,,,,,,,121.74977939432,29.959399505659,0
60fb530efa2f187ca8175a41,明君汽车修护中心,汽车服务,汽车配件,浙江省,宁波市,北仑区,浙江省宁波市北仑区江中路236号,60fb530efa2f187ca8175a41,1,0,121.737955,29.93052,"13566020478,15168162637",life,http://api.map.baidu.com/place/detail?uid=60fb530efa2f187ca8175a41&output=html&source=placeapi_v2,,,,,,,,,,16,,,,,,,,121.73790946469,29.930563271986,0
43358c881cd181d0c2f1cf22,汽车电瓶,汽车服务,汽车配件,浙江省,宁波市,北仑区,浙江省宁波市北仑区江南东路20号,43358c881cd181d0c2f1cf22,1,0,121.740513,29.957435,,life,http://api.map.baidu.com/place/detail?uid=43358c881cd181d0c2f1cf22&output=html&source=placeapi_v2,,00:00-24:00,,,,,,,,,,,,,,,,121.7406904847,29.957329034111,0
bf575a24eaadae9cfe0eb0ba,万达高压油管配件店,汽车服务,汽车配件,浙江省,宁波市,北仑区,浙江省宁波市北仑区中机路39号,bf575a24eaadae9cfe0eb0ba,1,0,121.760316,29.954626,13906842880,life,http://api.map.baidu.com/place/detail?uid=bf575a24eaadae9cfe0eb0ba&output=html&source=placeapi_v2,,07:00-18:00,,,,,,,,12,,,,,,,,121.7605112607,29.954683056483,0
ec8148e51f805ce03362124c,联畅汽配,汽车服务,汽车配件,浙江省,宁波市,北仑区,浙江省宁波市北仑区渡口南路600号,ec8148e51f805ce03362124c,1,0,121.736007,29.930483,18667839625,life,http://api.map.baidu.com/place/detail?uid=ec8148e51f805ce03362124c&output=html&source=placeapi_v2,,00:00-24:00,5,,,,,,,15,1,,,,,,,121.73609045173,29.93050138807,0
411d12b07d2b6f4a1e5800a2,天安汽配,汽车服务,汽车配件,浙江省,宁波市,北仑区,宁波市北仑区江南东路与外塘路交叉路口往北约100米,411d12b07d2b6f4a1e5800a2,1,0,121.738879,29.954943,"13777958696,15067481863",life,http://api.map.baidu.com/place/detail?uid=411d12b07d2b6f4a1e5800a2&output=html&source=placeapi_v2,,,,,,,,,,15,,,,,,,,121.73906632678,29.954845930334,0
7f8b9b58ceeb61e6c26c1435,宁波锡铁隆汽车配件科技有限公司,汽车服务,汽车配件,浙江省,宁波市,北仑区,浙江省宁波市北仑区永久村钟夹岙19号,7f8b9b58ceeb61e6c26c1435,1,0,121.79015,29.938898,15267812806,life,http://api.map.baidu.com/place/detail?uid=7f8b9b58ceeb61e6c26c1435&output=html&source=placeapi_v2,,,,,,,,,,1,,,,,,,,121.79029803206,29.938574148747,0
edf62b510984949696031935,宁波和城汽车零部件有限公司,汽车服务,汽车配件,浙江省,宁波市,北仑区,宁波市北仑区戚家山街道李隘村420号,edf62b510984949696031935,1,0,121.782523,29.957807,13656789670,life,http://api.map.baidu.com/place/detail?uid=edf62b510984949696031935&output=html&source=placeapi_v2,,,,,,,,,,2,,,,,,,,121.78247845867,29.95759587531,0
4d11a09cc8162d0879dbd29e,博宇轮胎商行,汽车服务,汽车配件,浙江省,宁波市,北仑区,宁波市北仑区S320,4d11a09cc8162d0879dbd29e,1,0,121.768874,29.948474,15869393316,life,http://api.map.baidu.com/place/detail?uid=4d11a09cc8162d0879dbd29e&output=html&source=placeapi_v2,,,,,,,,,,1,,,,,,,,121.76872393079,29.948595331625,0
31fa0a3157419dca1e5800dd,信义易车玻璃(北仑店),汽车服务,汽车配件,浙江省,宁波市,北仑区,浙江省宁波市北仑区松花江路559号,31fa0a3157419dca1e5800dd,1,0,121.834529,29.932089,13906687769,life,http://api.map.baidu.com/place/detail?uid=31fa0a3157419dca1e5800dd&output=html&source=placeapi_v2,,07:30-18:30,0.0,,,,,,,14,,,,,,,,121.83444306447,29.931887493736,0
45fc8b0baf0976b72b201aa3,宁波三利汽配,汽车服务,汽车配件,浙江省,宁波市,北仑区,浙江省宁波市北仑区进港中路335号,45fc8b0baf0976b72b201aa3,1,0,121.837894,29.932202,15869585481,life,http://api.map.baidu.com/place/detail?uid=45fc8b0baf0976b72b201aa3&output=html&source=placeapi_v2,,,5,,,,,,,19,1,,,,,,,121.83795831,29.932380963904,0
ffdeb92e94c447a3fe0eb037,博达滤清器,汽车服务,汽车配件,浙江省,宁波市,北仑区,浙江省宁波市北仑区进港中路287号,ffdeb92e94c447a3fe0eb037,1,0,121.83893,29.931919,13646683645,life,http://api.map.baidu.com/place/detail?uid=ffdeb92e94c447a3fe0eb037&output=html&source=placeapi_v2,,08:00-20:00,,,,,,,,12,,,,,,,,121.83899465273,29.932099222925,0
5c9eedaafe0cb605a8f0cdaf,建新轮胎,汽车服务,汽车配件,浙江省,宁波市,北仑区,浙江省宁波市北仑区明州西路与甬江路交叉口东北100米,,1,0,121.816819,29.935598,18667875555,life,http://api.map.baidu.com/place/detail?uid=5c9eedaafe0cb605a8f0cdaf&output=html&source=placeapi_v2,,00:00-24:00,,,,,,,,1,,,,,,,,121.81697059921,29.935429066975,0
616f978d7d42e8a093114c15,老张轮胎,汽车服务,汽车配件,浙江省,宁波市,北仑区,宁波市北仑区炼化油港路隆顺工业小区,616f978d7d42e8a093114c15,1,0,121.812247,29.953031,,life,http://api.map.baidu.com/place/detail?uid=616f978d7d42e8a093114c15&output=html&source=placeapi_v2,,,,,,,,,,2,,,,,,,,,,0
989655a392518c020582c26a,路鳌轮胎,汽车服务,汽车配件,浙江省,宁波市,北仑区,浙江省宁波市北仑区进港中路367号,989655a392518c020582c26a,1,0,121.837092,29.932437,13777229131,life,http://api.map.baidu.com/place/detail?uid=989655a392518c020582c26a&output=html&source=placeapi_v2,,,,,,,,,,9,,,,,,,,121.83710114329,29.932462324868,0
5495a5bc94aaa1d9ca2915df,湘科汽车电瓶电器空调,汽车服务,汽车配件,浙江省,宁波市,北仑区,浙江省宁波市北仑区松花江路573号,5495a5bc94aaa1d9ca2915df,1,0,121.834633,29.932318,"13296834210,13685873136",life,http://api.map.baidu.com/place/detail?uid=5495a5bc94aaa1d9ca2915df&output=html&source=placeapi_v2,,,,,,,,,,5,,,,,,,,121.83449545724,29.932390817774,0
d5a639df71293de24c6d4676,陆通卡客车轮胎店,汽车服务,汽车配件,浙江省,宁波市,北仑区,宁波市北仑区进港西路隆顺工业小区西南侧约160米,d5a639df71293de24c6d4676,1,0,121.809819,29.951974,,life,http://api.map.baidu.com/place/detail?uid=d5a639df71293de24c6d4676&output=html&source=placeapi_v2,,,,,,,,,,2,,,,,,,,,,0
1223f023c7a9d3ad8af15dff,KOBA,汽车服务,汽车配件,浙江省,宁波市,北仑区,浙江省宁波市北仑区昆仑山路海洺园,1223f023c7a9d3ad8af15dff,1,0,121.832441,29.928892,"(0574)86831813,13606846654",life,http://api.map.baidu.com/place/detail?uid=1223f023c7a9d3ad8af15dff&output=html&source=placeapi_v2,,,,,,,,,,6,,,,,,,,,,0
9dcc90d503f26fc3f11937c2,宁波凯信轮胎有限公司,汽车服务,汽车配件,浙江省,宁波市,北仑区,宁波市北仑区进港西路隆顺工业小区西南侧约160米,9dcc90d503f26fc3f11937c2,1,0,121.809814,29.951932,"15888021150,18352932353",life,http://api.map.baidu.com/place/detail?uid=9dcc90d503f26fc3f11937c2&output=html&source=placeapi_v2,,,,,,,,,,3,,,,,,,,,,0
11be770e5eb02169d12dd643,超威汽车蓄电池,汽车服务,汽车配件,浙江省,宁波市,北仑区,宁波市北仑区松花江路松花江白领公寓A座,11be770e5eb02169d12dd643,1,0,121.830506,29.928082,13373872209,life,http://api.map.baidu.com/place/detail?uid=11be770e5eb02169d12dd643&output=html&source=placeapi_v2,,,,,,,,,,4,,,,,,,,,,0
541f1cbbb9a5a5ff00ec0196,阿海轮胎超市,汽车服务,汽车配件,浙江省,宁波市,北仑区,宁波市北仑区凤洋二路沿海新村东侧约50米,541f1cbbb9a5a5ff00ec0196,1,0,121.836359,29.929485,13967815035,life,http://api.map.baidu.com/place/detail?uid=541f1cbbb9a5a5ff00ec0196&output=html&source=placeapi_v2,,07:00-22:00,,,,,,,,10,,,,,,,,121.83624776922,29.929522731174,0
ea684b5414062071091cc7fb,小邱轮胎批发店,汽车服务,汽车配件,浙江省,宁波市,北仑区,浙江省宁波市北仑区黄河北路2号,ea684b5414062071091cc7fb,1,0,121.853058,29.937933,,life,http://api.map.baidu.com/place/detail?uid=ea684b5414062071091cc7fb&output=html&source=placeapi_v2,,,0.0,,,,,,,9,1,,,,,,,,,0
945e45a455a551b9c17da253,宁波北仑木子李轮胎有限公司,汽车服务,汽车配件,浙江省,宁波市,北仑区,宁波市北仑区,945e45a455a551b9c17da253,1,0,121.853151,29.938007,,life,http://api.map.baidu.com/place/detail?uid=945e45a455a551b9c17da253&output=html&source=placeapi_v2,,,,,,,,,,1,,,,,,,,,,0
9b756ef88e1d20e75d0d02ae,余姚尧青轮胎店,汽车服务,汽车配件,浙江省,宁波市,余姚市,宁波市余姚市五九省道与新桥浦路交叉路口往东约70米,,1,0,121.253091,29.992688,13335844713,life,http://api.map.baidu.com/place/detail?uid=9b756ef88e1d20e75d0d02ae&output=html&source=placeapi_v2,,,,,,,,,,1,,,,,,,,,,0
4f20c7a445a55c655bf6be04,宁波凯亮汽车零部件有限公司,汽车服务,汽车配件,浙江省,宁波市,余姚市,浙江省宁波市余姚市创汇西路2号,,1,0,121.259323,29.994974,,life,http://api.map.baidu.com/place/detail?uid=4f20c7a445a55c655bf6be04&output=html&source=placeapi_v2,,07:00-18:00,,,,,,,,1,,,,,,,,121.25934126205,29.994824828081,0
c1579f65620c5e3eb23c81ac,余姚市弛超汽配厂,汽车服务,汽车配件,浙江省,宁波市,余姚市,浙江省宁波市余姚市干沙公路23-10号,,1,0,121.237194,29.974256,,life,http://api.map.baidu.com/place/detail?uid=c1579f65620c5e3eb23c81ac&output=html&source=placeapi_v2,,,,,,,,,,1,,,,,,,,,,0
0519b7d4519b8cdd2efaa7f8,吉顺汽车零部件公司,汽车服务,汽车配件,浙江省,宁波市,余姚市,浙江省宁波市余姚市官路沿总路与洪家桥路交叉口东40米,,1,0,121.288204,29.990219,,life,http://api.map.baidu.com/place/detail?uid=0519b7d4519b8cdd2efaa7f8&output=html&source=placeapi_v2,,,,,,,,,,1,,,,,,,,121.28814991975,29.990070318538,0
d988c244ba7f52c4a8175a44,晨阳公司,汽车服务,汽车配件,浙江省,宁波市,余姚市,浙江省宁波市余姚市河姆渡镇北路56号,,1,0,121.326333,29.996905,,life,http://api.map.baidu.com/place/detail?uid=d988c244ba7f52c4a8175a44&output=html&source=placeapi_v2,,,,,,,,,,3,,,,,,,,121.32610955818,29.996977771764,0
a5c7c775997bc6fcc9fa5f89,轮胎中心,汽车服务,汽车配件,浙江省,宁波市,余姚市,宁波市余姚市寺慈线河姆渡镇中心幼儿园西南侧约90米,,1,0,121.326321,29.993093,,life,http://api.map.baidu.com/place/detail?uid=a5c7c775997bc6fcc9fa5f89&output=html&source=placeapi_v2,,,,,,,,,,,,,,,,,,121.32642293834,29.993274509453,0
79c01d79d11b4aa8c33644c4,晨光汽车配件有限公司,汽车服务,汽车配件,浙江省,宁波市,余姚市,浙江省宁波市余姚市江中村北路56号,,1,0,121.326993,29.996709,,life,http://api.map.baidu.com/place/detail?uid=79c01d79d11b4aa8c33644c4&output=html&source=placeapi_v2,,07:30-17:00,,,,,,,,,,,,,,,,121.32665021503,29.995757615136,0
b4bf3c58b2a8ad24c9213db8,余姚刘春轮胎店,汽车服务,汽车配件,浙江省,宁波市,余姚市,浙江省宁波市余姚市G228(江北连接线),,1,0,121.37949,29.986629,,life,http://api.map.baidu.com/place/detail?uid=b4bf3c58b2a8ad24c9213db8&output=html&source=placeapi_v2,,,,,,,,,,,,,,,,,,,,0
54b49502ba03c773a8f729e3,迈速达轮胎,汽车服务,汽车配件,浙江省,宁波市,余姚市,宁波市余姚市寺慈线罗江市场西南侧约240米,,1,0,121.371464,29.986657,,life,http://api.map.baidu.com/place/detail?uid=54b49502ba03c773a8f729e3&output=html&source=placeapi_v2,,,,,,,,,,,,,,,,,,,,0
86f3d69d70c64dd4c72ba1a0,普利司通轮胎(罗江村店),汽车服务,汽车配件,浙江省,宁波市,余姚市,浙江省宁波市余姚河姆渡镇罗江村蒋家园余姚市亮业有色金属材料有限公司西北150米,,1,0,121.383903,29.987149,,life,http://api.map.baidu.com/place/detail?uid=86f3d69d70c64dd4c72ba1a0&output=html&source=placeapi_v2,,,5.0,,,,,,,13,2,,,,,,,121.38489559868,29.987139261499,0
a5b67dda67b153577adbd288,各种轮胎,汽车服务,汽车配件,浙江省,宁波市,江北区,大西门外109号,a5b67dda67b153577adbd288,1,0,121.445897,29.98822,13028950553,life,http://api.map.baidu.com/place/detail?uid=a5b67dda67b153577adbd288&output=html&source=placeapi_v2,,,,,,,,,,,,,,,,,,,,0
d1ee0257abcc8847d2f49ef8,宁波市江北威迪汽车配件有限公司,汽车服务,汽车配件,浙江省,宁波市,江北区,浙江省宁波市江北区新横六路1-2号,,1,0,121.445371,29.97037,,life,http://api.map.baidu.com/place/detail?uid=d1ee0257abcc8847d2f49ef8&output=html&source=placeapi_v2,,,,,,,,,,1,,,,,,,,,,0
6883d61ecee88b1616c90581,洪军汽配,汽车服务,汽车配件,浙江省,宁波市,镇海区,三星路与南一西路交叉口东南50米,,1,0,121.557676,29.980485,"15867881230,18667887498",life,http://api.map.baidu.com/place/detail?uid=6883d61ecee88b1616c90581&output=html&source=placeapi_v2,,08:00-20:30,,,,,,,,13,,,,,,,,121.55760920671,29.980274062585,0
1b264b5c3b6c9f64283a9f3c,宁波埃柯瑞汽车零部件有限公司,汽车服务,汽车配件,浙江省,宁波市,镇海区,宁波市镇海区骆慈线荷西小区东北侧约120米,,1,0,121.556312,29.99024,(0574)86528686,life,http://api.map.baidu.com/place/detail?uid=1b264b5c3b6c9f64283a9f3c&output=html&source=placeapi_v2,,08:00-16:00,,,,,,,,5,1,,,,,,,121.55640600014,29.990204942903,0
953d399237103f6726d2bbf4,青云汽配,汽车服务,汽车配件,浙江省,宁波市,镇海区,浙江省宁波市镇海区荣吉路338号,953d399237103f6726d2bbf4,1,0,121.584269,29.978818,,life,http://api.map.baidu.com/place/detail?uid=953d399237103f6726d2bbf4&output=html&source=placeapi_v2,,09:00-18:00,,,,,,,,8,,,,,,,,121.58424491008,29.979045621456,0
4b2bd73d6520ed974d3a59fe,宁波市镇海宏发汽配有限公司,汽车服务,汽车配件,浙江省,宁波市,镇海区,通园北路329-36号附近,4b2bd73d6520ed974d3a59fe,1,0,121.582487,29.984759,(0574)87925985,life,http://api.map.baidu.com/place/detail?uid=4b2bd73d6520ed974d3a59fe&output=html&source=placeapi_v2,,,,,,,,,,16,,,,,,,,,,0
ff02832e39740426d7851fa4,宁波爱立德汽车部件有限公司,汽车服务,汽车配件,浙江省,宁波市,镇海区,浙江省宁波市镇海区通和东路218号,ff02832e39740426d7851fa4,1,0,121.571292,29.966547,(0574)56266152,life,http://api.map.baidu.com/place/detail?uid=ff02832e39740426d7851fa4&output=html&source=placeapi_v2,,,,,,,,,,1,,,,,,,,121.57133404289,29.966440065964,0
b72fcbd001a731a22cb17e05,骆驼城北汽配商行,汽车服务,汽车配件,浙江省,宁波市,镇海区,浙江省宁波市镇海区汇水路01号,b72fcbd001a731a22cb17e05,1,0,121.589897,29.976254,15336643413,life,http://api.map.baidu.com/place/detail?uid=b72fcbd001a731a22cb17e05&output=html&source=placeapi_v2,,08:00-19:00,,,,,,,,1,,,,,,,,,,0
08e9393130ea99a4fbdc85f8,斯达飞轮胎店,汽车服务,汽车配件,浙江省,宁波市,镇海区,浙江省宁波市镇海区田胡路328号,08e9393130ea99a4fbdc85f8,1,0,121.57495,29.977614,13957400607,life,http://api.map.baidu.com/place/detail?uid=08e9393130ea99a4fbdc85f8&output=html&source=placeapi_v2,,08:00-20:00,,,,,,,,,,,,,,,,121.57481026693,29.977608925034,0
e5c89a5119e06ea20e3dda37,福耀汽车玻璃(镇海同美店),汽车服务,汽车配件,浙江省,宁波市,镇海区,浙江省宁波市镇海区汶骆路6号,e5c89a5119e06ea20e3dda37,1,0,121.571677,29.990774,13780007186,life,http://api.map.baidu.com/place/detail?uid=e5c89a5119e06ea20e3dda37&output=html&source=placeapi_v2,,00:00-24:00,,,,,,,,3,1,,,,,,,121.57175683038,29.990964656142,0
fff0dd5339f98a180b1cc70a,宁波恒信江南汽车配件有限公司,汽车服务,汽车配件,浙江省,宁波市,镇海区,宁波市镇海区骆观线乐益宾馆东侧约90米,fff0dd5339f98a180b1cc70a,1,0,121.569131,29.978587,18069125588,life,http://api.map.baidu.com/place/detail?uid=fff0dd5339f98a180b1cc70a&output=html&source=placeapi_v2,,,,,,,,,,6,,,,,,,,121.56899688282,29.978630509848,0
47b1113f3378e871c7f50d97,顺发车行配件,汽车服务,汽车配件,浙江省,宁波市,镇海区,浙江省宁波市镇海区汶骆路225号,47b1113f3378e871c7f50d97,1,0,121.587127,29.990484,,life,http://api.map.baidu.com/place/detail?uid=47b1113f3378e871c7f50d97&output=html&source=placeapi_v2,,,,,,,,,,3,,,,,,,,121.58712541443,29.990705896434,0
79c2c171bda7a1599d9d68c5,万向轮大全,汽车服务,汽车配件,浙江省,宁波市,镇海区,宁波市镇海区兴骆路宁波瑞丰国际商博城,79c2c171bda7a1599d9d68c5,1,0,121.585388,29.994649,"13968619160,15867075423",life,http://api.map.baidu.com/place/detail?uid=79c2c171bda7a1599d9d68c5&output=html&source=placeapi_v2,,,,,,,,,,8,,,,,,,,121.58524879883,29.994691677106,0
67e2b582d73d344b754ff17c,浙永成汽车玻璃,汽车服务,汽车配件,浙江省,宁波市,镇海区,宁波市镇海区商场西路盛世华庭,67e2b582d73d344b754ff17c,1,0,121.591347,29.989272,,life,http://api.map.baidu.com/place/detail?uid=67e2b582d73d344b754ff17c&output=html&source=placeapi_v2,,,,,,,,,,2,,,,,,,,,,0
acf901b8ab8b41e6adcb665b,星通汽配,汽车服务,汽车配件,浙江省,宁波市,镇海区,浙江省宁波市镇海区荣吉路397号,acf901b8ab8b41e6adcb665b,1,0,121.569501,29.97832,13967896841,life,http://api.map.baidu.com/place/detail?uid=acf901b8ab8b41e6adcb665b&output=html&source=placeapi_v2,,08:00-18:30,,,,,,,,12,,,,,,,,,,0
418a01a6f9230442e912e4a8,信义易车玻璃,汽车服务,汽车配件,浙江省,宁波市,镇海区,浙江省宁波市镇海区慈海南路52号,418a01a6f9230442e912e4a8,1,0,121.59138,29.989318,4001060555,life,http://api.map.baidu.com/place/detail?uid=418a01a6f9230442e912e4a8&output=html&source=placeapi_v2,,00:00-24:00,,,,,,,,9,,,,,,,,,,0
f4038a58828c9d6e7f29bd55,东达汽配批发,汽车服务,汽车配件,浙江省,宁波市,镇海区,浙江省宁波市镇海区九龙大道666号,f4038a58828c9d6e7f29bd55,1,0,121.571261,29.97908,"(0574)86527188,(0574)86528099",life,http://api.map.baidu.com/place/detail?uid=f4038a58828c9d6e7f29bd55&output=html&source=placeapi_v2,,07:00-23:00,,,,,,,,14,,,,,,,,,,0
31e6fc6714915e3373455b5e,苏北城信汽修汽配,汽车服务,汽车配件,浙江省,宁波市,镇海区,宁波市镇海区九龙大道与骆慈线交叉路口往东约70米,,1,0,121.569462,29.990952,"15869333013,15968491983",life,http://api.map.baidu.com/place/detail?uid=31e6fc6714915e3373455b5e&output=html&source=placeapi_v2,,,5.0,,,,,,,15,2,,,,,,,121.56947127167,29.991095063819,0
787c63d3f22e585ec16c140d,骆驼蓄电池,汽车服务,汽车配件,浙江省,宁波市,镇海区,浙江省宁波市镇海区汶骆路955号,787c63d3f22e585ec16c140d,1,0,121.569557,29.990939,"15824592409,18815282136",life,http://api.map.baidu.com/place/detail?uid=787c63d3f22e585ec16c140d&output=html&source=placeapi_v2,,00:00-24:00,,,,,,,,8,3,,,,,,,,,0
77e359a4b9b8da5d4bcc4a95,国美汽车玻璃,汽车服务,汽车配件,浙江省,宁波市,镇海区,宁波市镇海区九龙大道与骆慈线交叉路口往东南约60米,77e359a4b9b8da5d4bcc4a95,1,0,121.569361,29.990934,,life,http://api.map.baidu.com/place/detail?uid=77e359a4b9b8da5d4bcc4a95&output=html&source=placeapi_v2,,,,,,,,,,1,,,,,,,,121.5693714834,29.9910997495,0
cebfe0fd4640b8d8b2077d55,快准车服汽配商城,汽车服务,汽车配件,浙江省,宁波市,镇海区,浙江省宁波市镇海区汶骆路888号,cebfe0fd4640b8d8b2077d55,1,0,121.574275,29.991149,"(0574)86562710,13105555933",life,http://api.map.baidu.com/place/detail?uid=cebfe0fd4640b8d8b2077d55&output=html&source=placeapi_v2,,,,,,,,,,15,,,,,,,,121.57422332758,29.990899339043,0
c7582580818984bb4d776ecb,邓禄普轮胎(贵驷店),汽车服务,汽车配件,浙江省,宁波市,镇海区,宁波市镇海区镇骆西路怡家快捷宾馆(贵驷路店)西北侧约300米,c7582580818984bb4d776ecb,1,0,121.626848,29.984981,18968360605,life,http://api.map.baidu.com/place/detail?uid=c7582580818984bb4d776ecb&output=html&source=placeapi_v2,,,5,,,,,,,7,2,,,,,,,121.62684529898,29.985057045067,0
f22fbb2a67da6a473617dc0a,风驰通轮胎店,汽车服务,汽车配件,浙江省,宁波市,镇海区,宁波市镇海区俞范西路里洞桥村新未来幼儿园西北侧约160米,,1,0,121.629002,29.985449,,life,http://api.map.baidu.com/place/detail?uid=f22fbb2a67da6a473617dc0a&output=html&source=placeapi_v2,,,,,,,,,,,,,,,,,,121.62901506072,29.985367298325,0
75fd18fa47181448364aae5b,亿达汽车零部件有限公司,汽车服务,汽车配件,浙江省,宁波市,镇海区,宁波市镇海区贵郑段民联稻田幼儿园东侧约30米,75fd18fa47181448364aae5b,1,0,121.622598,29.992119,18358221788,life,http://api.map.baidu.com/place/detail?uid=75fd18fa47181448364aae5b&output=html&source=placeapi_v2,,,,,,,,,,,,,,,,,,,,0
f6c81cc6a201fc7596f08c6d,大禾挖机配件店,汽车服务,汽车配件,浙江省,宁波市,镇海区,浙江省宁波市镇海区俞范东路1256-2号,,1,0,121.65583,29.978147,"(0574)87607986,18106691655",life,http://api.map.baidu.com/place/detail?uid=f6c81cc6a201fc7596f08c6d&output=html&source=placeapi_v2,,,,,,,,,,3,,,,,,,,,,0
86c95097d4a51176ebe58238,小梁轮胎店,汽车服务,汽车配件,浙江省,宁波市,镇海区,宁波市镇海区蛟川枢纽陈家村暂住房西北侧约150米,86c95097d4a51176ebe58238,1,0,121.651312,29.979154,"13486672607,18058209587",life,http://api.map.baidu.com/place/detail?uid=86c95097d4a51176ebe58238&output=html&source=placeapi_v2,,06:00-20:00,,,,,,,,3,1,,,,,,,,,0
068e0e9477b900d34251c032,镇海安固汽配有限公司,汽车服务,汽车配件,浙江省,宁波市,镇海区,宁波市镇海区俞范东路陈家村暂住房北侧,068e0e9477b900d34251c032,1,0,121.652937,29.978758,13071964922,life,http://api.map.baidu.com/place/detail?uid=068e0e9477b900d34251c032&output=html&source=placeapi_v2,,08:00-19:30,,,,,,,,3,,,,,,,,,,0
f48d3b0773e6eaf58605bf29,移恒轮胎店,汽车服务,汽车配件,浙江省,宁波市,镇海区,浙江省宁波市镇海区俞范东路8号,f48d3b0773e6eaf58605bf29,1,0,121.670828,29.972919,13454789389,life,http://api.map.baidu.com/place/detail?uid=f48d3b0773e6eaf58605bf29&output=html&source=placeapi_v2,,,,,,,,,,7,,,,,,,,121.67073771261,29.972790685307,0
b0295c270154b19cbe484294,玲珑轮胎,汽车服务,汽车配件,浙江省,宁波市,镇海区,浙江省宁波市镇海区蛟川街道陈家村庙后张村住宅一幢109号,,1,0,121.67297,29.971995,"13738832393,13858242976",life,http://api.map.baidu.com/place/detail?uid=b0295c270154b19cbe484294&output=html&source=placeapi_v2,,00:00-24:00,,,,,,,,2,,,,,,,,,,0
dbdcd61c42cd4500f703b87c,轮胎销售,汽车服务,汽车配件,浙江省,宁波市,镇海区,宁波市镇海区镇骆东路爱心幼儿园东侧约200米,dbdcd61c42cd4500f703b87c,1,0,121.667438,29.965484,,life,http://api.map.baidu.com/place/detail?uid=dbdcd61c42cd4500f703b87c&output=html&source=placeapi_v2,,,,,,,,,,,,,,,,,,,,0
4a8b9081560d8ea48733047e,大力士轮胎,汽车服务,汽车配件,浙江省,宁波市,镇海区,浙江省宁波市镇海区定海路289号b区104铺,4a8b9081560d8ea48733047e,1,0,121.70382,29.973616,15058281485,life,http://api.map.baidu.com/place/detail?uid=4a8b9081560d8ea48733047e&output=html&source=placeapi_v2,,,,,,,,,,5,,,,,,,,121.70380351827,29.973803278326,0
33c8daafa161f97b20022040,宁波伟翔汽车配件有限公司,汽车服务,汽车配件,浙江省,宁波市,镇海区,浙江省宁波市镇海区远一路B115~116号,33c8daafa161f97b20022040,1,0,121.704188,29.97325,"13336668186,13362481618",life,http://api.map.baidu.com/place/detail?uid=33c8daafa161f97b20022040&output=html&source=placeapi_v2,,08:00-20:00,,,,,,,,7,,,,,,,,121.70432895333,29.973260925294,0
18cb4305ccff299bdc1e5231,镇海蛟川隧道汽配店,汽车服务,汽车配件,浙江省,宁波市,镇海区,海二路与远一路交叉口北100米,18cb4305ccff299bdc1e5231,1,0,121.704274,29.972275,(0574)86269327,life,http://api.map.baidu.com/place/detail?uid=18cb4305ccff299bdc1e5231&output=html&source=placeapi_v2,,07:00-19:00,,,,,,,,5,,,,,,,,121.70442906139,29.972319750006,0
49dbf1e729718901dbeced5f,上喜汽车电器电瓶空调批发,汽车服务,汽车配件,浙江省,宁波市,镇海区,浙江省宁波市镇海区定海路289号,49dbf1e729718901dbeced5f,1,0,121.7036,29.97357,"13958205811,15168557562",life,http://api.map.baidu.com/place/detail?uid=49dbf1e729718901dbeced5f&output=html&source=placeapi_v2,,,0,,,,,,,3,1,,,,,,,121.70356608714,29.97356884972,0
765597ac2a658f9b3ce23156,赛夫华兰德配件中心库,汽车服务,汽车配件,浙江省,宁波市,镇海区,宁波市镇海区定海路与远一路交叉路口往南约50米,765597ac2a658f9b3ce23156,1,0,121.704156,29.973399,13585841161,life,http://api.map.baidu.com/place/detail?uid=765597ac2a658f9b3ce23156&output=html&source=placeapi_v2,,,,,,,,,,8,,,,,,,,,,0
39757f5dcfa4c1e5157643dc,宁波市镇海振兴轮胎有限公司,汽车服务,汽车配件,浙江省,宁波市,镇海区,宁波市镇海区定海路与威海路交叉路口往东约120米,39757f5dcfa4c1e5157643dc,1,0,121.702874,29.973547,,life,http://api.map.baidu.com/place/detail?uid=39757f5dcfa4c1e5157643dc&output=html&source=placeapi_v2,,,,,,,,,,2,,,,,,,,,,0
b4eaa84a2199cd29a80dd835,武盛汽车电器商行,汽车服务,汽车配件,浙江省,宁波市,镇海区,浙江省宁波市镇海区远一路a108号,b4eaa84a2199cd29a80dd835,1,0,121.70425,29.972497,13989360165,life,http://api.map.baidu.com/place/detail?uid=b4eaa84a2199cd29a80dd835&output=html&source=placeapi_v2,,,,,,,,,,2,,,,,,,,121.70440881988,29.972510148258,0
fac1426cbdce94d65e17c39b,东腾汽配,汽车服务,汽车配件,浙江省,宁波市,镇海区,浙江宁波市镇海区平海路818号,fac1426cbdce94d65e17c39b,1,0,121.714949,29.970464,"13451251291,18892627926",life,http://api.map.baidu.com/place/detail?uid=fac1426cbdce94d65e17c39b&output=html&source=placeapi_v2,,,,,,,,,,5,,,,,,,,121.71495892402,29.970355823431,0
2dd0f38c4258fea93fe231ea,全诺轮胎,汽车服务,汽车配件,浙江省,宁波市,镇海区,宁波市镇海区平海路OYO宜江宾馆(平海路店)西侧约240米,2dd0f38c4258fea93fe231ea,1,0,121.715714,29.970525,"13566356899,15638322888",life,http://api.map.baidu.com/place/detail?uid=2dd0f38c4258fea93fe231ea&output=html&source=placeapi_v2,,,,,,,,,,8,,,,,,,,,,0
8c2f56564b581438631c67bb,八方汽配,汽车服务,汽车配件,浙江省,宁波市,镇海区,浙江宁波市镇海区平海路798号,8c2f56564b581438631c67bb,1,0,121.716023,29.970528,"(0574)86269881,13706840780,13958214832",life,http://api.map.baidu.com/place/detail?uid=8c2f56564b581438631c67bb&output=html&source=placeapi_v2,,,,,,,,,,9,,,,,,,,121.71602375561,29.970507907325,0
54faacae0266f3651f3894bf,俊益汽配,汽车服务,汽车配件,浙江省,宁波市,镇海区,浙江省宁波市镇海区定海路289号B107室,54faacae0266f3651f3894bf,1,0,121.704039,29.973564,(0574)86252980,life,http://api.map.baidu.com/place/detail?uid=54faacae0266f3651f3894bf&output=html&source=placeapi_v2,,,,,,,,,,8,,,,,,,,121.7040174623,29.973817403617,0
a6314101dfc6046308ccdd6d,立千汽配汽修,汽车服务,汽车配件,浙江省,宁波市,镇海区,浙江省宁波市镇海区平海路788号,a6314101dfc6046308ccdd6d,1,0,121.716804,29.970592,18368292998,life,http://api.map.baidu.com/place/detail?uid=a6314101dfc6046308ccdd6d&output=html&source=placeapi_v2,,,,,,,,,,10,,,,,,,,121.71681391232,29.970476447108,0
988b70091ad174ea4afd3f16,小宋电器汽配,汽车服务,汽车配件,浙江省,宁波市,镇海区,宁波市镇海区平海路OYO宜江宾馆(平海路店)西侧约140米,988b70091ad174ea4afd3f16,1,0,121.716701,29.970554,13454789320,life,http://api.map.baidu.com/place/detail?uid=988b70091ad174ea4afd3f16&output=html&source=placeapi_v2,,08:00-20:00,,,,,,,,5,1,,,,,,,,,0
5fa8fb52613f30b9d92f28a0,重卡汽配,汽车服务,汽车配件,浙江省,宁波市,镇海区,宁波市镇海区宏远路后海塘西南侧约210米,5fa8fb52613f30b9d92f28a0,1,0,121.718253,29.972285,"(0574)82681959,13858378756",life,http://api.map.baidu.com/place/detail?uid=5fa8fb52613f30b9d92f28a0&output=html&source=placeapi_v2,,,,,,,,,,8,,,,,,,,,,0
07829d8201604bbc77026916,宁波意业汽车零部件有限公司,汽车服务,汽车配件,浙江省,宁波市,北仑区,浙江省宁波市北仑区公园路96号,07829d8201604bbc77026916,1,0,121.75762,29.968967,(0574)86221536,life,http://api.map.baidu.com/place/detail?uid=07829d8201604bbc77026916&output=html&source=placeapi_v2,,08:00-17:00,,,,,,,,,,,,,,,,,,0
c070ca70cf7cc4f71d580018,余姚市泰宇汽车零部件有限公司,汽车服务,汽车配件,浙江省,宁波市,余姚市,浙江省宁波市余姚市中山东三路20号,,1,0,121.1788,30.0157,,life,http://api.map.baidu.com/place/detail?uid=c070ca70cf7cc4f71d580018&output=html&source=placeapi_v2,,,,,,,,,,3,1,,,,,,,121.17885303274,30.015400793199,0
a600cded13f05b8c2fb9084d,宁波国通汽车零部件有限公司,汽车服务,汽车配件,浙江省,宁波市,余姚市,浙江省宁波市余姚市振兴东路28号,,1,0,121.185626,30.011863,13858218555,life,http://api.map.baidu.com/place/detail?uid=a600cded13f05b8c2fb9084d&output=html&source=placeapi_v2,,,,,,,,,,6,1,,,,,,,121.18551853239,30.011698375601,0
b30fe3184d4a7119c7f02578,日夜汽配,汽车服务,汽车配件,浙江省,宁波市,余姚市,浙江省宁波市余姚市西环南路与新庄路交叉路口往东约100米,b30fe3184d4a7119c7f02578,1,0,121.161005,30.016691,13157479847,life,http://api.map.baidu.com/place/detail?uid=b30fe3184d4a7119c7f02578&output=html&source=placeapi_v2,,08:00-19:30,,,,,,,,1,,,,,,,,,,0
8e3320865f6980d501897275,宁波大建汽车零部件有限公司,汽车服务,汽车配件,浙江省,宁波市,余姚市,浙江省宁波市余姚市谭家岭东路40号,8e3320865f6980d501897275,1,0,121.16926,30.030181,(0574)62219888,life,http://api.map.baidu.com/place/detail?uid=8e3320865f6980d501897275&output=html&source=placeapi_v2,,,,,,,,,,4,,,,,,,,121.16937256701,30.029995424052,0
494a648e1813796a8bdb7377,江南汽配部,汽车服务,汽车配件,浙江省,宁波市,余姚市,浙江省宁波市余姚市大黄桥南路659号,494a648e1813796a8bdb7377,1,0,121.160112,30.026254,(0574)62702254,life,http://api.map.baidu.com/place/detail?uid=494a648e1813796a8bdb7377&output=html&source=placeapi_v2,,,0,,,,,,,13,1,,,,,,,121.16001253801,30.026259477019,0
128e7e5af5f5253e73210bb2,汽车电瓶,汽车服务,汽车配件,浙江省,宁波市,余姚市,宁波市余姚市三三省道山水家园东南侧约30米,128e7e5af5f5253e73210bb2,1,0,121.169174,30.003706,18858498367,life,http://api.map.baidu.com/place/detail?uid=128e7e5af5f5253e73210bb2&output=html&source=placeapi_v2,,,,,,,,,,3,,,,,,,,,,0
13a6511b264034919868b403,嘉实多润滑油,汽车服务,汽车配件,浙江省,宁波市,余姚市,宁波市余姚市大黄桥南路它山庙-东区,13a6511b264034919868b403,1,0,121.160201,30.028209,13857834168,life,http://api.map.baidu.com/place/detail?uid=13a6511b264034919868b403&output=html&source=placeapi_v2,,,,,,,,,,5,,,,,,,,121.16007760767,30.028210316572,0
37d537a0ff41552ac2f1cf3f,国通汽配,汽车服务,汽车配件,浙江省,宁波市,余姚市,宁波市余姚市振兴路环宇工具东侧约160米,,1,0,121.185252,30.012005,,life,http://api.map.baidu.com/place/detail?uid=37d537a0ff41552ac2f1cf3f&output=html&source=placeapi_v2,,,,,,,,,,,,,,,,,,,,0
94752cf8db4a836fc7f025f8,江淮汽配,汽车服务,汽车配件,浙江省,宁波市,余姚市,浙江省宁波市余姚市梨洲街道梁辉车站前方50米处,94752cf8db4a836fc7f025f8,1,0,121.167848,30.001352,13958341594,life,http://api.map.baidu.com/place/detail?uid=94752cf8db4a836fc7f025f8&output=html&source=placeapi_v2,,,,,,,,,,3,,,,,,,,,,0
93589274bc804ae9aa175aae,阿权轮胎,汽车服务,汽车配件,浙江省,宁波市,余姚市,浙江省宁波市余姚市兰江街道谭家岭村路橫桥60号王山西路新庄路红绿灯路口,93589274bc804ae9aa175aae,1,0,121.15725,30.023461,13336866373,life,http://api.map.baidu.com/place/detail?uid=93589274bc804ae9aa175aae&output=html&source=placeapi_v2,,,,,,,,,,3,,,,,,,,121.15701054203,30.02330098673,0
6dae418f738eeb486c476009,新墅轮胎店,汽车服务,汽车配件,浙江省,宁波市,余姚市,宁波市余姚市五九省道卧龙沿山,,1,0,121.186302,30.004517,18957442747,life,http://api.map.baidu.com/place/detail?uid=6dae418f738eeb486c476009&output=html&source=placeapi_v2,,,,,,,,,,4,,,,,,,,121.18627344588,30.004624060959,0
fba07a90fee53275f03cba8a,余姚市展荣轮胎店,汽车服务,汽车配件,浙江省,宁波市,余姚市,浙江省宁波市余姚市谭家岭西路62号,fba07a90fee53275f03cba8a,1,0,121.162499,30.030196,13777151672,life,http://api.map.baidu.com/place/detail?uid=fba07a90fee53275f03cba8a&output=html&source=placeapi_v2,,,,,,,,,,7,,,,,,,,,,0
8dc46863e09e6261a3acc4ec,阿澍轮胎,汽车服务,汽车配件,浙江省,宁波市,余姚市,浙江省宁波市余姚市谭家岭西路58号,8dc46863e09e6261a3acc4ec,1,0,121.161387,30.030134,15355191074,life,http://api.map.baidu.com/place/detail?uid=8dc46863e09e6261a3acc4ec&output=html&source=placeapi_v2,,00:00-24:00,,,,,,,,3,,,,,,,,121.16141468601,30.030033613482,0
7966b6c0d7532208cae33c52,阿曙轮胎服务部(途虎养车店),汽车服务,汽车配件,浙江省,宁波市,余姚市,浙江省宁波市余姚市大黄桥南路365号,7966b6c0d7532208cae33c52,1,0,121.160387,30.031073,"(0574)66268019,13385840991",life,http://api.map.baidu.com/place/detail?uid=7966b6c0d7532208cae33c52&output=html&source=placeapi_v2,,,,,,,,,,9,,,,,,,,121.16024561505,30.031082994236,0
35088a456fd53c2231f71da1,阿特拉斯轮胎,汽车服务,汽车配件,浙江省,宁波市,余姚市,宁波市余姚市古乍线,,1,0,121.20637,30.022189,13291971397,life,http://api.map.baidu.com/place/detail?uid=35088a456fd53c2231f71da1&output=html&source=placeapi_v2,,,,,,,,,,2,,,,,,,,,,0
2e85b69cd0de5bc943024527,兴泽电器,汽车服务,汽车配件,浙江省,宁波市,余姚市,宁波市余姚市宇达路黄箭山车站北侧约120米,,1,0,121.213885,30.003371,,life,http://api.map.baidu.com/place/detail?uid=2e85b69cd0de5bc943024527&output=html&source=placeapi_v2,,09:00-18:00,,,,,,,,4,,,,,,,,,,0
60bed2a01f5a5951dbeced07,宁波市意帆特汽车零部件有限公司,汽车服务,汽车配件,浙江省,宁波市,余姚市,浙江省宁波市余姚市创特东路1号,60bed2a01f5a5951dbeced07,1,0,121.26619,30.002013,,life,http://api.map.baidu.com/place/detail?uid=60bed2a01f5a5951dbeced07&output=html&source=placeapi_v2,,,,,,,,,,1,,,,,,,,121.26623128246,30.002198580334,0
9133a24700af582c3586f4f5,小许汽配汽修,汽车服务,汽车配件,浙江省,宁波市,余姚市,宁波市余姚市古乍线与五马工业大道交叉路口往西北约90米,,1,0,121.267023,30.009777,,life,http://api.map.baidu.com/place/detail?uid=9133a24700af582c3586f4f5&output=html&source=placeapi_v2,,,,,,,,,,1,,,,,,,,121.26688898313,30.009583549314,0
c64fa2b4485abe4a49fd3f6a,余姚市万杰汽车零部件有限公司,汽车服务,汽车配件,浙江省,宁波市,余姚市,浙江省宁波市余姚市创业西路1号,,1,0,121.265349,30.005208,,life,http://api.map.baidu.com/place/detail?uid=c64fa2b4485abe4a49fd3f6a&output=html&source=placeapi_v2,,,,,,,,,,5,,,,,,,,121.26541337439,30.005191107626,0
6b0d18c1ccc950570b69d9f5,75号朝阳轮胎批发,汽车服务,汽车配件,浙江省,宁波市,余姚市,宁波市余姚市新民中路瓦窑新居西侧约60米,6b0d18c1ccc950570b69d9f5,1,0,121.294933,30.018722,,life,http://api.map.baidu.com/place/detail?uid=6b0d18c1ccc950570b69d9f5&output=html&source=placeapi_v2,,,,,,,,,,1,,,,,,,,,,0
f229648eaede9b7528b97cae,宁波帅鑫汽车附件有限公司,汽车服务,汽车配件,浙江省,宁波市,余姚市,浙江省宁波市余姚市丈一路129号,,1,0,121.301416,30.015746,18638304393,life,http://api.map.baidu.com/place/detail?uid=f229648eaede9b7528b97cae&output=html&source=placeapi_v2,,,,,,,,,,,,,,,,,,,,0
2b63b6c04e5a9034a1d23084,宁波震科汽车部件有限公司,汽车服务,汽车配件,浙江省,宁波市,余姚市,宁波市余姚市丈亭镇初级中学东侧约170米,,1,0,121.303406,30.022197,,life,http://api.map.baidu.com/place/detail?uid=2b63b6c04e5a9034a1d23084&output=html&source=placeapi_v2,,,,,,,,,,,,,,,,,,121.30369960528,30.022526239514,0
5508504d2a56f7cac7f0255f,余姚市海宇汽车配件厂,汽车服务,汽车配件,浙江省,宁波市,余姚市,宁波市余姚市祝家渡村工业点1号,5508504d2a56f7cac7f0255f,1,0,121.332858,30.012043,(0574)62942588,life,http://api.map.baidu.com/place/detail?uid=5508504d2a56f7cac7f0255f&output=html&source=placeapi_v2,,09:00-18:00,,,,,,,,4,,,,,,,,121.33268967039,30.012104824054,0
b574276c35ec6347abf72978,余姚鑫仕达汽车部件有限公司,汽车服务,汽车配件,浙江省,宁波市,余姚市,宁波市余姚市金川西路与梅霖路交叉路口往西约230米,,1,0,121.338114,30.032383,13805809969,life,http://api.map.baidu.com/place/detail?uid=b574276c35ec6347abf72978&output=html&source=placeapi_v2,,09:00-18:30,,,,,,,,2,,,,,,,,121.33825741825,30.032680674131,0
6a09d782613a7f02a104642a,小郭轮胎店,汽车服务,汽车配件,浙江省,宁波市,余姚市,宁波市余姚市六一省道余姚农村商业银行(二六市分理处)西北侧约190米,,1,0,121.389296,30.022378,"13858203543,18268634766",life,http://api.map.baidu.com/place/detail?uid=6a09d782613a7f02a104642a&output=html&source=placeapi_v2,,,,,,,,,,2,,,,,,,,,,0
e80bf31d8e15bbc230f71dca,腾扬汽配,汽车服务,汽车配件,浙江省,宁波市,余姚市,浙江省宁波市余姚市二六市村工业点18西北方向70米,e80bf31d8e15bbc230f71dca,1,0,121.393326,30.01793,(0574)62949588,life,http://api.map.baidu.com/place/detail?uid=e80bf31d8e15bbc230f71dca&output=html&source=placeapi_v2,,,,,,,,,,3,,,,,,,,121.39346279055,30.018074990116,0
0a15c7ec016eb2fded74f85f,宁波市天银汽车零部件有限公司,汽车服务,汽车配件,浙江省,宁波市,余姚市,浙江省宁波市余姚市319省道6号,,1,0,121.391445,30.020119,(0574)62946128,life,http://api.map.baidu.com/place/detail?uid=0a15c7ec016eb2fded74f85f&output=html&source=placeapi_v2,,09:00-18:30,,,,,,,,3,,,,,,,,121.39158981638,30.020204408275,0
2d5c95fc9657396c2811d12b,万世达轮胎,汽车服务,汽车配件,浙江省,宁波市,余姚市,宁波市余姚市六一省道余姚农村商业银行(二六市分理处)西北侧约190米,,1,0,121.389326,30.022496,"13858203543,18268634766",life,http://api.map.baidu.com/place/detail?uid=2d5c95fc9657396c2811d12b&output=html&source=placeapi_v2,,,,,,,,,,3,,,,,,,,,,0
814421da48fef9aafa0cadda,全诺轮胎,汽车服务,汽车配件,浙江省,宁波市,江北区,宁波市江北区江北大道与张嘉路交叉路口往西约50米,,1,0,121.412969,30.003161,13566043626,life,http://api.map.baidu.com/place/detail?uid=814421da48fef9aafa0cadda&output=html&source=placeapi_v2,,,,,,,,,,,,,,,,,,,,0
fdb5d3a07a29eb9cd3ff23c6,国芳电器润滑油店,汽车服务,汽车配件,浙江省,宁波市,镇海区,宁波市镇海区西经堂路西经堂幼儿园东北侧约90米,,1,0,121.557931,30.011718,13906698726,life,http://api.map.baidu.com/place/detail?uid=fdb5d3a07a29eb9cd3ff23c6&output=html&source=placeapi_v2,,,,,,,,,,1,,,,,,,,,,0
b32cd93c1ee8daa808ccdd71,正时汽车零部件有限公司,汽车服务,汽车配件,浙江省,宁波市,镇海区,浙江省宁波市镇海区慈海北路1055号,,1,0,121.595481,30.010479,,life,http://api.map.baidu.com/place/detail?uid=b32cd93c1ee8daa808ccdd71&output=html&source=placeapi_v2,,,,,,,,,,,,,,,,,,,,0
1b833ee7d787054cb34c4981,卡勒汽车部件(宁波)有限公司,汽车服务,汽车配件,浙江省,宁波市,镇海区,浙江省宁波市镇海区广源路267号,,1,0,121.607321,30.024631,,life,http://api.map.baidu.com/place/detail?uid=1b833ee7d787054cb34c4981&output=html&source=placeapi_v2,,07:30-17:00,,,,,,,,9,2,,,,,,,121.60746952845,30.024645779651,0
8ded35a65f7a7eb10a1cc74e,小王汽车电瓶电路空调,汽车服务,汽车配件,浙江省,宁波市,镇海区,浙江省宁波市镇海区路沿镇十七房村2~4号,,1,0,121.617325,30.02944,15088867416,life,http://api.map.baidu.com/place/detail?uid=8ded35a65f7a7eb10a1cc74e&output=html&source=placeapi_v2,,,5.0,,,,,,,6,2,,,,,,,,,0
