"data_as_of","development","hud_amp_","tds_","consolidated_tds_","development_edp_","operating_edp_","hud__","program","method","type","number_of_section_8_transition_apartments","number_of_current_apartments","total_number_of_apartments","number_of_rental_rooms","avg_no_r_r_per_apartment","population_section_8_transition","population_public_housing","total_population","total_of_fixed_income_household","percent_fixed_income_households","number_of_residential_bldgs","number_of_non_residential_bldgs","number_of_stairhalls","number_of_stories","total_area_sq_ft","acres","net_dev_area_sq_ft","excluding_park_acres","bldg_coverage_sq_ft","cubage_cu_ft","bldg_coverage__","density","development_cost","per_rental_room","avg_monthly_gross_rent","location_street_a","location_street_b","location_street_c","location_street_d","borough","community_distirct","us_congressional_district","ny_state_senate_district","ny_state_assembly_district","ny_city_council_district","completion_date","federalized_development","senior_development","electricity_paid_by_residents","private_management"
"1/1/2019","1010 EAST 178TH STREET","NY005011330","180","180","289","289","NY005090","FEDERAL","CONVENTIONAL","NEW CONST",,"218","220","918.0","4.21",,"450","450","89","0.418","1","0","1","21","88,172","2.02","88,172","2.02","14,961","1,841,787","16.97%","223","$5,031,405","$5,341","$503","E TREMONT AVE","BRYANT AVE","E 178TH ST","BOSTON RD","BRONX","6","15","32","87","15","3/31/1971",,,,
"1/1/2019","104-14 TAPSCOTT STREET","NY005011670","242","167","361","283","NY005174","FEDERAL","TURNKEY","NEW CONST",,"30","30","131.0","4.37",,"65","65","5","0.172","1","0","1","4","10,000","0.23","10,000","0.23","6,983","351,238","69.83%","283","$839,110","$6,505","$643","TAPSCOTT ST","UNION ST","SUTTER AVE","BLAKE AVE","BROOKLYN","16","9","20","55","41","10/31/1972",,,,
"1/1/2019","1162-1176 WASHINGTON AVENUE","NY005013080","233","308","354","344","NY005138","FEDERAL","TURNKEY","REHAB",,"65","66","293.5","4.52",,"170","170","21","0.328","1","0","1","6","18,987","0.44","18,987","0.44","12,231","851,926","64.42%","386","$2,205,187","$7,302","$440","E 167TH ST","E 168TH ST","THIRD AVE","WASHINGTON AVE","BRONX","3","15","32","79","16","12/31/1975",,,,
"1/1/2019","131 SAINT NICHOLAS AVENUE","NY005010970","154","097","264","261","NY005065","FEDERAL","CONVENTIONAL","NEW CONST",,"98","100","386.0","3.94",,"165","165","41","0.427","1","0","1","17","29,359","0.67","29,359","0.67","5,759","771,591","19.62%","246","$1,880,013","$4,694","$529","SAINT NICHOLAS AVE","W 116TH ST","W 117TH ST",,"MANHATTAN","10","13","30","70","09","3/31/1965",,,,
"1/1/2019","1471 WATSON AVENUE","NY005010670","214","067","332","222","NY005162","FEDERAL","TURNKEY","NEW CONST",,"96","96","386.0","4.02",,"156","156","47","0.505","1","0","1","6","39,937","0.92","39,937","0.92","13,337","810,629","33.40%","170","$2,278,928","$5,814","$452","WATSON AVE","COLGATE AVE","EVERGREEN AVE",,"BRONX","9","15","32","85","17","12/31/1970",,,,
"1/1/2019","154 WEST 84TH STREET","NY005013590","359","359","840","840","NY005270","FEDERAL","TURNKEY","NEW CONST",,"35","35","157.5","4.50",,"74","74","7","0.2","1","0","1","7","9,621","0.22","9,621","0.22","5,774","361,857","60.01%","336","$4,503,296","$28,412","$644","AMSTERDAM AVE","W 84TH ST","COLUMBUS AVE",,"MANHATTAN","7","10","29","69","06","3/31/1996",,,"YES","YES"
"1/1/2019","303 VERNON AVENUE","NY005010730","156","073","267","267","NY005068","FEDERAL","CONVENTIONAL","NEW CONST",,"234","234","1,101.0","4.71",,"541","541","100","0.431","1","0","1","24","110,000","2.53","110,000","2.53","11,311","2,207,369","10.28%","214","$4,703,702","$4,272","$511","VERNON AVE","MARCUS GARVEY BLVD","MYRTLE AVE",,"BROOKLYN","3","8","18","54","36","5/31/1967",,,,
"1/1/2019","335 EAST 111TH STREET","NY005010640","203","064","320","219","NY005126","FEDERAL","TURNKEY","NEW CONST",,"66","66","259.0","3.92",,"114","114","33","0.5","1","0","1","6","20,205","0.46","20,205","0.46","9,143","530,550","45.25%","248","$1,241,825","$4,651","$482","SECOND AVE","E 111TH ST","FIRST AVE","E 112TH ST","MANHATTAN","11","13","29","68","08","6/30/1969",,,,
"1/1/2019","344 EAST 28TH STREET","NY005021850","185","153","452","452","NY005374","MIXED FINANCE/LLC2","CONVENTIONAL","NEW CONST","73","225","225","985.5","4.38","146","281","427","111","0.502","1","0","1","26","44,644","1.02","44,644","1.02","7,889","1,946,457","17.67%","419","$4,980,000","$5,053","$516","E 27TH ST","NEW ST","E 28TH ST","FIRST AVE","MANHATTAN","6","12","27","74","02","3/31/1971",,,,
"1/1/2019","45 ALLEN STREET","NY005011000","265","100","380","312","NY005186","FEDERAL","TURNKEY","NEW CONST",,"107","107","537.5","5.02",,"237","237","46","0.442","1","1","2","14","39,609","0.91","39,609","0.91","8,031","950,162","20.28%","260","$4,290,021","$7,981","$687","GRAND ST","ALLEN ST","HESTER ST","ELDRIDGE ST","MANHATTAN","3","7","26","65","01","7/31/1974",,,,
"1/1/2019","572 WARREN STREET","NY005011630","196","163","307","272","NY005103","FEDERAL","TURNKEY","NEW CONST",,"200","200","815.0","4.08",,"375","375","84","0.42","1","1","2","6","81,700","1.88","81,700","1.88","28,530","1,726,301","34.92%","199","$5,984,598","$7,116","$536","WARREN ST","BALTIC ST","THIRD AVE","FOURTH AVE","BROOKLYN","6","7","25","52","33","8/31/1972",,,,
"1/1/2019","830 AMSTERDAM AVENUE","NY005010820","150","082","258","258","NY005059","FEDERAL","CONVENTIONAL","NEW CONST",,"158","159","724.0","4.58",,"351","351","63","0.404","1","0","1","20","28,690","0.66","28,690","0.66","7,750","1,375,740","27.01%","532","$3,631,814","$4,992","$492","W 101ST ST","AMSTERDAM AVE","W 100TH ST",,"MANHATTAN","7","10","30","69","07","8/31/1965",,,,
"1/1/2019","ADAMS","NY005001180","118","118","248","248","NY005049","FEDERAL","CONVENTIONAL","NEW CONST",,"924","925","4,306.0","4.66",,"2,310","2,310","335","0.364","7","0","7","15-21","408,888","9.39","383,068","8.79","56,283","8,181,502","13.76%","246","$17,878,818","$4,149","$497","WESTCHESTER AVE","UNION AVE","E 152ND ST",,"BRONX","1","15","29","84","17","8/31/1964",,,,
"1/1/2019","ALBANY","NY005010310","031","031","524","524","NY005216C","FEDERAL","CONVENTIONAL","NEW CONST",,"823","829","3,777.5","4.59",,"1,886","1,886","267","0.327","6","0","6","14","388,389","8.92","388,389","8.92","58,455","7,082,630","15.05%","211","$8,951,000","$2,356","$565","ALBANY AVE","SAINT MARKS AVE","TROY AVE","PARK PL","BROOKLYN","8","9","25","56","36","10/14/1950","1978/02/01-ATP 2",,,
"1/1/2019","ALBANY II","NY005010310","085","031","524","524","NY005216C","FEDERAL","CONVENTIONAL","NEW CONST",,"400","400","1,848.0","4.62",,"985","985","130","0.331","3","0","3","13-14","214,594","4.93","214,594","4.93","26,053","3,249,689","12.14%","200","$4,666,000","$2,540","$542","BERGEN ST","TROY AVE","ALBANY HOUSES","ALBANY AVE","BROOKLYN","8","9","25","56","36","2/7/1957","1978/02/01-ATP 2",,,
"1/1/2019","AMSTERDAM","NY005010220","022","022","530","530","NY005220A","FEDERAL","CONVENTIONAL","NEW CONST",,"1,084","1,084","5,129.0","4.73",,"2,270","2,270","468","0.435","13","0","24","6-13","446,172","10.24","413,534","9.49","100,358","8,233,310","22.49%","222","$12,262,000","$2,391","$544","W 61ST ST","W 64TH ST","WEST END AVE","AMSTERDAM AVE","MANHATTAN","7","10","31","67","06","12/17/1948","1978/07/01-ATP 3",,,
"1/1/2019","AMSTERDAM ADDITION","NY005021870","187","022","453","453","NY005366","MIXED FINANCE/LLC1","CONVENTIONAL","NEW CONST","26","175","175","762.5","4.36","66","287","353","97","0.557","1","0","1","27","36,154","0.83","36,154","0.83","17,562","1,825,587","48.58%","425","$7,053,000","$9,250","$510","W 64TH ST","W 65TH ST","AMSTERDAM AVE","WEST END AVE","MANHATTAN","7","10","31","67","06","1/31/1974",,,,
"1/1/2019","ARMSTRONG I","NY005012100","210","210","325","325","NY005120","FEDERAL","CONVENTIONAL","NEW CONST",,"369","371","1,763.5","4.78",,"977","977","143","0.39","11","1","58","3-4-6","245,481","5.64","245,481","5.64","94,311","4,800,020","38.42%","173","$14,648,872","$8,129","$581","CLIFTON PL","MARCY AVE","GATES AVE","BEDFORD AVE","BROOKLYN","3","8","25","56, 57","36","5/31/1973",,"PARTIALLY",,
"1/1/2019","ARMSTRONG II","NY005012100","228","210","355","325","NY005116","FEDERAL","TURNKEY","NEW CONST",,"248","248","1,276.0","5.15",,"702","702","58","0.238","5","1","17","4","162,118","3.72","162,118","3.72","67,372","3,123,424","41.56%","189","$7,802,067","$6,114","$600","GREENE AVE","GATES AVE","TOMPKINS AVE","MARCY AVE","BROOKLYN","3","8","25","56","36","10/31/1974",,,,
"1/1/2019","ASTORIA","NY005000260","026","026","517","517","NY005213I","FEDERAL","CONVENTIONAL","NEW CONST",,"1,104","1,104","5,607.0","5.08",,"3,032","3,032","366","0.333","22","1","22","6-7","1,406,832","32.30","1,151,484","26.43","173,434","10,826,559","12.33%","94","$14,122,000","$2,519","$593","27TH AVE","8TH ST","HALLET'S COVE","EAST RIVER","QUEENS","1","12","12","37","22","11/9/1951","1977/07/01-ATP 1",,,
"1/1/2019","ATLANTIC TERMINAL SITE 4B","NY005011630","256","163","384","272","NY005189","FEDERAL","TURNKEY","NEW CONST",,"299","300","1,237.5","4.14",,"582","582","121","0.41","1","0","1","31","88,155","2.02","88,155","2.02","15,382","2,464,800","17.45%","288","$10,797,972","$8,489","$562","CLERMONT AVE","ATLANTIC AVE","CARLTON AVE","FULTON ST","BROOKLYN","2","8","25","57","35","4/30/1976",,,,
"1/1/2019","FHA REPOSSESSED HOUSES (GROUP X)","NY005012090","284","91","521","324","NY005212","FEDERAL","CONVENTIONAL","REHAB",,"16","21","87.0","5.44",,,"37",,,"20",,,"1-1.5-2-2.5","99,627","2.29","99,627","2.29",,,,"16","$850,661","$6.56","$713","20 QUEENS",,,,,,,,,,"6/30/1982",,,,
"1/1/2019","AUDUBON","NY005010030","125","003","444","444","NY005365","FEDERAL","CONVENTIONAL","NEW CONST",,"167","168","826.5","4.95",,"446","446","64","0.388","1","0","1","20","27,477","0.63","27,477","0.63","9,043","1,585,892","32.91%","708","$2,817,000","$3,382","$578","W 154TH ST","W 155TH ST","AMSTERDAM AVE",,"MANHATTAN","9","13","30","71","07","4/30/1962","1995/07/13-PTA",,,
"1/1/2019","BAILEY AVENUE-WEST 193RD STREET","NY005012020","202","197","311","311","NY005106","FEDERAL","CONVENTIONAL","NEW CONST",,"232","233","976.0","4.21",,"455","455","89","0.387","1","0","1","20","99,606","2.29","99,606","2.29","13,621","1,877,893","13.67%","199","$8,091,156","$8,173","$493","BAILEY AVE","W 193RD ST","HEATH AVE",,"BRONX","7","13","33","86","14","5/31/1973",,,,
"1/1/2019","BAISLEY PARK","NY005010910","091","091","240","240","NY005038","FEDERAL","CONVENTIONAL","NEW CONST",,"381","386","1,779.5","4.67",,"947","947","143","0.377","5","1","8","8","325,713","7.48","325,713","7.48","54,504","3,529,560","16.73%","127","$5,856,304","$3,246","$548","LIRR","FOCH BLVD","116TH AVE","GUY BREWER BLVD","QUEENS","12","5","10, 14","32","28","4/30/1961",,,,
"1/1/2019","BARUCH","NY005010600","060","060","215","215","NY005012","FEDERAL","CONVENTIONAL","NEW CONST",,"2,193","2,194","10,240.5","4.67",,"4,872","4,872","962","0.445","17","1","35","7-13-14","1,196,115","27.46","1,101,503","25.29","160,098","17,784,205","13.38%","177","$36,411,155","$3,553","$534","E HOUSTON ST","FDR DRIVE","DELANCEY ST","COLUMBIA ST","MANHATTAN","3","7","26","74","02","8/6/1959",,,,
"1/1/2019","BARUCH HOUSES ADDITION","NY005010600","198","060","383","215","NY005111","FEDERAL","CONVENTIONAL","NEW CONST (ELD)",,"197","197","646.5","3.28",,"242","242","179","0.923","1","0","1","23","47,204","1.08","47,204","1.08","6,149","1,268,931","13.03%","224","$6,622,549","$9,907","$302","COLUMBIA ST","DELANCEY ST","E HOUSTON ST","FDR DRIVE","MANHATTAN","3","7","26","74","02","4/30/1977",,"EXCLUSIVELY",,
"1/1/2019","BAY VIEW","NY005020920","092","092","670","670","NY005368","MIXED FINANCE/LLC1","CONVENTIONAL","NEW CONST","340","1,609","1,610","7,310.5","4.54","871","2,635","3,506","620","0.388","23","2","26","8","1,481,844","34.02","1,459,244","33.50","228,305","14,262,296","15.41%","103","$19,575,470","$2,676","$529","SEAVIEW AVE","E 102ND ST","ROCKAWAY PKWY","SHORE PKWY","BROOKLYN","18","8","19","59","46","6/7/1956",,,,
"1/1/2019","BEACH 41ST STREET-BEACH CHANNEL DRIVE","NY005001650","165","165","282","282","NY005086","FEDERAL","CONVENTIONAL","NEW CONST",,"712","712","3,106.0","4.36",,"1,622","1,622","233","0.335","4","1","7","13","580,000","13.31","580,000","13.31","66,756","6,385,727","11.51%","122","$24,811,000","$7,988","$470","B 38TH ST","B 41ST ST","NORTON AVE","B CHANNEL DR","QUEENS","14","5","10","31","31","11/30/1973",,,,
"1/1/2019","BEDFORD-STUYVESANT REHAB","NY005010730","311","073","266","538","NY005255","FEDERAL","TURNKEY","REHAB",,"84","85","381.0","4.54",,"180","180","29","0.349","3","0","5","4-6","26,000","0.60","26,000","0.60","18,283","856,611","70.32%","300","$5,219,763","$13,316","$579","THROOP AVE","VERNON AVE","MARCUS GARVEY BLVD","HART ST","BROOKLYN","3","8","18","54","36","5/31/1983",,,"YES",
"1/1/2019","BELMONT-SUTTER AREA","NY005010460","345","046","761","761","NY005282","FEDERAL","TURNKEY","NEW CONST",,"72","72","336.0","4.67",,"189","189","21","0.292","3","0","8","3","80,000","1.84","80,000","1.84","24,395","889,912","30.49%","103","$5,373,534","$15,993","$577","BELMONT AVE","JEROME ST","SUTTER AVE","BARBEY ST","BROOKLYN","5","8","19","60","42","2/28/1986",,,"YES",
"1/1/2019","BERRY","NY005000520","052","052","587","587","NY005271B","FEDERAL","CONVENTIONAL","NEW CONST",,"506","506","2,129.0","4.21",,"944","944","220","0.439","8","1","17","6","604,913","13.89","511,178","11.74","77,152","4,520,277","12.75%","68","$5,929,376","$2,785","$511","RICHMOND RD","DONGAN HILLS AVE","SEAVER AVE","JEFFERSON ST","STATEN ISLAND","2","11","24","63","50","10/27/1950","1980/10/01-ATP 7",,,
"1/1/2019","BERRY STREET-SOUTH 9TH STREET","NY005011310","357","131","777","777","NY005288","FEDERAL","TURNKEY","NEW CONST",,"150","150","711.0","4.74",,"370","370","44","0.299","4","0","15","3-6","129,228","2.97","129,228","2.97","39,559","1,341,343","30.61%","125","$17,062,418","$23,999","$627","SOUTH 9TH ST","BEDFORD & DIVISION AVES","SOUTH 11TH ST","WYTHE AVE","BROOKLYN","1","7","18","50","33","9/30/1995",,,"YES",
"1/1/2019","BETHUNE GARDENS","NY005010030","160","003","271","271","NY005070","FEDERAL","CONVENTIONAL","NEW CONST (ELD)",,"210","210","735.0","3.50",,"260","260","185","0.885","1","0","1","22","63,546","1.46","63,546","1.46","7,751","1,393,115","12.20%","178","$3,785,397","$5,007","$337","W 156TH ST","SAINT NICHOLAS AVE","AMSTERDAM AVE",,"MANHATTAN","12","13","30","71","07","3/31/1967",,"EXCLUSIVELY",,
"1/1/2019","BLAND","NY005011860","054","186","519","519","NY005213K","FEDERAL","CONVENTIONAL","NEW CONST",,"399","400","1,850.5","4.64",,"863","863","167","0.423","5","0","5","10","269,800","6.19","245,785","5.64","43,237","3,668,503","16.03%","139","$5,925,000","$3,205","$585","ROOSEVELT AVE","PRINCE ST","COLLEGE POINT BLVD","LIRR","QUEENS","7","6","11","40","20","5/8/1952","1977/07/01-ATP 1",,,
"1/1/2019","BORINQUEN PLAZA I","NY005012430","243","243","353","353","NY005175","FEDERAL","TURNKEY","NEW CONST",,"509","509","2,359.5","4.64",,"1,123","1,123","270","0.539","8","2","10","7","250,875","5.76","250,875","5.76","96,902","4,544,080","38.63%","195","$15,625,047","$6,556","$539","MANHATTAN AVE","BOERUM ST","BUSHWICK AVE","VARET ST","BROOKLYN","1","7","18","53","34","2/28/1975",,"PARTIALLY",,
"1/1/2019","BORINQUEN PLAZA II","NY005012430","271","243","390","353","NY005195","FEDERAL","TURNKEY","NEW CONST",,"425","425","2,265.5","5.33",,"1,123","1,123","149","0.351","7","0","7","7","184,000","4.22","184,000","4.22","61,115","4,223,000","33.21%","266","$16,411,918","$7,244","$612","BOERUM ST","HUMBOLDT ST","SEIGEL ST","BUSHWICK AVE","BROOKLYN","1","7","18","53","34","12/31/1975",,,,
"1/1/2019","BOSTON ROAD PLAZA","NY005010390","189","039","304","304","NY005095","FEDERAL","CONVENTIONAL","NEW CONST (ELD)",,"232","235","814.0","3.51",,"276","276","207","0.892","1","1","2","20","84,416","1.94","84,416","1.94","15,045","1,589,318","17.82%","142","$7,125,145","$8,452","$368","MACE AVE","HOLLAND AVE","WARING AVE","BOSTON RD","BRONX","11","14","34","80","13","8/31/1972",,"EXCLUSIVELY",,
"1/1/2019","BOSTON SECOR","NY005011380","138","138","254","254","NY005060","FEDERAL","CONVENTIONAL","NEW CONST",,"538","538","2,487.0","4.62",,"1,322","1,322","184","0.346","4","2","5","13-14-17-18","612,889","14.07","612,889","14.07","36,181","4,849,474","5.90%","94","$11,894,964","$4,778","$566","IRT-DYRE AVE LINE","BOSTON RD","STEENWICK AVE",,"BRONX","12","16","36","83","12","4/30/1969",,,,
"1/1/2019","BOULEVARD","NY005020460","046","046","637","637","NY005369","MIXED FINANCE/LLC2","CONVENTIONAL","NEW CONST","438","1,424","1,441","5,992.0","4.21","846","1,850","2,696","581","0.416","18","0","30","6-14","1,127,650","25.89","1,127,650","25.89","170,051","12,141,094","15.08%","104","$13,645,438","$2,247","$518","LINDEN BLVD","ASHFORD ST","WORTMAN AVE","SCHENCK AVE","BROOKLYN","5","8","19","60","42","3/22/1951",,,,
"1/1/2019","BOYNTON AVENUE REHAB","NY005010320","346","032","767","533","NY005249","FEDERAL","TURNKEY","REHAB",,"82","82","367.0","4.48",,"182","182","29","0.358","3","0","3","4-6","30,000","0.69","30,000","0.69","16,455","999,600","54.85%","264","$4,943,129","$13,396","$476","WATSON AVE","WARD AVE","BRUCKNER BLVD","ELDER AVE","BRONX","9","15","32","85","18","8/22/1985",,,"YES",
"1/1/2019","BRACETTI PLAZA","NY005012920","264","337","379","370","NY005185","FEDERAL","TURNKEY","NEW CONST",,"108","108","538.0","4.98",,"257","257","47","0.439","1","0","2","7","44,353","1.02","44,353","1.02","18,790","1,216,072","42.36%","252","$4,364,419","$8,008","$596","E 3RD ST","AVENUE C","E 4TH ST","AVENUE B","MANHATTAN","3","12","26","74","02","5/31/1974",,,,
"1/1/2019","BREUKELEN","NY005000560","056","056","212","212","NY005011","FEDERAL","CONVENTIONAL","NEW CONST",,"1,592","1,595","7,460.0","4.69",,"3,476","3,476","539","0.343","30","2","97","3-7","2,830,416","64.98","2,141,741","49.17","360,423","14,297,000","12.73%","53","$18,410,273","$2,464","$544","STANLEY AVE","FLATLANDS AVE","E 103RD ST","WILLIAMS AVE","BROOKLYN","18","8","19","58, 60","42","11/6/1952",,,,
"1/1/2019","BREVOORT","NY005000650","065","065","213","213","NY005017","FEDERAL","CONVENTIONAL","NEW CONST",,"894","896","4,187.0","4.68",,"1,918","1,918","330","0.371","13","1","27","7","751,896","17.26","687,188","15.78","121,363","7,735,916","16.14%","111","$11,831,887","$2,849","$571","BAINBRIDGE ST","RALPH AVE","FULTON ST","PATCHEN AVE","BROOKLYN","3","8","25","55","41","8/10/1955",,,,
"1/1/2019","BRONX RIVER","NY005010320","032","032","533","533","NY005220D","FEDERAL","CONVENTIONAL","NEW CONST",,"1,245","1,246","5,942.5","4.77",,"2,998","2,998","464","0.375","9","1","10","14","607,297","13.94","563,737","12.94","84,235","10,772,413","13.87%","215","$12,719,000","$2,131","$512","BRONX RIVER AVE","HARROD AVE","E 174TH ST",,"BRONX","9","15","32","85","18","2/28/1951","1978/07/01-ATP 3",,,
"1/1/2019","BRONX RIVER ADDITION","NY005010320","157","032","533","533","NY005220D","FEDERAL","CONVENTIONAL","NEW CONST (ELD)",,"226","226","640.0","2.83",,"241","241","206","0.928","2","0","2","6-14","62,500","1.43","62,500","1.43","12,286","1,529,115","19.66%","169","$3,928,000","$6,128","$290","E 172ND ST","E 174TH ST","MANOR AVE","HARROD AVE","BRONX","9","15","32","85","18","2/28/1966","1978/07/01-ATP 3","EXCLUSIVELY",,
"1/1/2019","BROWN","NY005012520","325","252","336","336","NY005277","FEDERAL","TURNKEY","NEW CONST (ELD)",,"200","200","700.0","3.50",,"220","220","179","0.904","2","0","2","6","99,460","2.28","99,460","2.28","29,354","1,493,904","29.51%","96","$13,425,060","$19,179","$368","EASTERN PKWY","PROSPECT PL","HOPKINSON AVE","SAINT MARKS AVE","BROOKLYN","16","8","20","55","41","7/23/1985",,"EXCLUSIVELY","YES",
"1/1/2019","BROWNSVILLE","NY005000160","016","016","512","512","NY005213D","FEDERAL","CONVENTIONAL","NEW CONST",,"1,336","1,338","6,279.0","4.70",,"3,166","3,166","416","0.316","27","0","46","6-7","819,997","18.82","732,841","16.82","188,564","10,371,638","23.00%","168","$12,898,000","$2,054","$520","SUTTER AVE","DUMONT AVE","MOTHER GASTON BLVD","ROCKAWAY AVE","BROOKLYN","16","9","20","55","41","4/16/1948","1977/07/01-ATP 1",,,
"1/1/2019","BRYANT AVENUE-EAST 174TH STREET","NY005015300","235","530","352","748","NY005145","FEDERAL","TURNKEY","NEW CONST",,"72","72","284.0","3.94",,"135","135","33","0.465","1","0","1","6","22,500","0.52","22,500","0.52","9,879","672,864","43.91%","260","$2,132,334","$7,315","$519","E 174TH ST","BRYANT AVE","E 173RD ST","VYSE AVE","BRONX","3","15","32","79","17","8/31/1972",,,,"YES"
"1/1/2019","BUSHWICK","NY005020860","086","086","430","430","NY005370","MIXED FINANCE/LLC1","CONVENTIONAL","NEW CONST","209","1,219","1,220","5,669.5","4.65","555","2,288","2,843","499","0.413","8","0","8","13-20","697,736","16.02","639,260","14.68","78,768","11,288,105","11.29%","177","$20,346,000","$3,599","$541","HUMBOLDT ST","MOORE ST","BUSHWICK AVE","FLUSHING AVE","BROOKLYN","1","7","18","53","34","4/1/1960",,,,
"1/1/2019","BUSHWICK II (GROUPS A & C)","NY005012470","302","247","565","546","NY005222","FEDERAL","TURNKEY","NEW CONST",,"299","300","1,446.5","4.84",,"716","716","125","0.418","25","0","25","3","402,930","9.25","402,930","9.25","102,600","3,200,584","25.46%","77","$20,840,392","$14,235","$607","CENTRAL AVE","HARMAN AVE","GREEN AVE","HALSEY ST","BROOKLYN","4","7, 8","18","53, 54","34, 37","7/19/1984",,,"YES",
"1/1/2019","BUSHWICK II (GROUPS B & D)","NY005012470","303","247","566","546","NY005240","FEDERAL","TURNKEY","NEW CONST",,"300","300","1,450.0","4.83",,"702","702","121","0.405","25","1","27","3","440,392","10.11","440,392","10.11","102,600","3,200,584","23.30%","69","$19,608,177","$13,339","$584","GATES AVE","WILSON AVE","MADISON AVE","EVERGREEN AVE","BROOKLYN","4","7","18","53, 54","34, 37","7/5/1984",,,"YES",
"1/1/2019","BUSHWICK II CDA (GROUP E)","NY005012470","324","247","758","546","NY005263","FEDERAL","TURNKEY","NEW CONST",,"276","276","1,212.0","4.39",,"555","555","153","0.558","5","0","37","3","300,000","6.89","300,000","6.89","84,230","2,198,403","28.08%","81","$20,078,888","$16,539","$543","KNICKERBOCKER AVE","WILSON AVE","GATES AVE","MENAHAN ST","BROOKLYN","4","7","18","53","37","12/10/1986",,,"YES",
"1/1/2019","BUTLER","NY005001130","113","113","435","435","NY005362","FEDERAL","CONVENTIONAL","NEW CONST",,"1,476","1,492","7,217.0","4.89",,"4,297","4,297","446","0.304","6","1","7","21","558,096","12.81","558,096","12.81","88,255","13,527,100","15.81%","335","$29,633,000","$4,068","$507","E 169TH ST","E 171ST ST","WEBSTER AVE","PARK AVE","BRONX","3","15","33","79","16","12/31/1964","1995/07/13-PTA",,,
"1/1/2019","CAMPOS PLAZA II","NY005012570","286","337","593","593","NY005264","FEDERAL","CONVENTIONAL","NEW CONST",,"224","224","1,088.0","4.86",,"508","508","105","0.469","2","0","3","9-17","93,155","2.14","93,155","2.14","29,149","2,470,285","31.29%","237","$17,601,547","$16,193","$627","AVENUE B","E 14TH ST","AVENUE C","E 13TH ST","MANHATTAN","3","12","27","74","02","4/30/1983",,,"YES",
"1/1/2019","CAREY GARDENS","NY005011660","166","166","288","288","NY005088","FEDERAL","CONVENTIONAL","NEW CONST",,"682","683","3,095.0","4.54",,"1,632","1,632","284","0.419","3","2","5","15-17","364,406","8.37","364,406","8.37","58,078","6,234,149","15.94%","195","$16,996,504","$5,476","$486","W 24TH ST","NEPTUNE AVE","W 22ND ST","SURF AVE","BROOKLYN","13","8","23","46","47","11/30/1970",,,,
"1/1/2019","CARLETON MANOR","NY005010750","164","075","270","226","NY005073","FEDERAL","CONVENTIONAL","NEW CONST",,"169","174","728.5","4.31",,"357","357","53","0.315","1","0","1","11","145,011","3.33","145,011","3.33","14,051","1,386,194","9.69%","107","$3,373,126","$4,498","$506","ROCKAWAY FRWY","BEACH CHANNEL DR",,,"QUEENS","14","5","10","31","31","3/31/1967",,,,
"1/1/2019","CARVER","NY005000580","058","058","534","534","NY005220E","FEDERAL","CONVENTIONAL","NEW CONST",,"1,244","1,246","5,761.0","4.63",,"2,586","2,586","502","0.41","13","0","13","6-15","637,132","14.63","594,887","13.66","97,568","10,275,141","15.31%","177","$24,155,000","$4,145","$590","E 99TH ST","PARK AVE","MADISON AVE","E 106TH ST","MANHATTAN","11","13","30","68","08","2/14/1958","1978/07/01-ATP 3",,,
"1/1/2019","CASSIDY-LAFAYETTE","NY005011170","206","117","319","241","NY005122","FEDERAL","TURNKEY","NEW CONST (ELD)",,"378","380","1,248.0","3.30",,"439","439","323","0.878","4","1","5","6","224,294","5.15","224,294","5.15","54,589","2,858,593","24.34%","85","$6,866,904","$5,315","$323","CASSIDY PL","FILLMORE ST","LAFAYETTE AVE","CLINTON AVE","STATEN ISLAND","1","11","23","61","49","9/30/1971",,"EXCLUSIVELY",,
"1/1/2019","CASTLE HILL","NY005020800","080","080","431","431","NY005371","MIXED FINANCE/LLC1","CONVENTIONAL","NEW CONST","406","2,022","2,025","9,759.0","4.83","1151","3,729","4,880","796","0.401","14","0","14","12-20","1,801,346","41.35","1,757,585","40.35","176,917","19,247,987","9.82%","118","$28,454,000","$2,915","$485","OLMSTEAD AVE","HAVEMEYER AVE","LACOMBE AVE","CINCINNATUS AVE","BRONX","9","15","32","87","18","12/15/1960",,,,
"1/1/2019","CHELSEA","NY005021340","134","134","446","446","NY005372","MIXED FINANCE/LLC1","CONVENTIONAL","NEW CONST","68","425","425","1,914.5","4.50","177","733","910","181","0.43","2","0","4","21","74,488","1.71","74,488","1.71","18,557","3,689,065","24.91%","532","$8,776,000","$4,584","$583","W 25TH ST","W 26TH ST","NINTH AVE",,"MANHATTAN","4","10","27","75","03","5/31/1964",,,,
"1/1/2019","CHELSEA ADDITION","NY005011340","176","134","451","451","NY005361","FEDERAL","CONVENTIONAL","NEW CONST (ELD)",,"96","96","336.0","3.50",,"114","114","88","0.926","1","0","1","14","44,921","1.03","44,921","1.03","14,475","1,021,739","32.22%","111","$2,402,000","$7,149","$337","CHELSEA PARK","W 26TH ST","TENTH AVE",,"MANHATTAN","4","10","31","75","03","4/30/1968","1995/07/13-PTA","EXCLUSIVELY",,
"1/1/2019","CLAREMONT PARKWAY-FRANKLIN AVENUE","NY005013420","334","342","779","753","NY005253","FEDERAL","TURNKEY","NEW CONST",,"187","188","729.5","3.90",,"279","279","130","0.707","3","0","13","3-7","134,390","3.09","134,390","3.09","35,258","1,584,850","26.24%","90","$12,645,913","$17,252","$403","CLAREMONT PKWY","FULTON AVE","E 171ST ST","THIRD AVE","BRONX","3","15","33","79","16","12/16/1986",,"PARTIALLY","YES",
"1/1/2019","CLAREMONT REHAB (GROUP 2)","NY005013080","307","308","330","750","NY005246","FEDERAL","TURNKEY","REHAB",,"106","107","455.0","4.29",,"251","251","35","0.337","6","0","6","5-6","31,874","0.73","31,874","0.73","21,948","3,488,634","68.86%","344","$11,430,362","$24,822","$457","CLAY AVE","E 169TH ST","WEBSTER AVE","E 166TH ST","BRONX","4","15","32","77","16","12/31/1987",,,"YES",
"1/1/2019","CLAREMONT REHAB (GROUP 3)","NY005013080","308","308","750","750","NY005223","FEDERAL","TURNKEY","REHAB",,"107","115","470.5","4.40",,"263","263","27","0.252","5","0","5","5","35,423","0.81","35,423","0.81","21,985","1,538,950","62.06%","325","$7,234,594","$14,061","$495","E 167TH ST","TELLER AVE","E 165TH ST","FINDLAY AVE","BRONX","4","15","32","77","16","2/28/1985",,,"YES",
"1/1/2019","CLAREMONT REHAB (GROUP 4)","NY005013080","335","308","751","750","NY005273","FEDERAL","TURNKEY","REHAB",,"147","150","647.5","4.40",,"342","342","50","0.34","9","0","9","4-5","45,636","1.05","45,636","1.05","29,519","2,656,710","64.68%","326","$10,283,674","$15,605","$464","E 169TH ST","CLAY AVE","E 165TH ST","FINDLAY AVE","BRONX","4","15","32","77","16","10/23/1986",,,"YES",
"1/1/2019","CLAREMONT REHAB (GROUP 5)","NY005013080","336","308","752","750","NY005274","FEDERAL","TURNKEY","REHAB",,"129","135","560.5","4.34",,"304","304","40","0.31","3","0","3","5","53,898","1.24","53,898","1.24","28,605","2,927,721","53.07%","245","$8,551,169","$14,555","$506","COLLEGE AVE","E 167TH ST","FINDLAY AVE","E 166TH ST","BRONX","4","15","32","77","16","11/30/1985",,,"YES",
"1/1/2019","CLASON POINT GARDENS","NY005012800","011","280","208","506","NY005007","FEDERAL","CONVENTIONAL","NEW CONST",,"401","401","1,893.5","4.72",,"861","861","173","0.438","46","0","192","2","742,013","17.03","742,013","17.03","154,304","3,388,939","20.80%","51","$2,067,000","$1,116","$612","STORY AVE","SEWARD AVE","NOBLE AVE","METCALF AVE","BRONX","9","15","34","85","18","12/20/1941",,,,
"1/1/2019","CLINTON","NY005001230","123","123","245","245","NY005045","FEDERAL","CONVENTIONAL","NEW CONST",,"748","749","3,523.0","4.71",,"1,720","1,720","330","0.45","6","2","8","9-18","243,770","5.60","232,673","5.34","51,879","6,740,935","21.28%","307","$16,774,779","$4,756","$529","PARK & LEX AVES","E 104TH,106TH STS","E 108TH ST","E 110TH ST","MANHATTAN","11","13","30","68","08","10/31/1965",,,,
"1/1/2019","COLLEGE AVENUE-EAST 165TH STREET","NY005013080","236","308","351","344","NY005148","FEDERAL","TURNKEY","NEW CONST (ELD)",,"95","95","307.5","3.24",,"102","102","84","0.894","1","0","1","6","22,146","0.51","22,146","0.51","10,022","784,399","45.25%","200","$2,518,156","$7,869","$288","E 166TH ST","FINDLAY AVE","E 165TH ST","COLLEGE AVE","BRONX","4","15","32","77","16","7/31/1972",,"EXCLUSIVELY",,
"1/1/2019","CONEY ISLAND","NY005011700","094","170","671","671","NY005363","FEDERAL","CONVENTIONAL","NEW CONST",,"530","534","2,426.0","4.58",,"1,121","1,121","211","0.401","5","0","5","14","298,874","6.86","239,429","5.50","38,119","4,912,800","12.75%","163","$7,728,534","$3,165","$599","SURF AVE","W 32ND ST","RIEGELMANN BRDWK","W 29TH ST","BROOKLYN","13","8","23","46","47","2/25/1957","1995/07/13-PTA",,,
"1/1/2019","CONEY ISLAND I (SITE 1B)","NY005011660","239","166","335","288","NY005161","FEDERAL","TURNKEY","NEW CONST",,"192","193","952.0","4.96",,"512","512","73","0.382","1","0","1","18","93,061","2.14","93,061","2.14","14,078","1,876,990","15.13%","239","$7,531,412","$7,829","$552","W 20TH ST","W 21ST ST","SURF AVE","MERMAID AVE","BROOKLYN","13","8","23","46","47","5/31/1973",,,,
"1/1/2019","CONEY ISLAND I (SITE 8)","NY005011720","238","172","334","334","NY005157","FEDERAL","TURNKEY","NEW CONST",,"124","125","626.0","5.05",,"361","361","37","0.306","1","0","2","14","61,483","1.41","61,483","1.41","11,970","1,187,936","19.47%","256","$5,853,893","$9,255","$559","W 35TH ST","W 36TH ST","SURF AVE","MERMAID AVE","BROOKLYN","13","8","23","46","47","12/31/1973",,,,
"1/1/2019","CONEY ISLAND I (SITES 4 & 5)","NY005011700","216","170","328","278","NY005123","FEDERAL","TURNKEY","NEW CONST",,"376","376","1,879.0","5.00",,"1,029","1,029","103","0.279","1","1","6","17","187,318","4.30","187,318","4.30","38,750","4,017,326","20.69%","239","$16,603,000","$8,808","$595","MERMAID AVE","W 25TH ST","SURF AVE","W 28TH ST","BROOKLYN","13","8","23","46","47","7/31/1974",,,,
"1/1/2019","CONLON LIHFE TOWER","NY005010910","232","091","347","240","NY005137","FEDERAL","TURNKEY","NEW CONST (ELD)",,"214","216","701.0","3.28",,"240","240","192","0.91","1","0","1","13","51,873","1.19","51,873","1.19","11,294","1,325,412","21.77%","202","$5,835,896","$7,973","$352","170TH ST","172ND ST","JAMAICA AVE","93RD AVE","QUEENS","12","5","14","29","27","3/31/1973",,"EXCLUSIVELY",,
"1/1/2019","COOPER PARK","NY005000690","069","069","223","223","NY005023","FEDERAL","CONVENTIONAL","NEW CONST",,"700","700","3,281.0","4.69",,"1,554","1,554","301","0.434","11","0","13","7","528,967","12.14","496,296","11.39","86,767","5,878,957","16.40%","128","$7,702,277","$2,346","$541","FROST ST","MORGAN AVE","KINGSLAND AVE","MASPETH AVE","BROOKLYN","1","12","18","50","34","6/25/1953",,,,
"1/1/2019","CORSI HOUSES","NY005010640","199","064","359","219","NY005149","FEDERAL","CONVENTIONAL","NEW CONST (ELD)",,"171","171","512.5","3.00",,"186","186","144","0.867","1","0","1","16","32,004","0.73","32,004","0.73","20,446","1,361,650","63.89%","255","$6,600,521","$11,882","$303","E 116TH ST","E 117TH ST","FIRST AVE","SECOND AVE","MANHATTAN","11","13","29","68","08","11/30/1973",,"EXCLUSIVELY",,
"1/1/2019","CROWN HEIGHTS","NY005013510","312","351","331","765","NY005258","FEDERAL","TURNKEY","REHAB",,"121","121","527.5","4.36",,"241","241","33","0.275","8","0","8","4","51,255","1.18","51,255","1.18","31,650","1,139,400","61.75%","204","$7,974,650","$15,118","$625","BUFFALO AVE","BERGEN ST","RALPH AVE","SAINT JOHNS PL","BROOKLYN","8","8, 9","20, 25","55, 56","41","9/4/1986",,,"YES",
"1/1/2019","CYPRESS HILLS","NY005010700","070","070","536","536","NY005220G","FEDERAL","CONVENTIONAL","NEW CONST",,"1,439","1,444","6,588.5","4.58",,"3,250","3,250","519","0.364","15","0","30","7","1,264,130","29.02","1,264,130","29.02","223,364","12,338,237","17.67%","112","$14,773,000","$2,247","$517","SUTTER AVE","EUCLID AVE","LINDEN BLVD","FOUNTAIN AVE","BROOKLYN","5","8","18, 19","60","42","5/25/1955","1978/07/01-ATP 3",,,
"1/1/2019","DAVIDSON","NY005013420","190","342","301","301","NY005096A","FEDERAL","CONVENTIONAL","NEW CONST",,"175","175","841.5","4.81",,"479","479","69","0.394","1","0","2","8","82,967","1.90","82,967","1.90","24,796","1,647,000","29.89%","252","$8,704,709","$10,259","$544","PROSPECT AVE","HOME ST","167TH ST","UNION AVE","BRONX","3","15","32","79","17","8/31/1973",,"PARTIALLY",,
"1/1/2019","DE HOSTOS APARTMENTS","NY005011270","155","127","265","259","NY005066","FEDERAL","CONVENTIONAL","NEW CONST",,"219","223","953.5","4.35",,"453","453","87","0.407","1","0","1","22","32,690","0.75","32,690","0.75","10,319","1,794,597","31.57%","604","$4,044,899","$4,130","$532","AMSTERDAM AVE","W 93RD ST","BROADWAY","W 94TH ST","MANHATTAN","7","10","30","69","06","3/28/1969",,,,
"1/1/2019","DOUGLASS",,"082, 582","082","569","569","NY005244B","FEDERAL","CONVENTIONAL","NEW CONST",,"2,054","2,058","9,269","4.51",,"4,240","4,240","850","0.416","17","0","17","5-9-12-17-18-20","947,991","21.76","863,250","19.82","138,552","17,567,741","14.62%","195","$37,441,000","$4,062","$564","W 104TH ST","MANHATTAN AVE","W 100TH ST","AMSTERDAM AVE","MANHATTAN","7","13","30","69","07","9/25/1958","1979/08/01-ATP 4",,,
"1/1/2019","DOUGLASS ADDITION","NY005010820","148","082","569","569","NY005244B","FEDERAL","CONVENTIONAL","NEW CONST",,"135","135","667.5","4.94",,"337","337","50","0.37","1","0","1","16","23,957","0.55","23,957","0.55","8,884","1,289,500","37.08%","613","$3,783,000","$5,667","$600","W 102ND ST","W 103RD ST","AMSTERDAM AVE",,"MANHATTAN","7","10","30","69","07","6/30/1965","1979/08/01-ATP 4",,,
"1/1/2019","DOUGLASS I","NY005010820","082","082","569","569","NY005244B","FEDERAL","CONVENTIONAL","NEW CONST",,"1,302","1,305","5,806.0","4.46",,"2,651","2,651","543","0.42","11","0","11","5-9-12-17-20","533,018","12.24","533,018","12.24","94,508","10,999,163","17.73%","217","$22,701,754","$3,933","$549","W 104TH ST","MANHATTAN AVE","W 100TH ST","COLUMBUS AVE","MANHATTAN","7","13","30","69","07","9/25/1958","1979/08/01-ATP 4",,,
"1/1/2019","DOUGLASS II","NY005010820","582","082","569","569","NY005244B","FEDERAL","CONVENTIONAL","NEW CONST",,"752","753","3,463.0","4.61",,"1,589","1,589","307","0.41","6","0","6","9-12-17-18-20","414,973","9.53","330,232","7.58","44,044","6,568,578","10.61%","167","$14,739,246","$4,277","$589","W 104TH ST","COLUMBUS AVE","W 100TH ST","AMSTERDAM AVE","MANHATTAN","7","13","30","69","07","9/25/1958","1979/08/01-ATP 4",,,
"1/1/2019","DREW-HAMILTON","NY005021110","111","111","434","434","NY005373","MIXED FINANCE/LLC1","CONVENTIONAL","NEW CONST","278","1,211","1,217","5,344.5","4.41","631","2,169","2,800","474","0.4","5","0","5","21","312,188","7.17","292,159","6.71","74,433","9,889,060","23.84%","391","$25,146,000","$4,687","$482","W 141ST ST","W 144TH ST","POWELL BLVD","DOUGLASS BLVD","MANHATTAN","10","13","30","70","09","9/30/1965",,,,
"1/1/2019","DYCKMAN","NY005000410","041","041","373","373","NY005183A","FEDERAL","CONVENTIONAL","NEW CONST",,"1,167","1,167","5,054.5","4.33",,"2,270","2,270","532","0.459","7","1","8","14","613,884","14.09","570,318","13.09","80,457","9,780,114","13.11%","161","$14,202,915","$2,812","$543","DYCKMAN ST","NAGLE AVE","W 204TH ST","TENTH AVE","MANHATTAN","12","13","31","72","10","4/25/1951","1972/06/29-FED TRAN",,,
"1/1/2019","EAGLE AVENUE-EAST 163RD STREET","NY005000590","224","059","343","236","NY005165","FEDERAL","TURNKEY","NEW CONST",,"65","66","273.5","4.21",,"125","125","23","0.354","1","0","1","6","28,125","0.65","28,125","0.65","9,828","598,000","34.94%","192","$1,710,901","$6,078","$472","EAGLE AVE","E 163RD ST","THIRD AVE","E 161ST ST","BRONX","3","15","32","79","17","5/31/1971",,,,
"1/1/2019","EAST 152ND STREET-COURTLANDT AVENUE","NY005010280","237","028","360","360","NY005154","FEDERAL","TURNKEY","NEW CONST",,"221","221","913.5","4.13",,"382","382","144","0.652","2","0","2","11-14","63,175","1.45","63,175","1.45","21,301","1,801,668","33.72%","263","$7,717,944","$8,330","$423","E 151ST ST","E 153RD ST","COURTLANDT AVE","MELROSE AVE","BRONX","1","15","32","84","17","8/31/1973",,"PARTIALLY",,
"1/1/2019","EAST 165TH STREET-BRYANT AVENUE","NY005015300","304","530","552","748","NY005226","FEDERAL","TURNKEY","NEW CONST",,"111","111","588.5","5.30",,"362","362","21","0.191","5","0","19","3","137,566","3.16","137,566","3.16","41,134","1,286,795","29.90%","115","$8,178,643","$13,874","$729","WESTCHESTER AVE","LONGFELLOW AVE","ALDUS ST","HOE AVE","BRONX","2","15","32","85","17","10/31/1987",,,"YES","YES"
"1/1/2019","EAST 173RD STREET-VYSE AVENUE","NY005015300","338","530","778","748","NY005252","FEDERAL","TURNKEY","NEW CONST",,"168","168","758.0","4.51",,"403","403","52","0.313","7","0","28","3","196,060","4.50","196,060","4.50","59,524","1,547,624","28.46%","90","$12,629,936","$16,684","$562","SOUTHERN BLVD","E 173RD ST","VYSE AVE","JENNINGS ST","BRONX","3","15","32","79","17","10/31/1987",,,"YES","YES"
"1/1/2019","EAST 180TH STREET-MONTEREY AVENUE","NY005012270","208","180","323","363","NY005124","FEDERAL","CONVENTIONAL","NEW CONST",,"239","239","1,052.5","4.40",,"531","531","88","0.373","1","1","3","10","78,743","1.81","78,743","1.81","30,800","2,072,776","39.11%","293","$8,727,000","$8,221","$531","E 180TH ST","E 181ST ST","LAFONTAINE AVE","QUARRY RD","BRONX","6","15","33","86","15","9/30/1973",,,,
"1/1/2019","EAST NEW YORK CITY LINE","NY005010700","263","070","378","378","NY005171","FEDERAL","TURNKEY","NEW CONST",,"66","66","409.0","6.20",,"258","258","19","0.292","33","0","33","3","84,400","1.94","84,400","1.94","26,943","719,300","31.92%","133","$2,774,644","$6,784","$633","FOUNTAIN AVE","HEGEMAN AVE","LOGAN ST",,"BROOKLYN","5","8","19","60","42","3/31/1976",,,,
"1/1/2019","EAST RIVER","NY005010090","009","009","207","207","NY005005","FEDERAL","CONVENTIONAL","NEW CONST",,"1,156","1,170","4,846.0","4.19",,"2,284","2,284","470","0.417","10","1","30","6-10-11","512,822","11.77","466,607","10.71","112,140","7,963,515","21.87%","194","$5,304,700","$1,086","$466","FIRST AVE","FDR DRIVE","E 102ND ST","E 105TH ST","MANHATTAN","11","13","30","68","08","5/20/1941",,,,
"1/1/2019","EASTCHESTER GARDENS","NY005010340","034","034","313","313","NY005114A","FEDERAL","CONVENTIONAL","NEW CONST",,"877","877","4,249.5","4.85",,"2,051","2,051","323","0.371","10","0","15","7-8","653,856","15.01","607,396","13.94","115,918","7,891,470","17.73%","137","$9,514,000","$2,244","$551","BURKE AVE","BOUCK AVE","ADEE AVE","YATES AVE","BRONX","11","16","36","83","12","6/1/1950","1968/08/29-FED TRAN",,,
"1/1/2019","EDENWALD","NY005000570","057","057","214","214","NY005019","FEDERAL","CONVENTIONAL","NEW CONST",,"2,035","2,039","9,675.5","4.75",,"4,852","4,852","596","0.297","40","2","71","3-14","2,129,275","48.88","2,023,005","46.44","344,433","17,847,449","16.18%","99","$22,862,156","$2,359","$564","GRENADA PL","BAYCHESTER AVE","E 225TH ST","LACONIA AVE","BRONX","12","16","36","83","12","10/30/1953",,,,
"1/1/2019","ELLIOTT","NY005011340","015","134","367","367","NY005181C","FEDERAL","CONVENTIONAL","NEW CONST",,"606","608","2,843.0","4.69",,"1,355","1,355","223","0.383","4","0","8","11-12","204,530","4.70","204,530","4.70","45,023","4,301,454","22.01%","288","$5,042,342","$1,808","$577","W 25TH ST","CHELSEA PARK","NINTH AVE","TENTH AVE","MANHATTAN","4","10","27, 31","75","03","7/15/1947","1972/06/29-FED TRAN",,,
"1/1/2019","FARRAGUT","NY005000290","029","029","532","532","NY005220C","FEDERAL","CONVENTIONAL","NEW CONST",,"1,389","1,390","6,512.5","4.69",,"3,185","3,185","537","0.388","10","0","10","14","723,570","16.61","723,570","16.61","100,746","11,639,930","13.92%","192","$15,187,000","$2,324","$532","YORK ST","NASSAU ST","NAVY ST","BRIDGE ST","BROOKLYN","2","8","25","57","35","5/7/1952","1978/07/01-ATP 3",,,
"1/1/2019","FENIMORE-LEFFERTS","NY005011670","205","167","322","283","NY005129","FEDERAL","TURNKEY","NEW CONST",,"36","36","180.0","5.00",,"98","98","12","0.333","18","0","18","2","33,705","0.77","33,705","0.77","20,339","564,300","60.34%","127","$633,673","$3,520","$741","FENIMORE ST","TROY AVE","LEFFERTS AVE","NOSTRAND AVE","BROOKLYN","9","9","20","43","40, 41","9/30/1969",,,"YES",
"1/1/2019","FHA REPOSSESSED HOUSES (GROUP I)","NY005012090","209","91","324","324","NY005140","FEDERAL","CONVENTIONAL","REHAB",,"21","29","111.5","5.31",,,"35",,,"26",,,"1-2","109,109","2.50","109,109","2.50",,,,"14","$815,005","$6.56","$812","26 QUEENS",,,,,,,,,,"10/31/1969",,,,
"1/1/2019","FHA REPOSSESSED HOUSES (GROUP II)","NY005012090","212","91","327","324","NY005155","FEDERAL","CONVENTIONAL","REHAB",,"10","14","54.0","5.40",,,"25",,,"12",,,"1-2-3","71,102","1.63","71,102","1.63",,,,"15","$594,100","$6.93","$920","11 QUEENS","1 BRONX",,,,,,,,,"9/30/1970",,,,
"1/1/2019","FHA REPOSSESSED HOUSES (GROUP III)","NY005012090","213","91","340","324","NY005158","FEDERAL","CONVENTIONAL","REHAB",,"11","13","60.5","5.50",,,"20",,,"12",,,"1-2","48,377","1.11","48,377","1.11",,,,"18","$363,764","$7.52","$1,089","11 QUEENS","1 BRONX",,,,,,,,,"4/30/1971",,,,
"1/1/2019","FHA REPOSSESSED HOUSES (GROUP IV)","NY005012090","226","91","345","324","NY005159","FEDERAL","CONVENTIONAL","REHAB",,"10","13","59.0","5.90",,,"20",,,"13",,,"1-2-3","59,855","1.37","59,855","1.37",,,,"15","$500,168","$7.38","$943","12 QUEENS","1 BRONX",,,,,,,,,"6/30/1971",,,,
"1/1/2019","FHA REPOSSESSED HOUSES (GROUP IX)","NY005012090","283","91","376","324","NY005206","FEDERAL","CONVENTIONAL","REHAB",,"16","40","79.0","4.94",,,"31",,,"16",,,"1-1.5-2-2.5-3","50,476","1.16","50,476","1.16",,,,"27","$0","$0.00","$1,076","2 QUEENS","14 BROOKLYN",,,,,,,,,"6/30/1982",,,,
"1/1/2019","FHA REPOSSESSED HOUSES (GROUP V)","NY005012090","260","91","397","324","NY005182","FEDERAL","CONVENTIONAL","REHAB",,"29","36","153.5","5.29",,,"65",,,"31",,,"1-2-3","140,965","3.24","140,965","3.24",,,,"20","$1,123,771","$7.17","$833","30 QUEENS","1 BROOKLYN",,,,,,,,,"9/30/1972",,,,
"1/1/2019","FHA REPOSSESSED HOUSES (GROUP VI)","NY005012090","273","91","395","324","NY005199","FEDERAL","CONVENTIONAL","REHAB",,"6","9","32.0","5.33",,,"11",,,"7",,,"1-1.5-2-2.5","46,406","1.07","46,406","1.07",,,,"10","$339,911","$7.32","$750","7 QUEENS",,,,,,,,,,"7/31/1976",,,,
"1/1/2019","FHA REPOSSESSED HOUSES (GROUP VII)","NY005012090","274","91","396","324","NY005197","FEDERAL","CONVENTIONAL","REHAB",,"5","8","29.5","5.90",,,"9",,,"8",,,"1-1.5-2-2.5","41,138","0.94","41,138","0.94",,,,"10","$419,377","$8.26","$929","8 QUEENS",,,,,,,,,,"7/13/1976",,,,
"1/1/2019","FHA REPOSSESSED HOUSES (GROUP VIII)","NY005012090","275","91","520","324","NY005198","FEDERAL","CONVENTIONAL","REHAB",,"5","9","29.5","5.90",,,"16",,,"9",,,"1-1.5-2-2.5","34,842","0.80","34,842","0.80",,,,"20","$298,491","$8.57","$1,249","9 QUEENS",,,,,,,,,,"7/31/1976",,,,
"1/1/2019","FIORENTINO PLAZA","NY005012610","207","261","375","375","NY005188","FEDERAL","CONVENTIONAL","NEW CONST",,"158","160","787.0","4.98",,"443","443","31","0.197","8","0","10","4","95,000","2.18","95,000","2.18","42,189","1,916,306","44.41%","203","$6,138,432","$7,712","$537","GLENMORE AVE","VAN SICLEN AVE","PITKIN AVE","WYONA ST","BROOKLYN","5","8","19","55","37","10/31/1971",,,,
"1/1/2019","FIRST HOUSES","NY005012920","001","337","370","370","NY005181A","FEDERAL","CONVENTIONAL","NEW CONST",,"126","126","448.0","3.56",,"178","178","56","0.471","8","0","8","4-5","53,532","1.23","53,532","1.23","24,540","1,411,795","45.84%","145","$1,384,643","$3,653","$500","E 2ND ST","E 3RD ST","AVENUE A","FIRST AVE","MANHATTAN","3","12","26","74","02","5/31/1936","1972/06/29-FED TRAN",,"YES",
"1/1/2019","FOREST","NY005000590","059","059","535","535","NY005220F","FEDERAL","CONVENTIONAL","NEW CONST",,"1,348","1,350","6,154.0","4.57",,"3,002","3,002","498","0.373","15","0","15","9-10-14","771,920","17.72","700,087","16.07","125,002","11,465,400","16.19%","169","$19,576,000","$3,186","$526","TINTON AVE","E 163RD ST","TRINITY AVE","E 166TH ST","BRONX","3","15","32","79","16","11/12/1956","1978/07/01-ATP 3",,,
"1/1/2019","FORT INDEPENDENCE STREET-HEATH AVENUE","NY005012020","197","197","308","311","NY005110","FEDERAL","TURNKEY","NEW CONST",,"342","344","1,509.0","4.41",,"733","733","117","0.347","1","0","2","21","149,152","3.42","149,152","3.42","25,162","3,321,343","16.87%","214","$10,566,070","$6,933","$544","FT INDEPENDENCE ST","HEATH AVE","BAILEY AVE","SUMMIT PL","BRONX","8","13","33","81","14","11/30/1974",,,,
"1/1/2019","FORT WASHINGTON AVENUE REHAB","NY005013090","309","309","341","341","NY005266","FEDERAL","TURNKEY","REHAB (ELD)",,"226","226","814.0","3.60",,"277","277","204","0.903","1","0","2","7","112,034","2.57","112,034","2.57","43,735","3,690,779","39.04%","108","$16,237,236","$19,862","$327","RIVERSIDE DR","W 163RD ST","FT WASHINGTON AVE","W 165TH ST","MANHATTAN","12","13","31","71","07","10/1/1985",,"EXCLUSIVELY","YES",
"1/1/2019","FULTON","NY005001360","136","136","252","252","NY005053","FEDERAL","CONVENTIONAL","NEW CONST",,"944","944","4,223.0","4.47",,"2,166","2,166","374","0.399","11","1","12","6-25","214,139","4.92","214,139","4.92","70,645","8,097,991","25.88%","440","$20,727,847","$4,866","$678","W 16TH ST","W 19TH ST","NINTH AVE",,"MANHATTAN","4","10","27","75","03","3/31/1965",,,,
"1/1/2019","GARVEY (GROUP A)","NY005012520","252","252","381","381","NY005166","FEDERAL","CONVENTIONAL","NEW CONST",,"320","321","1,525.0","4.77",,"863","863","124","0.394","3","1","6","2, 6-14","142,730","3.28","142,730","3.28","40,745","3,257,257","28.55%","263","$12,599,489","$8,168","$563","EAST NEW YORK AVE","AMBOY ST","PITKIN AVE",,"BROOKLYN","16","9","20","55","41","2/28/1975",,"PARTIALLY",,
"1/1/2019","GLEBE AVENUE-WESTCHESTER AVENUE","NY005010670","225","067","342","222","NY005147","FEDERAL","TURNKEY","NEW CONST (ELD)",,"131","132","434.5","3.32",,"143","143","124","0.947","1","0","1","6","47,204","1.08","47,204","1.08","18,734","1,123,122","39.69%","132","$3,356,367","$7,467","$324","GLEBE AVE","WESTCHESTER AVE","CASTLE HILL AVE","LYON AVE","BRONX","10","14","34","87","18","12/31/1971",,"EXCLUSIVELY",,
"1/1/2019","GLENMORE PLAZA","NY005011690","171","169","581","581","NY005267C","FEDERAL","CONVENTIONAL","NEW CONST",,"439","440","1,701.5","3.88",,"823","823","189","0.441","4","0","4","10-18-24","186,180","4.27","186,180","4.27","24,838","4,024,811","13.34%","193","$10,600,000","$6,221","$499","PITKIN AVE","GLENMORE AVE","WATKINS ST","POWELL ST","BROOKLYN","16","8","19","55","37","4/30/1968","1980/07/01-ATP 5",,,
"1/1/2019","GLENWOOD","NY005000440","044","044","584","584","NY005268B","FEDERAL","CONVENTIONAL","NEW CONST",,"1,186","1,188","5,207.0","4.39",,"2,512","2,512","404","0.344","20","0","40","6","975,095","22.39","915,230","21.01","183,856","10,242,805","18.86%","112","$12,907,133","$2,475","$599","E 56TH ST","FARRAGUT RD","RALPH AVE","AVENUE H","BROOKLYN","18","8","21","59","45","7/14/1950","1980/07/01-ATP 6",,,
"1/1/2019","GOMPERS","NY005011000","100","100","237","237","NY005032","FEDERAL","CONVENTIONAL","NEW CONST",,"472","474","2,193.0","4.65",,"1,067","1,067","205","0.442","2","2","5","20","161,016","3.70","161,016","3.70","24,555","4,083,496","15.25%","288","$9,322,807","$4,240","$556","DELANCY ST","PITT ST","STANTON ST",,"MANHATTAN","3","7","26","74","02","4/30/1964",,,,
"1/1/2019","GOWANUS","NY005000250","025","025","515","515","NY005213G","FEDERAL","CONVENTIONAL","NEW CONST",,"1,137","1,139","5,436.5","4.78",,"2,669","2,669","455","0.404","15","1","25","4-6-9-13-14","547,663","12.57","502,216","11.53","105,659","9,028,680","19.29%","212","$11,928,000","$2,203","$556","WYCKOFF ST","DOUGLASS ST","BOND ST","HOYT ST","BROOKLYN","6","7","25","52","33","6/24/1949","1977/07/01-ATP 1",,,
"1/1/2019","GRAMPION","NY005010300","281","030","507","503","NY005210","FEDERAL","CONVENTIONAL","REHAB",,"35","35","155.5","4.44",,"67","67","8","0.242","1","0","1","7","7,144","0.16","7,144","0.16","5,000","377,500","69.99%","419","$817,621","$5,094","$522","W 119TH ST","SAINT NICHOLAS AVE",,,"MANHATTAN","10","13","30","70","09","5/17/1977",,,"YES",
"1/1/2019","GRANT","NY005000870","087","087","232","232","NY005030","FEDERAL","CONVENTIONAL","NEW CONST",,"1,939","1,940","9,133.5","4.71",,"4,282","4,282","741","0.39","9","1","10","13-21","655,681","15.05","655,681","15.05","101,477","16,701,596","15.48%","285","$28,783,425","$3,150","$565","W 125TH ST","MORNINGSIDE AVE","W 123RD ST","BROADWAY","MANHATTAN","9","13","30","69","07","10/31/1957",,,,
"1/1/2019","GRAVESEND","NY005011720","068","172","225","225","NY005025","FEDERAL","CONVENTIONAL","NEW CONST",,"627","634","2,915.5","4.65",,"1,463","1,463","217","0.351","15","0","15","7","540,725","12.41","540,725","12.41","92,855","5,356,500","17.17%","118","$7,927,996","$2,687","$494","NEPTUNE AVE","BAYVIEW AVE","W 33RD ST",,"BROOKLYN","13","8","23","46","47","6/28/1954",,,,
"1/1/2019","GUN HILL","NY005010470","040","040","579","579","NY005267A","FEDERAL","CONVENTIONAL","NEW CONST",,"732","733","3,126.0","4.27",,"1,470","1,470","283","0.391","6","0","6","14","345,256","7.93","314,070","7.21","54,684","6,221,645","15.84%","185","$8,709,286","$2,784","$541","HOLLAND AVE","WHITE PLAINS RD","GUN HILL RD","MAGENTA ST","BRONX","12","16","36","83","12","11/30/1950","1980/07/01-ATP 5",,,
"1/1/2019","HABER","NY005011660","142","166","589","589","NY005271D","FEDERAL","CONVENTIONAL","NEW CONST (ELD)",,"380","380","1,327.0","3.49",,"442","442","347","0.928","3","0","3","14","134,432","3.09","134,432","3.09","23,903","2,547,605","17.78%","143","$7,494,000","$5,647","$295","W 24TH ST","SURF AVE","REIGELMANN BRDWLK","W 25TH ST","BROOKLYN","13","8","23","46","47","6/30/1965","1980/10/01-ATP 7","EXCLUSIVELY",,
"1/1/2019","HAMMEL","NY005010750","075","075","226","226","NY005027","FEDERAL","CONVENTIONAL","NEW CONST",,"710","712","3,296.0","4.64",,"1,790","1,790","212","0.302","14","0","14","7","616,678","14.16","572,678","13.15","107,706","5,991,153","17.47%","126","$9,618,901","$2,909","$453","B 86TH ST","HAMMELS BLVD","B 81ST ST","ROCKAWAY BCH BLVD","QUEENS","14","5","10","31","31","4/20/1955",,,,
"1/1/2019","HARBORVIEW TERRACE","NY005010220","262","022","377","377","NY005168","FEDERAL","TURNKEY","NEW CONST",,"377","377","1,493.5","3.96",,"648","648","241","0.65","2","0","2","14-15","120,497","2.77","120,497","2.77","22,666","3,139,759","18.81%","234","$16,721,224","$10,911","$522","W 54TH ST","W 56TH ST","TENTH AVE","ELEVENTH AVE","MANHATTAN","4","10","27, 31","67","06","6/30/1977",,"PARTIALLY",,
"1/1/2019","HARLEM RIVER","NY005010030","003","003","201","201","NY005042","FEDERAL","CONVENTIONAL","NEW CONST",,"574","577","2,231.0","3.89",,"1,079","1,079","181","0.323","7","0","47","4-5","322,075","7.39","313,137","7.19","103,777","5,237,933","32.22%","146","$4,147,782","$2,103","$548","MACOMBS PL","HARLEM RIVER DR","W 151ST ST","W 153RD ST","MANHATTAN","10","13","30","71","09","10/1/1937",,,,
"1/1/2019","HARLEM RIVER II","NY005010030","147","003","256","201","NY005051","FEDERAL","CONVENTIONAL","NEW CONST",,"116","116","515.0","4.44",,"272","272","40","0.36","1","0","1","15","28,815","0.66","28,815","0.66","7,281","981,227","25.27%","412","$2,605,601","$5,059","$589","DOUGLASS BLVD","W 152ND ST","MACOMBS PL","W 151ST ST","MANHATTAN","10","13","30","71","09","10/31/1965",,,,
"1/1/2019","HARRISON AVENUE REHAB (GROUP A)","NY005013410","347","341","772","762","NY005231","FEDERAL","TURNKEY","REHAB",,"34","34","146.0","4.29",,"75","75","11","0.324","1","0","1","5","9,167","0.21","9,167","0.21","6,698","404,958","73.07%","357","$2,368,803","$16,225","$486","HARRISON AVE","W BURNSIDE AVE","GRAND AVE","KINGSLAND PL","BRONX","5","15","29","86","14","9/1/1986",,,"YES","YES"
"1/1/2019","HARRISON AVENUE REHAB (GROUP B)","NY005013410","547","341","773","762","NY005287","FEDERAL","TURNKEY","REHAB",,"150","150","664.0","4.43",,"326","326","60","0.403","4","0","4","5-6","44,753","1.03","44,753","1.03","29,954","1,856,310","66.93%","317","$10,059,298","$15,150","$517","UNIVERSITY PL","W BURNSIDE AVE","GRAND AVE","KINGSLAND PL","BRONX","5","15","29","86","14","12/1/1986",,,"YES","YES"
"1/1/2019","HERNANDEZ","NY005011000","184","100","286","237","NY005085","FEDERAL","CONVENTIONAL","NEW CONST",,"149","149","601.5","4.04",,"260","260","80","0.544","1","0","1","17","44,689","1.03","44,689","1.03","13,167","1,293,680","29.46%","252","$3,731,491","$6,077","$524","ALLEN ST","STANTON ST","ELDRIDGE ST","E HOUSTON ST","MANHATTAN","3","7","26","65","01","8/31/1971",,,,
"1/1/2019","HIGHBRIDGE GARDENS","NY005000780","078","078","229","229","NY005026","FEDERAL","CONVENTIONAL","NEW CONST",,"700","700","3,252.0","4.65",,"1,601","1,601","256","0.372","6","0","6","13-14","496,875","11.41","496,875","11.41","55,678","5,837,785","10.12%","140","$7,547,875","$2,321","$521","SEDGWICK AVE","W 167TH ST","UNIVERSITY AVE",,"BRONX","4","15","29","77","16","6/18/1954",,,,
"1/1/2019","HOE AVENUE-EAST 173RD STREET","NY005015300","215","530","333","748","NY005164","FEDERAL","TURNKEY","NEW CONST",,"65","65","270.5","4.16",,"144","144","22","0.344","1","0","1","6","22,000","0.51","22,000","0.51","9,242","602,580","42.01%","282","$1,583,566","$5,801","$505","HOE AVE","E 173RD ST","E 174TH ST","VYSE AVE","BRONX","3","15","32","79","17","12/31/1970",,,,"YES"
"1/1/2019","HOLMES TOWERS","NY005011390","159","139","277","253","NY005069","FEDERAL","CONVENTIONAL","NEW CONST",,"536","537","2,070.0","3.86",,"941","941","257","0.481","2","0","2","25","122,341","2.81","122,341","2.81","19,872","3,893,920","16.24%","335","$10,435,545","$4,952","$511","FIRST AVE","ISAACS HOUSES","FDR DRIVE","E 92ND ST","MANHATTAN","8","12","28","68","05","4/30/1969",,,,
"1/1/2019","HOPE GARDENS","NY005012470","247","247","546","546","NY005218","FEDERAL","CONVENTIONAL","NEW CONST",,"323","324","1,404.5","4.35",,"696","696","176","0.547","4","1","4","7-14","202,500","4.65","202,500","4.65","41,000","351,600","20.25%","150","$20,632,339","$14,504","$511","LINDEN ST","WILSON AVE","GROVE ST",,"BROOKLYN","4","7","18","53","37","8/31/1981",,"PARTIALLY","YES",
"1/1/2019","HOWARD","NY005000720","072","072","568","568","NY005244A","FEDERAL","CONVENTIONAL","NEW CONST",,"813","815","3,699.5","4.55",,"1,835","1,835","279","0.348","10","0","16","7-13","664,735","15.26","621,176","14.26","87,500","6,943,700","13.16%","120","$11,359,000","$3,079","$504","EAST NEW YORK AVE","MOTHER GASTON BLVD","PITKIN AVE","ROCKAWAY AVE","BROOKLYN","16","8","20","55","41","12/30/1955","1979/08/01-ATP 4",,,
"1/1/2019","HOWARD AVENUE","NY005013510","339","351","782","765","NY005261","FEDERAL","TURNKEY","NEW CONST",,"148","150","669.0","4.52",,"373","373","39","0.265","5","1","25","3","132,915","3.05","132,915","3.05","50,568","1,536,736","38.05%","122","$11,464,557","$15,641","$663","EAST NEW YORK AVE","GRAFTON ST","SUTTER AVE","TAPSCOTT ST","BROOKLYN","16","9","20","55","41","8/1/1988",,,"YES",
"1/1/2019","HOWARD AVENUE-PARK PLACE","NY005013510","365","351","551","551","NY005225","FEDERAL","TURNKEY","NEW CONST",,"155","156","776.5","5.01",,"449","449","28","0.182","8","0","159","3","197,563","4.54","197,563","4.54","54,978","1,657,275","27.83%","99","$15,843,706","$20,286","$700","HOWARD AVE","STERLING PL","EASTERN PKWY","SAINT JOHNS PL","BROOKLYN","16","9","20, 25","55","41","8/31/1994",,,"YES",
"1/1/2019","HUGHES APARTMENTS","NY005011680","168","168","275","275","NY005081","FEDERAL","CONVENTIONAL","NEW CONST",,"509","513","2,421.5","4.76",,"1,366","1,366","135","0.268","3","1","4","22","241,990","5.56","241,990","5.56","23,502","4,599,540","9.71%","246","$10,288,064","$4,201","$585","ROCKAWAY AVE","MOTHER GASTON BLVD","SUTTER AVE","BELMONT AVE","BROOKLYN","16","9","20","55","41","6/30/1968",,,,
"1/1/2019","HUNTS POINT AVENUE REHAB","NY005015300","367","530","806","748","NY005299","FEDERAL","TURNKEY","REHAB",,"131","131","605.5","4.62",,"314","314","35","0.273","13","0","13","4-5","58,206","1.34","58,206","1.34","35,180","1,540,888","60.44%","234","$13,280,604","$21,933","$568","LAFAYETTE AVE","HUNTS POINT AVE","SENECA AVE","IRVINE ST","BRONX","2","15","32, 34","85","17","11/30/1991",,,"YES","YES"
"1/1/2019","HYLAN","NY005010860","109","086","680","680","NY005364","FEDERAL","CONVENTIONAL","NEW CONST",,"209","209","933.5","4.47",,"456","456","82","0.394","1","0","1","19","77,658","1.78","77,658","1.78","11,403","1,878,400","14.68%","256","$3,945,608","$4,240","$573","MOORE ST","HUMBOLDT ST","SEIGEL ST","BUSHWICK AVE","BROOKLYN","1","7","18","53","34","6/30/1960","1995/07/13-PTA",,,
"1/1/2019","INDEPENDENCE","NY005021400","140","234","442","442","NY005376","MIXED FINANCE/LLC2","CONVENTIONAL","NEW CONST","155","741","744","3,333.5","4.50","354","1,360","1,714","326","0.448","6","0","6","21","232,000","5.33","232,000","5.33","44,685","6,457,003","19.26%","322","$14,543,000","$4,344","$470","CLYMER ST","WILSON ST","WYTHE AVE","BEDFORD AVE","BROOKLYN","1","7","18","50","33","10/31/1965",,,,
"1/1/2019","INGERSOLL","NY005000140","014","014","510","510","NY005213B","FEDERAL","CONVENTIONAL","NEW CONST",,"1,830","1,840","8,698.0","4.75",,"4,198","4,198","493","0.292","20","1","46","6-11","884,521","20.31","812,641","18.66","175,748","10,226,288","17.62%","207","$12,236,672","$1,681","$577","PARK AVE","SAINT EDWARDS ST","MYRTLE AVE","PRINCE ST","BROOKLYN","2","8","25","57","35","2/24/1944","1977/07/01-ATP 1",,,
"1/1/2019","INTERNATIONAL TOWER","NY005010910","316","091","296","296","NY005241","FEDERAL","TURNKEY","NEW CONST (ELD)",,"146","159","520.0","3.56",,"179","179","131","0.903","1","0","1","10","42,500","0.98","42,500","0.98","12,689","1,126,314","29.86%","183","$10,992,764","$19,269","$383","170TH ST","90TH AVE","169TH ST","JAMAICA AVE","QUEENS","12","5","14","29","27","5/31/1983",,"EXCLUSIVELY","YES",
"1/1/2019","ISAACS","NY005011390","139","139","253","253","NY005057","FEDERAL","CONVENTIONAL","NEW CONST",,"634","636","2,638.0","4.16",,"1,250","1,250","279","0.441","3","1","4","24","152,173","3.49","152,173","3.49","32,645","4,857,894","21.45%","358","$13,251,410","$5,009","$556","E 93RD ST","FIRST AVE","FDR DRIVE",,"MANHATTAN","8","12","29","68","05","7/31/1965",,,,
"1/1/2019","JACKSON","NY005012670","120","267","243","243","NY005043","FEDERAL","CONVENTIONAL","NEW CONST",,"868","868","4,137.0","4.77",,"2,203","2,203","289","0.338","7","1","7","16","343,403","7.88","343,403","7.88","59,552","7,682,714","17.34%","280","$14,850,303","$3,590","$533","PARK AVE","COURTLANDT AVE","E 158TH ST","E 156TH ST","BRONX","1","15","32","79","17","7/31/1963",,,,
"1/1/2019","JEFFERSON","NY005010640","064","064","219","219","NY005016","FEDERAL","CONVENTIONAL","NEW CONST",,"1,486","1,493","6,945.0","4.67",,"3,314","3,314","570","0.387","18","1","35","7-13-14","757,179","17.38","757,179","17.38","149,778","13,032,612","19.78%","191","$26,894,981","$3,854","$565","E 112TH ST","THIRD AVE","E 115TH ST","FIRST AVE","MANHATTAN","11","13","30","68","08","8/28/1959",,,,
"1/1/2019","JOHNSON","NY005000170","017","017","516","516","NY005213H","FEDERAL","CONVENTIONAL","NEW CONST",,"1,296","1,310","6,121.0","4.72",,"3,076","3,076","488","0.382","10","0","17","14","517,632","11.88","456,630","10.48","97,804","10,582,024","18.89%","259","$14,348,000","$2,337","$573","E 112TH ST","E 115TH ST","THIRD AVE","PARK AVE","MANHATTAN","11","13","30","68","08","12/27/1948","1977/07/01-ATP 1",,,
"1/1/2019","KING TOWERS","NY005010300","030","030","518","518","NY005213J","FEDERAL","CONVENTIONAL","NEW CONST",,"1,377","1,379","6,342.5","4.61",,"3,013","3,013","511","0.375","10","0","10","13-14","599,120","13.75","555,560","12.75","98,822","11,745,000","16.49%","219","$19,859,000","$3,135","$559","W 112TH ST","LENOX AVE","W 115TH ST","FIFTH AVE","MANHATTAN","10","13","30","68","09","11/1/1954","1977/07/01-ATP 1",,,
"1/1/2019","KINGSBOROUGH","NY005010100","010","010","205","205","NY005006","FEDERAL","CONVENTIONAL","NEW CONST",,"1,154","1,165","4,711.0","4.08",,"2,408","2,408","409","0.365","16","0","35","6","695,544","15.97","665,526","15.28","129,189","8,037,853","18.57%","151","$5,175,100","$1,107","$504","RALPH AVE","PACIFIC ST","BERGEN ST","ROCHESTER AVE","BROOKLYN","8, 16","8","25","55, 56","41","10/31/1941",,,,
"1/1/2019","KINGSBOROUGH EXTENSION","NY005010100","161","010","268","205","NY005071","FEDERAL","CONVENTIONAL","NEW CONST (ELD)",,"182","184","637.0","3.50",,"203","203","168","0.928","1","0","1","25","63,254","1.45","63,254","1.45","7,110","1,224,082","11.24%","140","$2,986,383","$4,637","$343","BERGEN ST","PACIFIC ST","ROCHESTER AVE","RALPH AVE","BROOKLYN","8","8","25","56","41","5/31/1966",,"EXCLUSIVELY",,
"1/1/2019","LA GUARDIA","NY005010760","076","076","221","221","NY005021","FEDERAL","CONVENTIONAL","NEW CONST",,"1,091","1,094","5,097.5","4.67",,"2,458","2,458","488","0.45","9","0","9","16","469,672","10.78","415,455","9.54","63,621","8,909,852","13.55%","228","$17,157,591","$3,356","$585","RUTGERS ST","MADISON ST","MONTGOMERY ST","CHERRY ST","MANHATTAN","3","7","26","65","01","8/8/1957",,,,
"1/1/2019","LA GUARDIA ADDITION","NY005010760","152","076","262","221","NY005061","FEDERAL","CONVENTIONAL","NEW CONST (ELD)",,"149","150","491.5","3.30",,"193","193","142","0.953","1","0","1","16","26,052","0.60","26,052","0.60","5,618","914,382","21.56%","322","$2,876,132","$5,645","$297","CHERRY ST","MADISON ST","RUTGERS ST","MONTGOMERY ST","MANHATTAN","3","7","26","65","01","8/31/1965",,"EXCLUSIVELY",,
"1/1/2019","LAFAYETTE","NY005001220","122","122","247","247","NY005047","FEDERAL","CONVENTIONAL","NEW CONST",,"882","882","4,385.0","4.97",,"2,422","2,422","286","0.327","7","0","7","13-15-20","334,323","7.68","304,776","7.00","58,504","8,369,220","17.50%","315","$14,689,766","$3,350","$609","LAFAYETTE AVE","CLASSON AVE","DEKALB AVE","FRANKLIN AVE","BROOKLYN","3","8","25","57","35","7/31/1962",,,,
"1/1/2019","LATIMER GARDENS","NY005011860","186","186","290","290","NY005093","FEDERAL","CONVENTIONAL","NEW CONST",,"423","423","1,708.5","4.04",,"792","792","217","0.513","4","0","4","10","167,134","3.84","167,134","3.84","40,077","3,430,247","23.98%","206","$9,310,959","$5,442","$526","34TH, 35TH AVES","LINDEN PL","LEAVITT ST","137TH ST","QUEENS","7","6","11","40","20","9/30/1970",,,,
"1/1/2019","LAVANBURG HOMES","NY005003100","310","310","578","578","NY005248","FEDERAL","CONVENTIONAL","REHAB",,"95","104","391.5","4.12",,,,,,"1",,"6","6","23,032","0.53","23,032","0.53","12,882","937,200","55.93%",,"$5,742,000","$12,903",,"E HOUSTON ST","BARUCH PL","A NEW ST","MANGIN ST","MANHATTAN","3","7","26","74","2","9/26/1984",,,,
"1/1/2019","LEAVITT STREET-34TH AVENUE","NY005011860","201","186","386","290","NY005191","FEDERAL","TURNKEY","NEW CONST (ELD)",,"83","83","272.5","3.28",,"104","104","76","0.916","1","0","1","6","20,013","0.46","20,013","0.46","8,465","571,608","42.30%","226","$2,606,744","$9,244","$309","LEAVITT ST","UNION ST","34TH AVE","34TH RD","QUEENS","7","6","11","40","20","10/31/1974",,"EXCLUSIVELY",,
"1/1/2019","LEHMAN VILLAGE","NY005001010","101","101","238","238","NY005033","FEDERAL","CONVENTIONAL","NEW CONST",,"617","622","2,893.5","4.69",,"1,477","1,477","237","0.385","4","1","5","20","177,426","4.07","177,426","4.07","28,904","5,367,611","16.29%","363","$11,549,370","$3,959","$558","MADISON AVE","PARK AVE","E 106TH ST","E 110TH ST","MANHATTAN","11","13","30","68","08","11/30/1963",,,,
"1/1/2019","LENOX ROAD-ROCKAWAY PARKWAY","NY005011670","348","167","763","763","NY005292","FEDERAL","TURNKEY","REHAB",,"74","74","327.0","4.42",,"166","166","18","0.243","3","0","3","4","24,000","0.55","24,000","0.55","18,791","943,450","78.30%","302","$4,669,919","$14,281","$627","KINGS HIGHWAY","E 98TH ST","WILIMOHR ST","E 97TH ST","BROOKLYN","17","9","20","55, 58","41","9/1/1985",,,"YES",
"1/1/2019","LEXINGTON","NY005010620","050","062","374","217","NY005183C","FEDERAL","CONVENTIONAL","NEW CONST",,"448","448","1,901.0","4.24",,"817","817","209","0.471","4","0","4","14","151,467","3.48","151,467","3.48","35,222","3,879,000","23.25%","235","$4,780,152","$2,515","$548","E 98TH ST","THIRD AVE","E 99TH ST","PARK AVE","MANHATTAN","11","13","30","68","05","3/16/1951","1972/06/29-FED TRAN",,,
"1/1/2019","LINCOLN","NY005000200","020","020","513","513","NY005213E","FEDERAL","CONVENTIONAL","NEW CONST",,"1,280","1,286","6,099.0","4.76",,"2,986","2,986","429","0.339","14","0","20","6-14","551,740","12.67","508,561","11.67","106,738","10,743,035","19.35%","236","$14,324,000","$2,358","$517","E 132ND ST","E 135TH ST","FIFTH AVE","PARK AVE","MANHATTAN","11","13","30","70","09","12/29/1948","1977/07/01-ATP 1",,,
"1/1/2019","LINDEN","NY005020950","095","095","672","672","NY005377","MIXED FINANCE/LLC2","CONVENTIONAL","NEW CONST","474","1,586","1,586","7,311.0","4.61","1298","2,313","3,611","582","0.379","19","2","21","8-14","1,299,426","29.83","1,299,426","29.83","173,020","14,333,039","13.06%","121","$20,230,969","$2,767","$563","VERMONT ST","STANLEY AVE","SCHENCK AVE","COZINE AVE","BROOKLYN","5","8","19","60","42","7/17/1958",,,,
"1/1/2019","LONG ISLAND BAPTIST HOUSES","NY005012610","276","261","502","375","NY005201","FEDERAL","CONVENTIONAL","REHAB",,"229","232","1,039.5","4.54",,"526","526","63","0.283","4","0","4","6","78,700","1.81","78,700","1.81","37,700","2,490,500","47.90%","291","$11,627,063","$11,010","$540","SUTTER AVE","SHEFFIELD AVE","DUMONT AVE","HINSDALE ST","BROOKLYN","5","8","19","60","42","6/30/1981",,,"YES",
"1/1/2019","LONGFELLOW AVENUE REHAB","NY005015300","362","530","794","748","NY005295","FEDERAL","TURNKEY","REHAB",,"75","75","412.5","5.50",,"278","278","7","0.095","2","0","2","5","26,724","0.61","26,724","0.61","16,773","1,060,415","62.76%","456","$7,044,209","$17,077","$666","WESTCHESTER AVE","WHITLOCK AVE","E 165TH ST","BRYANT AVE","BRONX","2","15","32","85","17","10/31/1990",,,"YES","YES"
"1/1/2019","LOW HOUSES","NY005011690","169","169","276","276","NY005082","FEDERAL","CONVENTIONAL","NEW CONST",,"534","536","2,542.0","4.76",,"1,358","1,358","156","0.297","4","0","4","17-18","256,459","5.89","256,459","5.89","45,163","4,802,466","17.61%","231","$10,312,262","$4,052","$507","SACKMAN ST","POWELL ST","CHRISTOPHER ST","PITKIN AVE","BROOKLYN","16","8","19, 20","55","41","12/31/1967",,,,
"1/1/2019","LOWER EAST SIDE I INFILL","NY005011000","326","100","784","784","NY005259","FEDERAL","TURNKEY","NEW CONST",,"189","189","777.5","4.11",,"361","361","105","0.568","5","0","15","4-9","86,078","1.98","86,078","1.98","37,227","1,657,278","43.25%","182","$14,369,576","$18,482","$512","DELANCEY ST","RIVINGTON ST","FORSYTHE ST","ELDRIDGE ST","MANHATTAN","3","7","26","65","01","6/1/1988",,"PARTIALLY","YES",
"1/1/2019","LOWER EAST SIDE II","NY005012920","337","337","783","555","NY005262","FEDERAL","TURNKEY","NEW CONST",,"188","188","848.0","4.51",,"433","433","74","0.4","4","1","32","3","167,568","3.85","167,568","3.85","59,808","1,622,292","35.69%","112","$14,709,271","$17,346","$554","E 4TH & 5TH STS","E 6TH ST","AVENUES B & C","AVENUE D","MANHATTAN","3","12","26","74","02","11/1/1988",,,"YES",
"1/1/2019","LOWER EAST SIDE III","NY005013590","364","359","548","840","NY005215","FEDERAL","TURNKEY","NEW CONST",,"56","56","280.0","5.00",,"173","173","15","0.268","2","1","3","4","42,733","0.98","42,733","0.98","22,801","596,573","53.36%","177","$7,324,340","$26,158","$705","E 9TH ST","AVENUE D","E 8TH ST","AVENUE C","MANHATTAN","3","12","27","74","02","4/30/1997",,,"YES","YES"
"1/1/2019","LOWER EAST SIDE REHAB (GROUP 5)","NY005012920","292","337","555","555","NY005233","FEDERAL","TURNKEY","REHAB",,"55","55","229.5","4.17",,"119","119","17","0.309","2","0","2","6","17,872","0.41","17,872","0.41","10,275","490,400","57.49%","290","$4,322,735","$18,795","$643","AVENUE C","E 6TH ST","E 7TH ST",,"MANHATTAN","3","12","27","74","02","12/1/1986",,,"YES",
"1/1/2019","MANHATTANVILLE","NY005020810","081","081","429","429","NY005378","MIXED FINANCE/LLC1","CONVENTIONAL","NEW CONST","204","1,272","1,272","6,004.0","4.72","576","2,405","2,981","494","0.395","6","0","6","20","538,367","12.36","538,367","12.36","83,754","11,967,873","15.56%","241","$25,774,000","$4,306","$550","W 133RD ST","BROADWAY","AMSTERDAM AVE","W 129TH ST","MANHATTAN","9","13","30, 31","70","07","6/30/1961",,,,
"1/1/2019","MANHATTANVILLE REHAB (GROUP 2)","NY005010810","296","081","557","558","NY005235","FEDERAL","CONVENTIONAL","REHAB",,"46","46","187.0","4.07",,"87","87","21","0.457","3","0","3","5-6","11,843","0.27","11,843","0.27","8,099","434,570","68.39%","322","$6,002,000","$32,096","$599","BROADWAY","W 134TH ST","AMSTERDAM AVE","W 135TH ST","MANHATTAN","9","13","31","70","07","11/1/1988",,,"YES",
"1/1/2019","MANHATTANVILLE REHAB (GROUP 3)","NY005010810","297","081","558","558","NY005236","FEDERAL","CONVENTIONAL","REHAB",,"51","51","220.5","4.32",,"115","115","17","0.333","2","0","2","5-6","13,988","0.32","13,988","0.32","9,930","547,624","70.99%","359","$3,652,758","$16,603","$453","BROADWAY","W 133RD ST","AMSTERDAM AVE","W 134TH ST","MANHATTAN","9","13","31","70","07","9/30/1983",,,"YES",
"1/1/2019","MARBLE HILL","NY005020490","049","049","638","638","NY005379","MIXED FINANCE/LLC1","CONVENTIONAL","NEW CONST","257","1,680","1,682","7,112.0","4.23","548","2,713","3,261","737","0.445","11","1","12","14-15","724,809","16.64","652,495","14.98","111,631","13,300,359","15.40%","196","$17,882,055","$2,539","$517","EXTERIOR ST","W 225TH ST","BROADWAY","W 230TH ST","BRONX","8","13","31, 33","72, 81","10, 11, 14","3/6/1952",,,,
"1/1/2019","MARCY","NY005000210","021","021","514","514","NY005213F","FEDERAL","CONVENTIONAL","NEW CONST",,"1,716","1,717","8,268.0","4.82",,"4,147","4,147","607","0.358","27","1","71","6","1,241,000","28.49","1,101,547","25.29","240,198","13,741,160","19.36%","146","$19,420,000","$2,347","$560","FLUSHING AVE","MARCY AVE","NOSTRAND AVE","MYRTLE AVE","BROOKLYN","3","7","18","56","36","1/19/1949","1977/07/01-ATP 1",,,
"1/1/2019","MARCY AVENUE-GREENE AVENUE SITE A","NY005013590","363","359","803","840","NY005300","FEDERAL","TURNKEY","NEW CONST",,"48","48","231.0","4.81",,"123","123","13","0.277","2","0","7","3","51,104","1.17","51,104","1.17","16,354","434,689","32.00%","105","$5,042,549","$21,829","$505","GREENE AVE","MARCY AVE","NOSTRAND AVE","LEXINGTON AVE","BROOKLYN","3","8","25","56","36","6/30/1997",,,"YES","YES"
"1/1/2019","MARCY AVENUE-GREENE AVENUE SITE B","NY005013590","358","359","804","840","NY005293","FEDERAL","TURNKEY","NEW CONST",,"30","30","145.0","4.83",,"76","76","8","0.267","1","0","5","3","36,926","0.85","36,926","0.85","10,081","267,953","27.30%","89","$3,168,261","$21,850","$582","GREENE AVE","MARCY AVE","NOSTRAND AVE","LEXINGTON AVE","BROOKLYN","3","8","25","56","36","6/30/1997",,,"YES","YES"
"1/1/2019","MARINER'S HARBOR","NY005000770","077","077","228","228","NY005020","FEDERAL","CONVENTIONAL","NEW CONST",,"606","607","2,853.0","4.71",,"1,515","1,515","146","0.243","22","0","32","3-6","947,622","21.75","816,256","18.74","124,890","5,691,790","13.18%","70","$8,072,855","$2,826","$488","GRAND VIEW AVE","ROXBURY ST","LOCKMAN AVE","CONTINENTAL PL","STATEN ISLAND","1","11","23","63","49","9/3/1954",,,,
"1/1/2019","MARLBORO","NY005020830","083","083","426","426","NY005380","MIXED FINANCE/LLC1","CONVENTIONAL","NEW CONST","348","1,764","1,765","8,248.0","4.68","861","3,251","4,112","671","0.387","28","2","30","7-16","1,518,505","34.86","1,471,805","33.79","202,426","15,183,887","13.33%","118","$22,429,000","$2,783","$551","STILLWELL AVE","AVENUE V","86TH ST","AVENUE X","BROOKLYN","13","11","23","45, 47","47","2/27/1958",,,,
"1/1/2019","MARSHALL PLAZA","NY005010030","344","003","754","754","NY005265","FEDERAL","TURNKEY","NEW CONST (ELD)",,"180","180","630.0","3.50",,"207","207","154","0.89","1","0","1","13","20,083","0.46","20,083","0.46","10,354","1,181,481","51.56%","450","$12,233,985","$19,419","$307","BROADWAY","W 158TH ST","AMSTERDAM AVE","W 157TH ST","MANHATTAN","12","13","31","71","07","6/30/1986",,"EXCLUSIVELY","YES",
"1/1/2019","MCKINLEY","NY005000590","103","059","236","236","NY005031","FEDERAL","CONVENTIONAL","NEW CONST",,"615","619","2,928.5","4.76",,"1,441","1,441","220","0.358","5","1","5","16","289,985","6.66","233,735","5.37","41,286","5,580,675","14.24%","216","$10,418,410","$3,535","$528","E 161ST ST","E 163RD ST","TINTON AVE","KINGSLAND PL","BRONX","3","15","32","79","16","7/31/1962",,,,
"1/1/2019","MELROSE","NY005010280","028","028","523","523","NY005216B","FEDERAL","CONVENTIONAL","NEW CONST",,"1,021","1,023","4,854.5","4.75",,"2,418","2,418","363","0.358","8","1","9","14","541,687","12.44","498,060","11.43","68,826","8,736,312","12.71%","194","$12,236,000","$2,515","$486","MORRIS AVE","E 153RD ST","COURTLANDT AVE","E 156TH ST","BRONX","1","15","32","79, 84","17","6/20/1952","1978/02/01-ATP 2",,,
"1/1/2019","MELTZER TOWER","NY005011000","183","100","286","237","NY005085","FEDERAL","CONVENTIONAL","NEW CONST (ELD)",,"229","231","686.5","3.00",,"247","247","199","0.896","1","0","1","20","50,180","1.15","50,180","1.15","6,910","1,316,253","13.77%","215","$5,622,697","$7,487","$290","E 1ST ST","FIRST AVE","E 2ND ST","AVENUE A","MANHATTAN","3","12","26","65","02","8/31/1971",,"EXCLUSIVELY",,
"1/1/2019","METRO NORTH PLAZA","NY005010090","181","112","284","284","NY005092","FEDERAL","CONVENTIONAL","NEW CONST",,"271","275","1,301.5","4.80",,"643","643","112","0.416","3","0","3","7-8-11","99,827","2.29","99,827","2.29","34,752","2,668,090","34.81%","281","$6,733,865","$5,105","$574","E 101ST ST","FIRST AVE","E 102ND ST","SECOND AVE","MANHATTAN","11","13","29","68","08","8/31/1971",,,,
"1/1/2019","MIDDLETOWN PLAZA","NY005010340","191","034","302","313","NY005096B","FEDERAL","CONVENTIONAL","NEW CONST (ELD)",,"177","179","602.5","3.40",,"192","192","160","0.914","1","0","1","15","49,309","1.13","49,309","1.13","10,076","1,078,917","20.43%","170","$6,090,291","$9,776","$313","ROBERTS AVE","JARVIS AVE","MIDDLETOWN RD","HOBART AVE","BRONX","10","14","34","82","13","8/31/1973",,"EXCLUSIVELY",,
"1/1/2019","MILL BROOK","NY005010840","084","084","570","570","NY005244C","FEDERAL","CONVENTIONAL","NEW CONST",,"1,251","1,255","5,799.5","4.64",,"2,814","2,814","484","0.392","9","0","9","16","507,592","11.65","463,332","10.64","76,410","10,446,587","14.17%","242","$22,176,000","$3,898","$479","E 135TH ST","BROOK AVE","E 137TH ST","CYPRESS AVE","BRONX","1","15","29","84","08","5/26/1959","1979/08/01-ATP 4",,,
"1/1/2019","MILL BROOK EXTENSION","NY005010840","132","084","570","570","NY005244C","FEDERAL","CONVENTIONAL","NEW CONST",,"125","125","611.5","4.89",,"297","297","54","0.432","1","0","1","16","22,500","0.52","22,500","0.52","8,660","1,130,657","38.49%","571","$1,957,000","$3,198","$462","CYPRESS AVE","E 135TH ST","E 137TH ST",,"BRONX","1","15","29","84","08","1/31/1962","1979/08/01-ATP 4",,,
"1/1/2019","MITCHEL","NY005011450","145","145","249","249","NY005050","FEDERAL","CONVENTIONAL","NEW CONST",,"1,732","1,732","7,554.0","4.36",,"4,010","4,010","666","0.391","10","1","12","17-19-20","699,494","16.06","653,938","15.01","97,114","14,044,919","13.88%","250","$33,012,851","$4,350","$534","LINCOLN AVE","E 138TH ST","WILLIS AVE","E 135TH ST","BRONX","1","15","29","84","08","2/28/1966",,"PARTIALLY",,
"1/1/2019","MONROE","NY005000880","088","088","234","234","NY005036","FEDERAL","CONVENTIONAL","NEW CONST",,"1,100","1,102","5,299.0","4.82",,"2,691","2,691","403","0.369","12","1","20","8-14-15","805,341","18.49","805,341","18.49","118,402","10,177,348","14.70%","146","$16,449,659","$3,100","$526","SOUNDVIEW AVE","STORY AVE","TAYLOR AVE","LAFAYETTE AVE","BRONX","9","15","32","85","18","11/2/1961",,,,
"1/1/2019","MOORE","NY005010930","129","093","251","251","NY005080","FEDERAL","CONVENTIONAL","NEW CONST",,"463","463","2,165.5","4.68",,"1,133","1,133","157","0.343","2","0","4","20","117,000","2.69","117,000","2.69","21,826","4,029,275","18.65%","421","$7,256,661","$3,350","$520","E 147TH ST","E 149TH ST","JACKSON AVE","TRINITY AVE","BRONX","1","15","29","84","08","3/31/1964",,,,
"1/1/2019","MORRIS I","NY005011020","102","102","239","239","NY005037","FEDERAL","CONVENTIONAL","NEW CONST",,"1,083","1,085","5,237.5","4.84",,"2,889","2,889","364","0.338","10","0","10","16-20","416,831","9.57","416,831","9.57","66,594","9,980,542","15.98%","302","$20,735,295","$4,008","$499","PARK AVE","E 170TH ST","THIRD AVE","E 169TH ST","BRONX","3","15","33","79","16","8/31/1965",,,,
"1/1/2019","MORRIS II","NY005011020","502","102","280","239","NY005079","FEDERAL","CONVENTIONAL","NEW CONST",,"802","802","3,765.0","4.69",,"1,989","1,989","268","0.338","7","0","7","16-20","358,843","8.24","313,704","7.20","51,875","7,162,265","14.46%","241","$15,391,181","$4,008","$507","PARK AVE","E 171ST ST","THIRD AVE","E 170TH ST","BRONX","3","15","33","79","16","8/31/1965",,,,
"1/1/2019","MORRIS PARK SENIOR CITIZENS HOME","NY005012410","277","241","504","346","NY005200","FEDERAL","CONVENTIONAL","REHAB (ELD)",,"97","97","296.5","3.06",,"103","103","83","0.865","1","0","1","9","10,000","0.23","10,000","0.23","6,491","561,310","64.91%","448","$1,989,852","$6,337","$302","E 124TH ST","MADISON AVE","FIFTH AVE",,"MANHATTAN","11","13","30","68","09","4/30/1977",,"EXCLUSIVELY","YES",
"1/1/2019","MORRISANIA","NY005011410","130","141","250","231","NY005048","FEDERAL","CONVENTIONAL","NEW CONST",,"206","206","962.0","4.67",,"531","531","69","0.34","2","0","2","16","60,890","1.40","60,890","1.40","13,024","1,769,693","21.39%","379","$3,742,711","$3,891","$449","E 169TH ST","WASHINGTON AVE","PARK AVE",,"BRONX","3","15","32","79","16","5/31/1963",,,,
"1/1/2019","MORRISANIA AIR RIGHTS","NY005012670","267","267","385","385","NY005190","FEDERAL","TURNKEY","NEW CONST",,"841","843","3,788.5","4.50",,"1,681","1,681","428","0.521","3","0","5","19-23-29","274,300","6.30","274,300","6.30","64,435","11,316,800","23.49%","267","$40,272,504","$10,584","$473","PARK AVE","E 158TH ST","E 161ST ST","E 163RD ST","BRONX","3, 4","15","32","79","16, 17","1/1/1981",,"PARTIALLY",,
"1/1/2019","MOTT HAVEN","NY005001210","121","121","244","244","NY005044","FEDERAL","CONVENTIONAL","NEW CONST",,"992","993","4,634.0","4.67",,"2,542","2,542","313","0.317","8","1","9","20-22","417,367","9.58","386,817","8.88","78,477","9,236,613","18.80%","265","$20,670,000","$4,456","$530","E 140TH ST","E 144TH ST","ALEXANDER AVE","WILLIS AVE","BRONX","1","15","29","84","08","3/31/1965",,,,
"1/1/2019","NEW LANE AREA","NY005010350","314","035","306","306","NY005242","FEDERAL","TURNKEY","NEW CONST (ELD)",,"276","277","996.0","3.61",,"348","348","244","0.891","1","0","2","10","120,879","2.78","120,879","2.78","29,107","2,204,124","24.08%","125","$18,511,313","$18,493","$327","LINDEN PL","NEW LANE","WATER FRONT TRACT",,"STATEN ISLAND","1","11","23","64","49","7/12/1984",,"EXCLUSIVELY","YES",
"1/1/2019","NOSTRAND","NY005010360","043","036","585","585","NY005268C","FEDERAL","CONVENTIONAL","NEW CONST",,"1,146","1,148","4,966.0","4.33",,"2,327","2,327","463","0.41","16","1","33","6","1,036,600","23.80","1,036,600","23.80","177,223","9,377,365","17.10%","98","$13,817,794","$2,779","$516","AVENUE V","BRAGG ST","AVENUE X","BATCHELDER ST","BROOKLYN","15","9","19","41","46","12/14/1950","1980/07/01-ATP 6",,,
"1/1/2019","OCEAN BAY APARTMENTS (OCEANSIDE)","NY005010980","051","165","573","571","NY005244F","FEDERAL","CONVENTIONAL","NEW CONST",,"417","418","1,766.5","4.24",,"837","837","140","0.34","7","0","14","6","354,220","8.13","310,500","7.13","66,101","3,931,321","18.66%","103","$5,137,275","$2,901","$548","ARVERNE BLVD","B 56TH ST","BEACH CHANNEL DR","B 54TH ST","QUEENS","14","5","10","31","31","2/28/1951","1979/08/01-ATP 4",,,
"1/1/2019","OCEAN HILL APARTMENTS","NY005011620","162","162","269","269","NY005072","FEDERAL","CONVENTIONAL","NEW CONST",,"238","238","1,077.0","4.53",,"640","640","62","0.266","3","1","4","14","112,916","2.59","112,916","2.59","16,412","2,178,743","14.53%","247","$4,875,929","$4,527","$684","BROADWAY","MACDOUGAL ST","MOTHER GASTON BLVD","CHERRY ST","BROOKLYN","16","8","18","55","37","3/31/1968",,,,
"1/1/2019","OCEAN HILL-BROWNSVILLE","NY005013510","313","351","287","765","NY005257","FEDERAL","TURNKEY","REHAB",,"125","125","540.5","4.32",,"304","304","16","0.131","5","0","5","4","242,141","5.56","242,141","5.56","78,188","2,000,000","32.29%","55","$8,068,686","$14,942","$599","RALPH AVE","ATLANTIC AVE","SARATOGA AVE","DEAN ST","BROOKLYN","16","8","25","55","41","11/10/1986",,,"YES",
"1/1/2019","O'DWYER GARDENS","NY005011720","172","172","582","582","NY005267D","FEDERAL","CONVENTIONAL","NEW CONST",,"570","573","2,204.0","3.87",,"947","947","305","0.544","6","1","7","15-16","276,010","6.34","276,010","6.34","34,501","5,421,328","12.50%","149","$15,000,000","$6,649","$525","W 32ND ST","SURF AVE","W 35TH ST","MERMAID AVE","BROOKLYN","13","8","23","46","47","12/31/1969","1980/07/01-ATP 5",,,
"1/1/2019","PALMETTO GARDENS","NY005012470","195","247","393","393","NY005196","FEDERAL","TURNKEY","NEW CONST (ELD)",,"113","115","340.5","3.01",,"117","117","107","0.955","1","0","1","6","27,419","0.63","27,419","0.63","12,739","750,300","46.46%","186","$4,584,000","$12,257","$315","PALMETTO ST","GATES AVE","EVERGREEN AVE","BUSHWICK AVE","BROOKLYN","4","8","18","54","34","3/31/1977",,"EXCLUSIVELY",,
"1/1/2019","PARK AVENUE-EAST 122ND, 123RD STREETS","NY005012410","204","241","321","346","NY005127","FEDERAL","TURNKEY","NEW CONST",,"90","90","419.0","4.66",,"205","205","37","0.42","2","1","2","6","32,127","0.74","32,127","0.74","14,614","950,094","45.49%","277","$2,101,938","$5,017","$542","E 122ND ST","PARK AVE","E 123RD ST","LEXINGTON AVE","MANHATTAN","11","13","30","68","09","3/31/1970",,,,
"1/1/2019","PARK ROCK REHAB","NY005013510","351","351","765","765","NY005285","FEDERAL","TURNKEY","REHAB",,"134","134","582.0","4.34",,"319","319","31","0.235","9","0","9","4","53,914","1.24","53,914","1.24","33,105","166,531","61.40%","257","$10,500,000","$18,041","$679","BELMONT AVE","JEROME ST","SUTTER AVE","BARBEY ST","BROOKLYN","8","9","20, 25","55","36","9/1/1986",,,"YES",
"1/1/2019","PARKSIDE","NY005010470","047","047","580","580","NY005267B","FEDERAL","CONVENTIONAL","NEW CONST",,"879","879","3,712.5","4.22",,"1,734","1,734","359","0.413","14","0","20","6-7-14-15","485,455","11.14","453,178","10.40","96,415","7,454,500","19.86%","156","$9,676,316","$2,606","$506","ADEE AVE","WHITE PLAINS RD","ARNOW AVE","BRONX PARK EAST","BRONX","11","14","36","80","15","6/12/1951","1980/07/01-ATP 5",,,
"1/1/2019","PATTERSON","NY005000240","024","024","522","522","NY005216A","FEDERAL","CONVENTIONAL","NEW CONST",,"1,789","1,791","8,508.5","4.76",,"4,194","4,194","627","0.355","15","0","25","6-13","748,573","17.18","702,358","16.12","167,841","14,503,544","22.42%","244","$20,731,000","$2,433","$519","MORRIS AVE","THIRD AVE","E 145TH ST","E 139TH ST","BRONX","1","15","29","84","08","12/31/1950","1978/02/01-ATP 2",,,
"1/1/2019","PELHAM PARKWAY","NY005010390","039","039","586","586","NY005271A","FEDERAL","CONVENTIONAL","NEW CONST",,"1,265","1,266","5,446.5","4.31",,"2,472","2,472","528","0.422","23","0","38","6","1,034,160","23.74","967,252","22.21","184,875","10,665,277","17.88%","104","$15,295,753","$2,806","$541","PELHAM PKWY","WALLACE AVE","WILLIAMSBRIDGE RD","MACE AVE","BRONX","11","14","34","80","13","6/30/1950","1980/10/01-ATP 7",,,
"1/1/2019","PENNSYLVANIA AVENUE-WORTMAN AVENUE","NY005011940","194","194","305","305","NY005091","FEDERAL","CONVENTIONAL","NEW CONST",,"336","336","1,343.0","4.00",,"627","627","145","0.438","3","1","3","8-16","236,930","5.44","236,930","5.44","40,998","2,712,190","17.30%","115","$11,936,021","$8,606","$462","PENNSYLVANIA AVE","WORTMAN AVE","STANLEY AVE","VERMONT ST","BROOKLYN","5","8","19","60","42","9/30/1972",,,,
"1/1/2019","PINK","NY005000890","089","089","235","235","NY005035","FEDERAL","CONVENTIONAL","NEW CONST",,"1,500","1,500","7,098.0","4.73",,"3,651","3,651","471","0.317","22","2","25","8","1,354,844","31.10","1,311,306","30.10","193,511","13,316,063","14.28%","117","$20,134,047","$2,835","$557","CRESCENT ST","LINDEN BLVD","ELDERTS LA","STANLEY AVE","BROOKLYN","5","8","19","60","42","9/30/1959",,,,
"1/1/2019","POLO GROUNDS TOWERS","NY005001490","149","149","260","260","NY005062","FEDERAL","CONVENTIONAL","NEW CONST",,"1,614","1,614","7,682.0","4.76",,"3,941","3,941","581","0.365","4","4","12","30","659,780","15.15","659,780","15.15","83,689","14,904,498","12.68%","260","$32,292,784","$4,190","$545","DOUGLASS BLVD","W 155TH ST","HARLEM RIVER DR",,"MANHATTAN","10","13","30","71","09","6/30/1968",,,,
"1/1/2019","POMONOK","NY005000530","053","053","588","588","NY005271C","FEDERAL","CONVENTIONAL","NEW CONST",,"2,069","2,071","8,838.5","4.27",,"4,219","4,219","839","0.409","35","0","121","3-7-8","2,238,984","51.40","2,083,475","47.83","369,627","19,315,843","16.51%","82","$21,645,342","$2,446","$563","71ST AVE","PARSONS BLVD","KISSENA BLVD","65TH AVE","QUEENS","8","6","16","27","24","6/30/1952","1980/10/01-ATP 7",,,
"1/1/2019","PSS GRANDPARENT FAMILY APARTMENTS","NY005005600","560","560",,,"NY005387","MIXED FINANCE","TURNKEY","NEW CONST",,"50","51","235","4.7",,,,,,"1","0","1","6","25,595","0.59","25,595","0.59",,,,,"$12,020,098","$51,149",,"PROSPECT AVENUE","UNION AVENUE","EAST 163RD STREET",,"BRONX","3","15","32","79","17","5/24/2005",,,,"YES"
"1/1/2019","PUBLIC SCHOOL 139 (CONVERSION)","NY005011110","340","111","774","774","NY005260","FEDERAL","TURNKEY","REHAB (ELD)",,"125","125","423.5","3.39",,"140","140","100","0.813","1","0","2","5","64,945","1.49","64,945","1.49","26,325","2,943,660","40.53%","94","$7,898,759","$18,348","$393","W 139,140TH STS","POWELL BLVD","LENOX AVE",,"MANHATTAN","10","13","30","70","09","10/8/1986",,"EXCLUSIVELY","YES",
"1/1/2019","QUEENSBRIDGE NORTH","NY005005050","505","505","398","398","NY005002B","FEDERAL","CONVENTIONAL","NEW CONST",,"1,542","1,543","6,337.0","4.11",,"3,129","3,129","582","0.382","13","1","48","6","886,643","20.35","689,843","15.84","191,356","11,314,111","21.58%","154","$6,466,805","$1,010","$556","41ST AVE","VERNON BLVD","40TH AVE","21ST ST","QUEENS","1","12","12","37","26","3/15/1940",,,,
"1/1/2019","QUEENSBRIDGE SOUTH","NY005000050","005","005","843","843","NY005002A","FEDERAL","CONVENTIONAL","NEW CONST",,"1,603","1,604","6,625.5","4.13",,"3,284","3,284","610","0.387","13","2","50","6","1,268,298","29.12","820,525","18.84","198,609","11,742,973","15.66%","113","$7,054,601","$1,057","$521","41ST AVE","VERNON BLVD","41ST RD","21ST ST","QUEENS","1","12","12","37","26","3/15/1940",,,,
"1/1/2019","RALPH AVENUE REHAB","NY005011670","352","167","771","763","NY005290","FEDERAL","TURNKEY","REHAB",,"118","118","529.0","4.48",,"284","284","26","0.22","5","0","5","4","70,486","1.62","70,486","1.62","27,982","3,052,668","39.70%","175","$6,714,551","$12,693","$574","EAST NEW YORK AVE","RALPH AVE","SUTTER AVE","E 98TH ST","BROOKLYN","16","9","20","55","41","12/23/1986",,,"YES",
"1/1/2019","RANDALL AVENUE-BALCOM AVENUE","NY005010630","245","063","364","218","NY005179","FEDERAL","TURNKEY","NEW CONST (ELD)",,"251","252","823.5","3.28",,"276","276","217","0.886","3","0","3","6","230,000","5.28","230,000","5.28","48,175","1,582,410","20.95%","52","$9,186,414","$10,757","$354","RANDALL AVE","BALCOM AVE","SCHLEY AVE","BUTTRICK AVE","BRONX","10","14","34","82","13","10/31/1978",,"EXCLUSIVELY",,
"1/1/2019","RANDOLPH SOUTH","NY005026001","561",,,,,"MIXED FINANCE/NON-NYCHA","CONVENTIONAL","GUT REHAB",,"147","168",,,,,,,,"2","0",,"5","57,935",,,,,,,,,,,"WEST 114TH ST","FREDERICK DOUGLASS BLVD",,,"MANHATTAN","10","13","30","70","9",,,,,"YES"
"1/1/2019","RANGEL","NY005000370","037","037","317","317","NY005114E","FEDERAL","CONVENTIONAL","NEW CONST",,"982","984","4,515.0","4.60",,"2,141","2,141","339","0.357","8","0","9","14","475,672","10.92","475,672","10.92","71,671","7,911,809","15.07%","196","$10,613,000","$2,373","$573","HARLEM RIVER DR","POLO GROUNDS TOWERS","HARLEM RIVER DRIVEWAY",,"MANHATTAN","10","13","30","71","09","10/8/1951","1968/08/29-FED TRAN",,,
"1/1/2019","RAVENSWOOD","NY005000480","048","048","369","369","NY005184","FEDERAL","CONVENTIONAL","NEW CONST",,"2,164","2,166","9,134.0","4.22",,"4,278","4,278","871","0.406","31","0","45","6-7","1,667,814","38.29","1,537,135","35.29","346,053","18,107,100","20.75%","112","$21,403,996","$2,342","$588","12TH ST","34TH AVE","24TH ST","36TH AVE","QUEENS","1","12","12","37","26","7/19/1951","1971/06/29-FED TRAN",,,
"1/1/2019","RED HOOK EAST","NY005000040","004","004","202","202","NY005001","FEDERAL","CONVENTIONAL","NEW CONST",,"1,404","1,411","5,888.0","4.19",,"2,832","2,832","540","0.396","16","3","51","2-6","856,003","19.65","856,003","19.65","192,198","10,734,477","22.45%","144",,,"$525","CLINTON ST","LORRAINE ST","COLUMBIA ST","WEST 9TH ST","BROOKLYN","6","7","25","51","38",,,,,
"1/1/2019","RED HOOK I","***","004, 079","004, 079","202","202, 230","NY005001","FEDERAL","CONVENTIONAL","NEW CONST",,"2,531","2,545","10,591","4.18",,"5,173","5,137","975","0.397","27","3","89","2-6","1,452,438","33.34","1,452,438","33.34","326,157","19,292,734","22.46%","154","$12,102,930","$1,137","$517","DWIGHT ST","CLINTON ST","W 9TH ST","LORRAINE ST","BROOKLYN","6","7","25","51","38","11/20/1939",,,,
"1/1/2019","RED HOOK II","NY005000790","079*","079","230","230","NY005029","FEDERAL","CONVENTIONAL","NEW CONST",,"344","346","1,618","4.70",,"860","860","93","0.275","3","1","12","3-14","245,292","5.63","245,292","5.63","35,301","2,896,000","14.39%","153","$4,517,169","$2,776","$615","RICHARDS ST","DWIGHT ST","WOLCOTT ST","RED HOOK PARK","BROOKLYN","6","7","25","51","38","5/27/1955",,,,
"1/1/2019","RED HOOK WEST","NY005000790","079","079","202 - BLDGS 15-25, 230 - BLDGS 1-4","230","NY005001 - BLDGS 15-25, NY005029 - BLDGS 1-4","FEDERAL","CONVENTIONAL","NEW CONST",,"1,471","1,480","6,320.5","4.30",,"3,165","3,165","528","0.369","14","1","50","3-6-14","841,727","19.32","841,727","19.32","169,260","11,454,257","20.11%","164",,,"$532","RICHARDS ST","LORRAINE ST","HICKS ST","WEST 9TH ST","BROOKLYN","6","7","25","51","38",,,,,
"1/1/2019","REDFERN","NY005000550","055","055","525","525","NY005216D","FEDERAL","CONVENTIONAL","NEW CONST",,"599","604","2,908.5","4.86",,"1,573","1,573","185","0.315","9","0","16","6-7","817,865","18.78","726,038","16.67","95,461","5,602,438","11.67%","84","$9,334,000","$3,186","$506","REDFERN AVE","HASSOCK ST","BEACH CHANNEL DR","B 12TH ST","QUEENS","14","5","10","31","31","8/28/1959","1978/02/01-ATP 2",,,
"1/1/2019","REHAB PROGRAM (COLLEGE POINT)","NY005011860","143","186","297","290","NY005076E","FEDERAL","CONVENTIONAL","REHAB (ELD)",,"13","13","32.5","2.50",,"13","13","12","0.923","1","0","1","1","15,000","0.34","15,000","0.34","9,320","115,995","62.13%","38","$5,909,934","$4,821","$235","125TH ST","22ND AVE","126TH ST",,"QUEENS","7","14","11","27","19","1/31/1964",,"EXCLUSIVELY",,
"1/1/2019","REHAB PROGRAM (DOUGLASS REHABS)","NY005013170","515","359","255 - BLDGS 2-4, 299 - BLDG 1","255","NY005076A - BLDG 3-4, NY005076B - BLDGS 2, NY005076C - BLDG 1","FEDERAL","CONVENTIONAL","REHAB",,"112","112","413.0","3.69",,"182","182","43","0.384","4","0","9","3-6-7","24,462","0.56","24,462","0.56","16,326","1,247,684","66.74%","325",,,"$543","W 104TH ST","BROADWAY","W 101ST ST","WEST END AVE","MANHATTAN","7","10","31","69","06","1/31/1964",,,,"YES"
"1/1/2019","REHAB PROGRAM (TAFT REHABS)","NY005013170","516","359","295 - BLDG 1, 293 - BLDGS 2,3 292 - BLDG 4","295","NY005076G - BLDG 1, NY005076I - BLDG 2, 3,  NY005076J - BLDG 4","FEDERAL","CONVENTIONAL","REHAB",,"156","156","602.0","3.86",,"290","290","44","0.284","4","0","4","7","27,171","0.62","27,171","0.62","22,914","1,809,773","84.33%","468",,,"$540","SAINT NICHOLAS AVE","W 119TH ST","LENOX AVE","W 112TH ST","MANHATTAN","10","13","30","70","09","1/31/1964",,,,"YES"
"1/1/2019","REHAB PROGRAM (WISE REHAB)","NY005011270","517","127","298","259","NY005076D","FEDERAL","CONVENTIONAL","REHAB",,"40","40","159.0","3.98",,"67","67","18","0.45","1","0","1","5","10,071","0.23","10,071","0.23","7,367","472,901","73.15%","291",,,"$628","COLUMBUS AVE","W 94TH ST","CENTRAL PARK WEST","W 93RD ST","MANHATTAN","7","10","30","69","06","1/31/1964",,,,
"1/1/2019","REID APARTMENTS","NY005011670","167","167","283","283","NY005089","FEDERAL","CONVENTIONAL","NEW CONST (ELD)",,"227","230","681.5","3.00",,"235","235","206","0.92","1","0","1","20","68,762","1.58","68,762","1.58","13,285","1,397,832","19.32%","149","$3,910,160","$5,227","$318","TROY AVE","ALBANY AVE","EAST NEW YORK AVE","MAPLE ST","BROOKLYN","9","9","20","43","41","11/30/1969",,"EXCLUSIVELY",,
"1/1/2019","RICHMOND TERRACE","NY005011170","117","117","241","241","NY005039","FEDERAL","CONVENTIONAL","NEW CONST",,"488","489","2,308.0","4.73",,"1,269","1,269","137","0.284","6","1","7","8","464,184","10.66","440,715","10.12","57,285","4,498,022","12.34%","119","$9,551,430","$4,129","$530","JERSEY ST","RICHMOND TERR","CRESCENT AVE",,"STATEN ISLAND","1","11","23","61","49","4/30/1964",,,,
"1/1/2019","RIIS","NY005010180","018","018","210","210","NY005008","FEDERAL","CONVENTIONAL","NEW CONST",,"1,191","1,191","5,666.5","4.76",,"2,715","2,715","464","0.398","13","0","18","6-13-14","510,926","11.73","510,926","11.73","103,446","9,657,260","20.25%","231","$13,510,289","$2,411","$595","FDR DR","AVENUE D","E 8TH ST","E 13TH ST","MANHATTAN","3","7","27","74","02","1/17/1949",,,,
"1/1/2019","RIIS II","NY005010180","019","018","372","210","NY005181D","FEDERAL","CONVENTIONAL","NEW CONST",,"577","578","2,720.5","4.71",,"1,271","1,271","244","0.426","6","0","8","6-13-14","258,562","5.94","258,562","5.94","43,916","4,497,120","16.98%","214","$6,339,520","$2,344","$542","FDR DR","AVENUE D","EAST 6TH ST","EAST 8TH ST","MANHATTAN","3","7","27","74","02","1/31/1949","1972/06/29-FED TRAN",,,
"1/1/2019","ROBBINS PLAZA","NY005011390","218","139","329","253","NY005151","FEDERAL","CONVENTIONAL","NEW CONST (ELD)",,"150","150","470.0","3.13",,"160","160","136","0.919","1","0","1","20","12,553","0.29","12,553","0.29","6,773","974,866","53.96%","552","$4,855,905","$9,568","$340","E 70TH ST","FIRST AVE","E 71ST ST","SECOND AVE","MANHATTAN","8","12","28","76","05","2/28/1975",,"EXCLUSIVELY",,
"1/1/2019","ROBINSON","NY005012410","241","241","346","346","NY005173","FEDERAL","TURNKEY","NEW CONST",,"188","189","834.0","4.44",,"421","421","70","0.376","1","0","2","8","64,945","1.49","64,945","1.49","22,776","1,802,766","35.07%","283","$5,990,000","$7,068","$565","E 128TH ST","E 129TH ST","LEXINGTON AVE","PARK AVE","MANHATTAN","11","13","30","68","09","5/31/1973",,,,
"1/1/2019","ROOSEVELT I","NY005011350","135","135","227","227","NY005054","FEDERAL","CONVENTIONAL","NEW CONST",,"761","763","3,575.5","4.70",,"1,814","1,814","323","0.428","6","0","6","14-15-18","340,000","7.81","340,000","7.81","52,168","6,754,320","15.34%","232","$14,017,427","$3,914","$526","KOSCIUSKO ST","PULASKI ST","MARCUS GARVEY BLVD","STUYVESANT AVE","BROOKLYN","3","8","18","54, 56","36","9/30/1964",,"PARTIALLY",,
"1/1/2019","ROOSEVELT II","NY005011350","177","135","281","227","NY005083","FEDERAL","CONVENTIONAL","NEW CONST",,"342","342","1,496.0","4.37",,"727","727","139","0.41","3","0","3","14-15","146,506","3.36","146,506","3.36","24,067","2,801,874","16.43%","216","$6,450,218","$4,312","$538","LEWIS AVE","STUYVESANT AVE","HART ST","PULASKI ST","BROOKLYN","3","8","18","54","36","12/31/1966",,,,
"1/1/2019","RUTGERS","NY005020990","099","099","439","439","NY005382","MIXED FINANCE/LLC1","CONVENTIONAL","NEW CONST","102","721","721","3,358.5","4.66","26","1,325","1,585","343","0.48","5","0","5","20","227,341","5.22","227,341","5.22","39,355","5,936,573","17.31%","304","$14,090,000","$4,277","$544","CHERRY ST","PIKE ST","MADISON ST","RUTGERS ST","MANHATTAN","3","7","26","65","01","3/31/1965",,,,
"1/1/2019","RUTLAND TOWERS","NY005011670","282","167","508","283","NY005211","FEDERAL","CONVENTIONAL","REHAB",,"60","61","218.0","3.63",,"100","100","29","0.492","1","0","1","6","19,400","0.45","19,400","0.45","13,470","642,963","69.43%","222","$1,594,181","$6,727","$502","EAST NEW YORK AVE","E 91ST ST","E 92ND ST","RUTLAND RD","BROOKLYN","17","9","20","58","41","5/17/1977",,,,
"1/1/2019","SACK WERN","NY005012800","280","280","506","506","NY005205","FEDERAL","CONVENTIONAL","REHAB",,"411","413","1,891.5","4.60",,"864","864","166","0.409","7","1","8","6","226,969","5.21","226,969","5.21","63,056","3,782,352","27.78%","166","$8,699,894","$4,528","$573","BEACH AVE","TAYLOR AVE","NOBLE AVE","ROSEDALE AVE","BRONX","9","15","34","85","18","5/12/1977",,,,
"1/1/2019","SAINT MARY'S PARK","NY005020930","093","093","673","673","NY005384","MIXED FINANCE/LLC1","CONVENTIONAL","NEW CONST","210","1,005","1,007","4,523.5","4.50","539","1,760","2,299","344","0.347","6","0","6","21","588,851","13.52","545,801","12.53","57,006","8,922,933","9.68%","170","$16,351,823","$3,607","$512","CAULDWELL AVE","E 156TH ST","WESTCHESTER AVE","TRINITY AVE","BRONX","1","15","29, 32","79, 84","17","4/30/1959",,,,
"1/1/2019","SAINT NICHOLAS","NY005000380","038","038","211","211","NY005010","FEDERAL","CONVENTIONAL","NEW CONST",,"1,525","1,526","7,109.5","4.66",,"3,426","3,426","533","0.358","13","0","14","14","680,670","15.63","625,559","14.36","105,458","13,112,212","15.49%","219","$20,560,063","$2,891","$529","W 127TH ST","DOUGLASS BLVD","POWELL BLVD","W 131ST ST","MANHATTAN","10","13","30","70","09","9/30/1954",,,,
"1/1/2019","SAMUEL (CITY)","NY005023770","377","377","650","650","NY005375","MIXED FINANCE/LLC1","CONVENTIONAL","REHAB","105","664","664","2,824.0","4.25","241","1,171","1,412","173","0.265","40","2","43","5-6-7","201,872","4.63","201,872","4.63","116,528","7,142,241","57.72%","305","$0",,"$660","LENOX AVE","W 139TH ST","W 147TH ST","AC POWELL BLVD","MANHATTAN","10","13","30","70, 71","09","8/31/1994",,,"YES",
"1/1/2019","SAMUEL (MHOP) I","NY005013170","389","359","847","847","NY005335","MHOP","CONVENTIONAL","REHAB",,"24","53","108.0","4.50",,"38","38","10","0.417","5","0","5","5","13,819","0.32","13,819","0.32","11,274","607,774","81.58%","119","$4,630,200","$19,661","$800","W 139TH ST","AC POWELL BLVD","W 141ST ST","LENOX AVE","MANHATTAN","10","13","30","70","09","1/31/1994",,,"YES","YES"
"1/1/2019","SAMUEL (MHOP) II","NY005013170","398","359","871","871","NY005345","MHOP","CONVENTIONAL","REHAB",,"4","10","20.0","5.00",,"12","12","0","0.0","1","0","1","5","3,098","0.07","3,098","0.07","2,326","114,675","75.08%","171","$967,700","$20,160","$1,036","AC POWELL BLVD","W 139TH ST","LENOX AVE",,"MANHATTAN","10","13","30","70","09","7/31/1993",,,"YES","YES"
"1/1/2019","SAMUEL (MHOP) III","NY005013170","399","359","483","483","NY005359","MHOP","CONVENTIONAL","REHAB",,"1","10","4.5","4.50",,"3","3","0","0.0","1","0","1","5","5,396","0.12","5,396","0.12","1,599","114,675","29.63%","25","$887,005","$20,159","$1,431","AC POWELL BLVD","W 142ND ST","LENOX AVE",,"MANHATTAN","10","13","30","71","09","6/30/1995",,,"YES","YES"
"1/1/2019","SARATOGA VILLAGE","NY005011620","158","162","274","269","NY005067","FEDERAL","CONVENTIONAL","NEW CONST",,"125","125","562.5","4.50",,"298","298","42","0.336","1","0","1","16","54,935","1.26","54,935","1.26","6,911","1,037,975","12.58%","237","$2,334,676","$4,147","$613","SARATOGA AVE","HANCOCK ST","HALSEY ST",,"BROOKLYN","16","8","18","55","41","12/31/1966",,,,
"1/1/2019","SEDGWICK","NY005010450","045","045","368","368","NY005183B","FEDERAL","CONVENTIONAL","NEW CONST",,"783","786","3,316.5","4.24",,"1,457","1,457","341","0.439","7","0","7","14-15","319,008","7.32","319,008","7.32","59,598","6,642,484","18.68%","199","$8,397,841","$2,529","$491","UNDERCLIFF AVE","W 174TH ST","UNIVERSITY AVE",,"BRONX","5","13","29","77","16","3/23/1951","1972/06/29-FED TRAN",,,
"1/1/2019","SEWARD PARK EXTENSION","NY005011000","192","100","312","312","NY005100","FEDERAL","CONVENTIONAL","NEW CONST",,"360","360","1,591.0","4.42",,"796","796","146","0.412","2","2","5","23","90,637","2.08","90,637","2.08","23,922","3,370,430","26.39%","383","$11,871,465","$7,394","$511","BROOME ST","NORFOLK ST","GRAND ST","ESSEX ST","MANHATTAN","3","12","26","65","01","10/31/1973",,,,
"1/1/2019","SHEEPSHEAD BAY","NY005010360","036","036","314","314","NY005114B","FEDERAL","CONVENTIONAL","NEW CONST",,"1,054","1,056","4,911.0","4.66",,"2,383","2,383","371","0.354","18","0","36","6","1,036,600","23.80","953,637","21.89","159,727","10,080,777","15.41%","100","$12,596,000","$2,573","$542","AVENUE X","BATCHELDER ST","AVENUE V","NOSTRAND AVE","BROOKLYN","15","9","19","41","46","8/8/1950","1968/08/29-FED TRAN",,,
"1/1/2019","SHELTON HOUSE","NY005010910","279","091","505","240","NY005203","FEDERAL","CONVENTIONAL","REHAB (ELD)",,"153","155","475.5","3.11",,"164","164","138","0.92","1","0","1","12","21,844","0.50","21,844","0.50","14,991","1,287,831","68.63%","328","$3,615,000","$7,061","$325","162ND ST","89TH AVE","163RD ST","JAMAICA AVE","QUEENS","12","5","14","32","24","10/31/1978",,"EXCLUSIVELY","YES",
"1/1/2019","SMITH","NY005000270","027","027","531","531","NY005220B","FEDERAL","CONVENTIONAL","NEW CONST",,"1,934","1,935","8,988.0","4.65",,"4,126","4,126","923","0.481","12","0","12","17","947,493","21.75","806,175","18.51","126,462","15,937,490","13.35%","190","$29,083,000","$3,270","$551","MADISON ST","CATHERINE ST","SOUTH ST","SAINT JAMES PL","MANHATTAN","3","7","26","65","01","4/27/1953","1978/07/01-ATP 3",,,
"1/1/2019","SOTOMAYOR HOUSES","NY005010670","067","067","222","222","NY005022","FEDERAL","CONVENTIONAL","NEW CONST",,"1,495","1,497","6,963.5","4.66",,"3,286","3,286","567","0.384","28","3","31","7","1,340,519","30.77","1,340,519","30.77","190,435","12,238,008","14.21%","107","$17,963,549","$2,564","$542","WATSON AVE","BRUCKNER BLVD","SOUNDVIEW AVE","LELAND AVE","BRONX","9","15","32","85","18","2/28/1955",,,,
"1/1/2019","SOUNDVIEW","NY005000710","071","071","537","537","NY005220H","FEDERAL","CONVENTIONAL","NEW CONST",,"1,258","1,259","5,863.0","4.66",,"2,901","2,901","493","0.396","13","2","28","7","1,076,761","24.72","1,076,761","24.72","164,048","10,481,330","14.32%","117","$13,445,000","$2,308","$500","ROSEDALE AVE","LACOMBE AVE","BRONX RIVER AVE","SOUNDVIEW PK","BRONX","9","15","32","85","18","10/29/1954","1978/07/01-ATP 3",,,
"1/1/2019","SOUTH BEACH","NY005010350","035","035","315","315","NY005114C","FEDERAL","CONVENTIONAL","NEW CONST",,"421","422","1,936.5","4.60",,"891","891","183","0.441","8","0","15","6","708,283","16.26","638,737","14.66","68,084","3,921,651","9.61%","55","$5,377,000","$2,795","$479","KRAMER ST","LAMPORT BLVD","REID AVE","PARKINSON AVE","STATEN ISLAND","2","11","23","64","50","3/20/1950","1968/08/29-FED TRAN",,,
"1/1/2019","SOUTH BRONX AREA (SITE 402)","NY005013420","305","342","550","753","NY005224","FEDERAL","TURNKEY","NEW CONST",,"112","114","592.0","5.29",,"383","383","18","0.162","4","0","19","3","149,500","3.43","149,500","3.43","41,764","1,301,202","27.94%","112","$8,902,455","$14,764","$636","E 158TH ST","E 161ST ST","CAULDWELL AVE","EAGLE AVE","BRONX","1","15","32","79","17","5/1/1988",,,"YES",
"1/1/2019","SOUTH JAMAICA I","NY005010080","008","008","206","206","NY005004","FEDERAL","CONVENTIONAL","NEW CONST",,"448","448","1,797.0","4.01",,"841","841","144","0.339","11","1","33","3-4","392,989","9.02","392,989","9.02","82,310","2,940,659","20.94%","93","$2,117,392","$1,182","$515","158TH ST","SOUTH RD","160TH ST","109TH AVE","QUEENS","12","5","10, 14","32","28","8/1/1940",,,,
"1/1/2019","SOUTH JAMAICA II","NY005010080","066","008","220","206","NY005018","FEDERAL","CONVENTIONAL","NEW CONST",,"598","600","2,811.0","4.70",,"1,449","1,449","166","0.283","16","0","27","3-7","579,217","13.30","579,217","13.36","116,506","5,268,542","20.11%","109","$8,541,145","$3,030","$592","SOUTH RD","160TH ST","BRINKERHOFF AVE","158TH ST","QUEENS","12","5","10, 14","32","28","10/25/1954",,,,
"1/1/2019","STANTON STREET","NY005013590","559","359","841","840","NY005326","FEDERAL","TURNKEY","NEW CONST",,"13","13","66.5","5.12",,"35","35","2","0.154","1","0","1","6","5,000","0.11","5,000","0.11","3,600",,"72.00%","318","$4,561,538","$68,595","$468","ATTORNEY ST","STANTON ST","RIDGE ST",,"MANHATTAN","3","12","26","65","01","12/1/2003",,,"YES","YES"
"1/1/2019","STAPLETON","NY005021140","114","114","436","436","NY005383","MIXED FINANCE/LLC1","CONVENTIONAL","NEW CONST","125","693","693","3,358.5","4.85","355","1,711","2,066","202","0.306","6","1","12","1, 8","734,857","16.87","611,147","14.03","76,976","6,441,281","10.47%","122","$12,271,000","$3,654","$521","BROAD & HILL STS","TOMPKINS AVE","WARREN ST","GORDON ST","STATEN ISLAND","1","11","23","61","49","5/31/1962",,,,
"1/1/2019","STEBBINS AVENUE-HEWITT PLACE","NY005013420","353","342","770","753","NY005280","FEDERAL","TURNKEY","NEW CONST",,"119","120","535.5","4.50",,"274","274","37","0.311","2","0","14","3","123,156","2.83","123,156","2.83","42,267","1,098,942","34.32%","97","$8,851,338","$16,391","$648","HEWITT PL","WESTCHESTER AVE","REV JAMES A POLITE AVE","DAWSON ST","BRONX","2","15","32","85","17","4/17/1987",,,"YES",
"1/1/2019","STERLING PLACE REHABS (SAINT JOHNS-STERLING)","NY005013510","366","351","801","765","NY005250","FEDERAL","TURNKEY","REHAB",,"83","83","440.5","5.31",,"275","275","12","0.146","5","0","5","4","49,149","1.13","49,149","1.13","28,039","1,312,849","57.05%","243","$9,091,865","$20,640","$709","SAINT JOHNS PL & PARK PL","STERLING PL","BUFFALO AVE & UTICA AVE","RALPH AVE","BROOKLYN","8","9","20, 25","55","36, 41","5/11/1991",,,"YES",
"1/1/2019","STERLING PLACE REHABS (STERLING-BUFFALO)","NY005013510","368","351","837","765","NY005305","FEDERAL","TURNKEY","REHAB",,"125","125","593.5","4.75",,"329","329","25","0.202","7","0","7","4","48,928","1.12","48,928","1.12","36,119","1,656,285","73.82%","294","$12,235,716","$20,616","$614","SAINT JOHNS PL & PARK PL","STERLING PL","BUFFALO AVE & UTICA AVE","RALPH AVE","BROOKLYN","8","9","20, 25","55","36, 41","5/11/1991",,,"YES",
"1/1/2019","STRAUS","NY005011530","153","153","263","263","NY005063","FEDERAL","CONVENTIONAL","NEW CONST",,"267","267","1,162.5","4.35",,"550","550","127","0.481","2","0","2","19-20","46,018","1.06","46,018","1.06","12,476","2,133,126","27.11%","519","$5,442,401","$4,674","$564","THIRD AVE","E 28TH ST","SECOND AVE","E 27TH ST","MANHATTAN","6","12","28","74","02","1/31/1965",,,,
"1/1/2019","STUYVESANT GARDENS I","NY005012210","221","221","337","337","NY005133","FEDERAL","TURNKEY","NEW CONST",,"329","331","1,614.5","4.91",,"828","828","96","0.293","5","0","25","4","202,058","4.64","202,058","4.64","92,431","3,341,149","45.74%","178","$10,070,462","$6,212","$626","QUINCY ST","MALCOLM X BLVD","MONROE ST","LEWIS AVE","BROOKLYN","3","8","25","56","36","8/31/1972",,,,
"1/1/2019","STUYVESANT GARDENS II","NY005012210","333","221","755","755","NY005269","FEDERAL","TURNKEY","NEW CONST (ELD)",,"150","150","525.0","3.50",,"166","166","135","0.912","1","0","1","7","70,050","1.61","70,050","1.61","16,458","1,044,874","23.49%","103","$9,991,893","$19,032","$396","QUINCY ST","MALCOLM X BLVD","MONROE ST","STUYVESANT AVE","BROOKLYN","3","8","25","56","36","2/28/1986",,"EXCLUSIVELY","YES",
"1/1/2019","SUMNER","NY005010730","073","073","538","538","NY005220I","FEDERAL","CONVENTIONAL","NEW CONST",,"1,098","1,099","5,007.0","4.56",,"2,288","2,288","470","0.432","13","0","24","7-12","963,265","22.11","905,577","20.79","131,812","8,881,677","13.68%","103","$18,007,000","$3,608","$528","PARK AVE","LEWIS AVE","MYRTLE AVE","THROOP AVE","BROOKLYN","3","8","18","56","36","5/14/1958","1978/07/01-ATP 3",,,
"1/1/2019","SURFSIDE GARDENS","NY005011700","170","170","278","278","NY005087","FEDERAL","CONVENTIONAL","NEW CONST",,"594","600","2,550.0","4.29",,"1,141","1,141","358","0.617","5","0","5","14-15","323,050","7.42","323,050","7.42","36,810","5,005,316","11.39%","154","$13,577,964","$5,261","$450","W 31ST ST","NEPTUNE AVE","W 33RD ST","SURF AVE","BROOKLYN","13","8","23","46","47","6/30/1969",,"PARTIALLY",,
"1/1/2019","SUTTER AVENUE-UNION STREET","NY005011670","369","167","807","203","NY005311","FEDERAL","TURNKEY","REHAB",,"100","100","467.0","4.67",,"254","254","19","0.192","3","0","3","4-6","37,500","0.86","37,500","0.86","21,424","1,011,839","57.13%","295","$9,370,007","$20,064","$678","SUTTER AVE","UNION STREET","EAST NEW YORK AVE",,"BROOKLYN","16","9","20","55","41","8/31/1995",,,"YES",
"1/1/2019","TAFT","NY005010970","097","097","261","261","NY005064","FEDERAL","CONVENTIONAL","NEW CONST",,"1,463","1,470","6,597.5","4.51",,"3,074","3,074","588","0.407","9","1","19","19","537,645","12.34","537,645","12.34","105,527","13,161,342","19.63%","249","$28,867,029","$4,367","$539","E 112TH ST","E 115TH ST","PARK AVE","FIFTH AVE","MANHATTAN","11","13","30","68","08, 09","12/31/1962",,,,
"1/1/2019","TAPSCOTT STREET REHAB","NY005011670","354","167","775","763","NY005278","FEDERAL","TURNKEY","REHAB",,"155","155","687.5","4.44",,"349","349","39","0.255","8","0","8","4","64,755","1.49","64,755","1.49","37,312","1,679,040","57.62%","234","$10,106,270","$14,721","$532","SUTTER AVE","GRAFTON ST","DUMONT AVE","UNION ST","BROOKLYN","16","9","20","55","41","1/24/1986",,,"YES",
"1/1/2019","TAYLOR STREET-WYTHE AVENUE","NY005012340","234","234","358","358","NY005141","FEDERAL","TURNKEY","NEW CONST",,"525","525","2,465.5","4.70",,"1,226","1,226","227","0.438","5","1","6","8-11-12-13","183,100","4.20","183,100","4.20","57,205","5,051,383","31.24%","292","$20,178,024","$8,118","$477","WYTHE AVE","CLYMER ST","ROSS ST",,"BROOKLYN","1","7","18","50","33","6/30/1974",,,,
"1/1/2019","TELLER AVENUE-EAST 166TH STREET","NY005013080","223","308","344","344","NY005163","FEDERAL","TURNKEY","NEW CONST",,"90","90","352.0","3.91",,"185","185","41","0.461","1","0","1","6","27,481","0.63","27,481","0.63","12,354","816,812","44.95%","294","$2,296,895","$6,363","$463","TELLER AVE","E 167TH ST","CLAY AVE","E 166TH ST","BRONX","4","15","32","77","16","9/30/1971",,,,
"1/1/2019","THOMAS APARTMENTS","NY005011270","268","127","387","259","NY005192","FEDERAL","TURNKEY","NEW CONST (ELD)",,"87","87","304.5","3.50",,"96","96","75","0.872","1","0","1","11","9,410","0.22","9,410","0.22","6,641","652,000","70.57%","436","$11,188,636","$36,744","$375","W 90TH ST","AMSTERDAM AVE","W 91ST ST","COLUMBUS AVE","MANHATTAN","7","10","30","69","06","8/31/1994",,"EXCLUSIVELY","YES",
"1/1/2019","THROGGS NECK","NY005010630","063","063","218","218","NY005015","FEDERAL","CONVENTIONAL","NEW CONST",,"1,182","1,185","5,423.0","4.59",,"2,648","2,648","407","0.349","29","2","66","3-7","1,430,081","32.83","1,430,081","32.83","228,989","11,440,850","16.01%","81","$15,541,569","$2,859","$540","RANDALL AVE","CALHOUN AVE","SAMPSON AVE","BALCOM AVE","BRONX","10","14","34","82","13","11/27/1953",,,,
"1/1/2019","THROGGS NECK ADDITION","NY005010630","193","063","303","218","NY005098","FEDERAL","CONVENTIONAL","NEW CONST",,"287","287","1,330.5","4.64",,"692","692","112","0.4","4","0","4","8-11","384,899","8.84","384,899","8.84","39,315","2,755,918","10.21%","78","$7,405,898","$5,523","$542","DEWEY AVE","BALCOLM AVE","RANDALL AVE","THROGGS NECK HOUSES","BRONX","10","14","34","82","13","9/30/1971",,,,
"1/1/2019","TILDEN","NY005000720","096","096","233","233","NY005034","FEDERAL","CONVENTIONAL","NEW CONST",,"998","998","4,750.0","4.76",,"2,556","2,556","326","0.332","8","1","9","16","465,764","10.69","465,764","10.69","66,416","8,888,637","14.26%","239","$14,827,430","$3,122","$492","DUMONT AVE","MOTHER GASTON BLVD","LIVONIA AVE","ROCKAWAY AVE","BROOKLYN","16","9","20","55","41","6/30/1961",,,,
"1/1/2019","TODT HILL","NY005000520","042","042","583","583","NY005268A","FEDERAL","CONVENTIONAL","NEW CONST",,"502","502","2,174.0","4.33",,"1,005","1,005","190","0.384","7","0","14","6","581,056","13.34","532,084","12.21","79,116","4,454,900","13.62%","75","$6,509,155","$2,994","$579","MANOR RD","SCHMIDTS LA","LAGUARDIA AVE","WESTWOOD AVE","STATEN ISLAND","2","11","24","63","49","6/1/1950","1980/07/01-ATP 6",,,
"1/1/2019","TOMPKINS","NY005011310","131","131","246","246","NY005046","FEDERAL","CONVENTIONAL","NEW CONST",,"1,045","1,046","5,218.5","4.99",,"2,818","2,818","352","0.34","8","1","13","8-16","521,950","11.98","521,950","11.98","94,386","9,894,217","18.08%","235","$18,445,969","$3,532","$572","PARK AVE","THROOP AVE","MYRTLE AVE","TOMPKINS AVE","BROOKLYN","3","8","18","56","36","7/31/1964",,,,
"1/1/2019","TWIN PARKS EAST (SITE 9)","NY005012270","287","180","577","577","NY005227","FEDERAL","CONVENTIONAL","NEW CONST (ELD)",,"219","219","689.5","3.15",,"231","231","189","0.875","1","0","1","14","71,490","1.64","71,490","1.64","11,388","1,505,284","15.93%","141","$11,406,932","$16,520","$296","CLINTON AVE","E 180TH ST","PROSPECT AVE","OAKLAND PL","BRONX","6","15","33","79","15","4/30/1982",,"EXCLUSIVELY","YES",
"1/1/2019","TWO BRIDGES URA (SITE 7)","NY005010760","266","076","389","221","NY005194","FEDERAL","TURNKEY","NEW CONST",,"250","250","1,251.0","5.00",,"622","622","107","0.428","1","0","1","26","31,735","0.73","31,735","0.73","13,314","2,613,000","41.95%","852","$10,508,730","$8,414","$650","CLINTON ST","SOUTH ST","CHERRY ST","MONTGOMERY ST","MANHATTAN","3","7","26","65","01","4/30/1975",,,,
"1/1/2019","UNION AVENUE-EAST 163RD STREET","NY005013420","342","342","753","753","NY005214","FEDERAL","TURNKEY","NEW CONST (ELD)",,"199","200","696.5","3.50",,"229","229","172","0.882","1","0","1","9","115,299","2.65","115,299","2.65","18,632","1,502,857","16.16%","86","$12,675,000","$18,107","$325","E 165TH ST","PROSPECT AVE","E 163RD ST","UNION AVE","BRONX","3","15","32","79","17","3/11/1985",,"EXCLUSIVELY","YES",
"1/1/2019","UNION AVENUE-EAST 166TH STREET","NY005013420","356","342","768","753","NY005291","FEDERAL","TURNKEY","NEW CONST",,"120","120","539.0","4.49",,"280","280","38","0.322","6","0","20","3","98,707","2.27","98,707","2.27","38,943","1,022,257","39.45%","123","$9,239,549","$17,142","$556","E 166TH ST","PROSPECT AVE","HOME ST","UNION AVE","BRONX","3","15","32","79","17","9/1/1988",,,"YES",
"1/1/2019","UNITY PLAZA (SITES 17,24,25A)","NY005012610","240","261","348","375","NY005169","FEDERAL","TURNKEY","NEW CONST",,"167","167","768.5","4.60",,"471","471","41","0.247","3","0","3","6","80,525","1.85","80,525","1.85","27,159","2,001,480","33.73%","255","$5,191,821","$6,699","$583","SUTTER AVE","BLAKE AVE","SHEFFIELD AVE","ALABAMA AVE","BROOKLYN","5","8","19","60","42","11/30/1973",,,,
"1/1/2019","UNITY PLAZA (SITES 4-27)","NY005012610","261","261","318","375","NY005117","FEDERAL","CONVENTIONAL","NEW CONST",,"460","462","2,141.0","4.65",,"1,133","1,133","130","0.288","5","0","13","6","249,250","5.72","249,250","5.72","89,543","5,304,133","35.92%","198","$16,798,483","$7,813","$557","BLAKE ST","SHEFFIELD AVE","DUMONT AVE","HINSDALE ST","BROOKLYN","5","8","19","60","42","9/30/1973",,,,
"1/1/2019","UNIVERSITY AVENUE REHAB","NY005013410","341","341","762","762","NY005283","FEDERAL","TURNKEY","REHAB",,"230","230","1,034.0","4.50",,"519","519","93","0.404","4","0","5","6","77,898","1.79","77,898","1.79","43,696","2,798,894","56.09%","290","$15,900,000","$15,377","$529","W BURNSIDE AVE","UNIVERSITY AVE","W TREMONT AVE","ANDREWS AVE","BRONX","5","15","29","86","14","1/31/1985",,,"YES","YES"
"1/1/2019","UPACA (SITE 5)","NY005012410","343","241","757","760","NY005254","FEDERAL","TURNKEY","NEW CONST (ELD)",,"179","200","626.5","3.50",,"204","204","147","0.84","1","0","1","11","63,577","1.46","63,577","1.46","14,325","1,434,170","22.53%","140","$13,369,245","$19,099","$312","E 121ST ST","LEXINGTON AVE","E 120TH ST","PARK AVE","MANHATTAN","11","13","30","68","09","7/3/1986",,"EXCLUSIVELY","YES",
"1/1/2019","UPACA (SITE 6)","NY005012410","355","241","760","760","NY005281","FEDERAL","TURNKEY","NEW CONST (ELD)",,"150","150","525.0","3.50",,"173","173","132","0.904","1","0","1","12","45,362","1.04","45,362","1.04","10,330","1,041,895","22.77%","166","$10,240,710","$19,506","$313","E 119TH ST","PARK AVE","E 122ND ST","LEXINGTON AVE","MANHATTAN","11","13","30","68","09","11/30/1987",,"EXCLUSIVELY","YES",
"1/1/2019","VAN DYKE I","NY005000610","061","061","216","216","NY005013","FEDERAL","CONVENTIONAL","NEW CONST",,"1,603","1,603","7,402.5","4.62",,"3,855","3,855","469","0.297","22","1","32","3-14","906,484","20.81","844,628","19.39","161,168","13,652,083","16.56%","185","$21,351,730","$2,884","$546","SUTTER AVE","POWELL ST","LIVONIA AVE","MOTHER GASTON BLVD","BROOKLYN","16","9","19, 20","55","41","5/27/1955",,,,
"1/1/2019","VAN DYKE II","NY005011680","146","182","257","257","NY005055","FEDERAL","CONVENTIONAL","NEW CONST (ELD)",,"111","112","413.5","3.73",,"128","128","104","0.945","1","0","1","14","40,574","0.93","40,574","0.93","9,017","845,622","22.22%","138","$2,318,317","$5,546","$334","DUMONT AVE","POWELL ST",,,"BROOKLYN","16","9","19","55","41","4/30/1964",,"EXCLUSIVELY",,
"1/1/2019","VANDALIA AVENUE","NY005011940","315","194","273","273","NY005243","FEDERAL","TURNKEY","NEW CONST (ELD)",,"288","293","1,036.0","3.60",,"333","333","262","0.91","2","1","3","10","256,217","5.88","256,217","5.88","33,868","2,315,113","13.22%","57","$20,511,981","$19,480","$376","LOUISIANA AVE","VANDALIA AVE","GEORGIA AVE","FLATLANDS AVE","BROOKLYN","5","8","19","60","42","5/31/1983",,"EXCLUSIVELY","YES",
"1/1/2019","VLADECK","NY005010060","006","006","204","204","NY005003","FEDERAL","CONVENTIONAL","NEW CONST",,"1,527","1,531","6,248.5","4.09",,"2,894","2,894","711","0.471","20","0","46","6","566,414","13.00","519,124","11.92","171,144","10,617,265","30.22%","223","$7,994,564","$1,276","$514","HENRY ST","WATER ST","GOUVERNEUR ST","JACKSON ST","MANHATTAN","3","7","26","65","02","11/25/1940",,,,
"1/1/2019","VLADECK II","NY005010060","007","006","371","204","NY005181B","FEDERAL","CONVENTIONAL","NEW CONST",,"240","240","1,080.0","4.50",,"545","545","93","0.392","4","0","8","6","96,933","2.23","96,933","2.23","28,827","1,766,160","29.74%","244","$1,269,490","$1,175","$545","MADISON ST","CHERRY ST","JACKSON ST",,"MANHATTAN","3","7","26","65","02","10/25/1940","1972/06/29-FED TRAN",,,
"1/1/2019","WAGNER","NY005010740","074","074","224","224","NY005024","FEDERAL","CONVENTIONAL","NEW CONST",,"2,151","2,162","10,068.5","4.68",,"4,814","4,814","875","0.409","22","1","22","7-16","1,172,233","26.91","1,083,783","24.88","150,639","16,837,094","12.85%","179","$32,794,423","$3,238","$536","E 120TH ST","SECOND AVE","E 124TH ST","FDR DRIVE","MANHATTAN","11","13","30","68","08","6/12/1958",,,,
"1/1/2019","WALD","NY005000230","023","023","511","511","NY005213C","FEDERAL","CONVENTIONAL","NEW CONST",,"1,861","1,861","8,767.5","4.71",,"3,985","3,985","785","0.425","16","2","19","11-14","717,071","16.46","694,013","15.93","133,117","14,691,881","18.56%","242","$22,094,000","$2,561","$564","FDR DRIVE","AVENUE D","E 6TH ST","E HOUSTON ST","MANHATTAN","3","7","26","74","02","10/14/1949","1977/07/01-ATP 1",,,
"1/1/2019","WASHINGTON","NY005010620","062","062","217","217","NY005014","FEDERAL","CONVENTIONAL","NEW CONST",,"1,515","1,515","7,053.5","4.66",,"3,416","3,416","590","0.394","14","1","18","2, 12-14","906,988","20.82","822,228","18.88","124,916","12,618,161","13.77%","164","$23,677,092","$3,357","$563","E 104TH ST","SECOND AVE","E 97TH ST","THIRD AVE","MANHATTAN","11","13","29","68","08","9/20/1957",,,,
"1/1/2019","WASHINGTON HEIGHTS REHAB (GROUPS 1&2)","NY005013090","293","309","563","341","NY005221","FEDERAL","CONVENTIONAL","REHAB",,"215","216","915.5","4.26",,"406","406","103","0.488","5","0","6","5-6","57,544","1.32","57,544","1.32","40,754","2,421,442","70.82%","308","$22,610,848","$24,631","$484","W 176TH ST","AMSTERDAM AVE","W 177TH ST","AUDUBON AVE","MANHATTAN","12","13","31","72","10","5/1/1988",,,"YES",
"1/1/2019","WASHINGTON HEIGHTS REHAB PHASE III","NY005010030&NY005013090","329, 523","003, 309","382 - HARLEM RIVER, 756 - FORT WASHINGTON","754 - HARLEM RIVER, 341 - FORT WASHINGTON","NY005284A - HARLEM RIVER, NY005284B - FORT WASHINGTON","FEDERAL","TURNKEY","REHAB",,"102","102","454.0","4.45",,,"204","36","0.36","8","0","8","5","29,032","0.67","29,032","0.67","21,549","1,292,850","74.22%","304","$7,175,585","$15,823","$532","W 156TH ST","BROADWAY","AMSTERDAM AVE","W 164TH,165TH STS","MANHATTAN","12","13","31","71, 72","07, 10","11/30/1987",,,"YES",
"1/1/2019","WASHINGTON HEIGHTS REHAB PHASE III (FORT WASHINGTON)","NY005013090","523","309","756","341","NY005284B","FEDERAL","TURNKEY","REHAB",,"88","88","391.0","4.44","0","174","174","31","0.36","7","0","7","5","25,086","0.58","25,086","0.58","18,156","1,113,273","72.38%","300","$6,178,887","$15,823","$536","W 163RD ST","W 164TH ST","W 165TH ST","AMSTERDAM AVE","MANHATTAN","12","13","31","71, 72","07, 10","11/30/1987",,,,
"1/1/2019","WASHINGTON HEIGHTS REHAB PHASE III (HARLEM RIVER)","NY005010030","329","003","382","754","NY005284A","FEDERAL","TURNKEY","REHAB",,"14","14","63.0","4.50","0","30","30","5","0.357","1","0","1","5","3,946","0.09","3,946","0.09","3,393","179,577","85.99%","333","$996,698","$15,821","$513","W 156TH ST","BROADWAY","AMSTERDAM AVE",,"MANHATTAN","12","13","31","71","07","11/30/1987",,,,
"1/1/2019","WASHINGTON HEIGHTS REHAB PHASE IV (C)","NY005013090","330","309","788","341","NY005228","FEDERAL","CONVENTIONAL","REHAB",,"32","32","129.0","4.03",,"67","67","16","0.516","2","0","2","5","8,593","0.20","8,593","0.20","6,012","323,625","69.96%","335","$3,052,119","$23,660","$478","W 176TH ST","AMSTERDAM AVE","W 177TH ST","AUDUBON AVE","MANHATTAN","12","13","31","72","10","10/1/1990",,,"YES",
"1/1/2019","WASHINGTON HEIGHTS REHAB PHASE IV (D)","NY005013090","331","309","789","341","NY005229","FEDERAL","CONVENTIONAL","REHAB",,"32","32","132.0","4.13",,"60","60","15","0.469","2","0","2","5","8,743","0.20","8,743","0.20","6,127","329,815","70.08%","300","$3,007,393","$22,783","$508","W 176TH ST","AMSTERDAM AVE",,"AUDUBON AVE","MANHATTAN","12","13","31","72","10","7/1/1990",,,"YES",
"1/1/2019","WEBSTER","NY005011410","141","141","231","231","NY005028","FEDERAL","CONVENTIONAL","NEW CONST",,"606","606","2,831.0","4.67",,"1,562","1,562","223","0.372","5","1","6","21","197,199","4.53","197,199","4.53","31,247","5,322,369","15.85%","345","$12,227,114","$4,319","$503","E 169TH ST","PARK AVE","E 168TH ST","WEBSTER AVE","BRONX","3","15","32","79","16","9/30/1965",,,,
"1/1/2019","WEEKSVILLE GARDENS","NY005010310","229","031","357","357","NY005132","FEDERAL","TURNKEY","NEW CONST",,"256","257","1,285.0","5.02",,"718","718","77","0.308","2","0","14","4-5","141,365","3.25","141,365","3.25","63,228","2,929,695","44.73%","221","$7,871,249","$6,073","$568","PACIFIC ST","SCHENECTADY AVE","DEAN ST","TROY AVE","BROOKLYN","8","8","25","56","36","4/30/1974",,,,
"1/1/2019","WEST BRIGHTON I","NY005010130","116","116","242","209","NY005040","FEDERAL","CONVENTIONAL","NEW CONST",,"487","490","2,338.5","4.80",,"1,377","1,377","135","0.278","8","1","9","8","367,961","8.45","367,961","8.45","65,839","4,850,947","17.89%","163","$9,893,117","$4,204","$543","CASTLETON AVE","HENDERSON AVE","ALASKA ST","BROADWAY","STATEN ISLAND","1","11","23","61","49","12/31/1962",,,,
"1/1/2019","WEST BRIGHTON II","NY005010130","175","116","242","209","NY005040","FEDERAL","CONVENTIONAL","NEW CONST (ELD)",,"120","144","382.0","3.18",,"99","99","74","0.892","8","0","8","1","181,770","4.17","181,770","4.17","67,228","758,927","36.99%","24","$2,825,000","$6,036","$339","CASTLETON AVE","ALASKA ST","BROADWAY",,"STATEN ISLAND","1","11","23","61","49","12/31/1965",,"EXCLUSIVELY",,
"1/1/2019","WEST FARMS ROAD REHAB","NY005015300","360","530","780","780","NY005286","FEDERAL","TURNKEY","REHAB",,"208","208","883.0","4.25",,"437","437","68","0.33","4","0","7","6","51,965","1.19","51,965","1.19","34,935","2,104,200","67.23%","367","$14,480,678","$16,399","$570","FREEMAN ST","JENNINGS ST","WEST FARMS RD","LONGFELLOW AVE","BRONX","2, 3","15","32","85","17","8/13/1986",,,"YES","YES"
"1/1/2019","WEST FARMS SQUARE CONVENTIONAL","NY005015310","526","530","481","482","NY005318","FEDERAL","CONVENTIONAL","REHAB",,"20","20","85.0","4.25",,"50","50","2","0.1","1","0","1","5","5,000","0.11","5,000","0.11","3,363","202,892","67.26%","455","$1,558,811","$18,339","$576","E 167TH ST","LONGFELLOW AVE","WEST FARMS RD",,"BRONX","3","15","32","85","17","6/30/1994",,,"YES","YES"
"1/1/2019","WEST TREMONT AVENUE-SEDGWICK AVENUE AREA","NY005010450","246","045","365","368","NY005180","FEDERAL","TURNKEY","NEW CONST (ELD)",,"148","148","485.0","3.28",,"159","159","130","0.897","1","0","1","12","36,563","0.84","36,563","0.84","9,609","982,251","26.28%","189","$4,380,000","$8,734","$272","W TREMONT AVE","MONTGOMERY AVE","PALISADE PL","SEDGWICK AVE","BRONX","5","15","29","77","14","7/31/1973",,"EXCLUSIVELY",,
"1/1/2019","WHITE","NY005010090","124","112","572","539","NY005244E","FEDERAL","CONVENTIONAL","NEW CONST (ELD)",,"246","248","733.0","2.98",,"270","270","220","0.898","1","0","1","20","35,321","0.81","35,321","0.81","23,400","1,778,327","66.25%","333","$4,305,000","$5,794","$304","E 104TH ST","SECOND AVE",,,"MANHATTAN","11","13","29","68","08","9/30/1964","1979/08/01-ATP 4","EXCLUSIVELY",,
"1/1/2019","WHITMAN","NY005005140","514","514","509","509","NY005213A","FEDERAL","CONVENTIONAL","NEW CONST",,"1,651","1,659","7,833.5","4.74",,"3,866","3,866","554","0.342","15","3","48","6-13","803,058","18.44","744,421","17.09","156,524","9,769,048","19.49%","210","$10,341,328","$1,655","$556","PARK AVE","CARLTON AVE","MYRTLE AVE","SAINT EDWARDS ST","BROOKLYN","2","8","25","57","35","2/24/1944","1977/07/01-ATP 1",,,
"1/1/2019","WILLIAMS PLAZA","NY005021280","128","128","443","443","NY005385","MIXED FINANCE/LLC2","CONVENTIONAL","NEW CONST","109","577","577","2,652.5","4.60","259","1,031","1,290","287","0.503","5","0","5","14-21","242,859","5.58","242,859","5.58","39,895","5,239,694","16.43%","231","$11,631,000","$4,390","$469","ROEBLING ST","BROADWAY","DIVISION AVE","MARCY AVE","BROOKLYN","1","7","18","50","33","4/30/1964",,,,
"1/1/2019","WILLIAMSBURG","NY005000020","002","002","200","200","NY005041","FEDERAL","CONVENTIONAL","NEW CONST",,"1,627","1,630","6,528.5","4.01",,"3,025","3,025","770","0.483","20","1","137","4","1,016,895","23.34","927,103","21.28","326,716","14,056,383","32.13%","130","$13,063,992","$2,266","$512","LEONARD ST","BUSHWICK AVE","MAUJER ST","SCHOLES ST","BROOKLYN","1","7","18","53","34","4/10/1938",,,,
"1/1/2019","WILSON","NY005010090","112","112","539","539","NY005220J","FEDERAL","CONVENTIONAL","NEW CONST",,"398","398","2,225.0","5.59",,"1,250","1,250","104","0.267","3","0","3","20","133,188","3.06","133,188","3.06","22,499","3,961,200","16.89%","408","$7,162,000","$3,219","$645","FDR DRIVE","E 105TH ST","FIRST AVE","E 106TH ST","MANHATTAN","11","13","30","68","08","6/30/1961","1978/07/01-ATP 3",,,
"1/1/2019","WISE TOWERS","NY005021270","127","127","445","445","NY005386","MIXED FINANCE/LLC2","CONVENTIONAL","NEW CONST","104","397","399","1,739.5","4.38","227","523","750","168","0.438","2","1","5","19","100,247","2.30","100,247","2.30","34,702","3,685,586","34.62%","326","$7,774,000","$4,441","$555","W 90TH ST","W 91ST ST","COLUMBUS AVE","AMSTERDAM AVE","MANHATTAN","7","10","30","69","06","1/31/1965",,,,
"1/1/2019","WOODSIDE","NY005000330","033","033","316","316","NY005114D","FEDERAL","CONVENTIONAL","NEW CONST",,"1,355","1,357","6,321.5","4.67",,"2,858","2,858","537","0.402","20","0","55","6","971,398","22.30","971,398","22.30","186,009","10,715,226","19.15%","128","$13,777,000","$2,251","$594","49TH ST","51ST ST","31ST AVE","NEWTOWN RD","QUEENS","1","14","13","30","26","12/30/1949","1968/08/29-FED TRAN",,,
"1/1/2019","WOODSON","NY005011680","182","182","285","257","NY005084","FEDERAL","CONVENTIONAL","NEW CONST (ELD)",,"407","407","1,419.5","3.49",,"449","449","359","0.886","2","0","2","10-25","140,000","3.21","100,000","2.30","24,456","2,792,393","17.47%","140","$8,225,987","$5,785","$342","BLAKE AVE","LIVONIA AVE","POWELL ST","JUNIUS ST","BROOKLYN","16","8","19","55","42","8/31/1970",,"EXCLUSIVELY",,
"1/1/2019","WSUR (BROWNSTONES)","NY005011270","178","127","279","259","NY005052K","FEDERAL","CONVENTIONAL","REHAB",,"236","236","784.0","3.32",,"329","329","103","0.45","36","0","36","3-4-6","67,637","1.55","67,637","1.55","41,422","2,308,080","61.24%","212","$4,190,975","$4,936","$501","W 89TH & 90TH STS","91ST & 93RD STS","COLUMBUS AVE","CENTRAL PARK WEST","MANHATTAN","7","10","30","69","06","6/30/1968",,,,
"1/1/2019","WSUR (SITE A) 120 WEST 94TH STREET","NY005011270","151","127","259","259","NY005056","FEDERAL","CONVENTIONAL","NEW CONST",,"69","70","300.5","4.36",,"145","145","19","0.275","1","0","1","9","22,763","0.52","22,763","0.52","6,811","613,400","29.92%","279",,,"$671","120 W 94TH ST","AMSTERDAM AVE",,,"MANHATTAN","7","10","30","69","06","9/30/1965",,,,
"1/1/2019","WSUR (SITE B) 74 WEST 92ND STREET","NY005011270","173","127","259","259","NY005056","FEDERAL","CONVENTIONAL","NEW CONST",,"168","168","735.0","4.38",,"318","318","77","0.475","1","0","1","22","25,176","0.58","25,176","0.58","13,176","1,575,535","52.34%","548","$7,228,361","$4,167","$512","74 W 92ND ST","COLUMBUS AVE",,,"MANHATTAN","7","10","30","69","06","9/30/1965",,,,
"1/1/2019","WSUR (SITE C) 589 AMSTERDAM AVENUE","NY005011270","174","127","259","259","NY005056","FEDERAL","CONVENTIONAL","NEW CONST",,"158","158","690.0","4.37",,"348","348","61","0.396","1","0","1","18","25,131","0.58","25,131","0.58","7,891","1,363,220","31.40%","600",,,"$558","589 AMSTERDAM AVE","W 88TH ST","W 89TH ST",,"MANHATTAN","7","10","29","69","06","9/30/1965",,,,
"1/1/2019","WYCKOFF GARDENS","NY005011630","163","163","272","272","NY005074","FEDERAL","CONVENTIONAL","NEW CONST",,"528","529","2,434.0","4.61",,"1,131","1,131","231","0.446","3","0","3","21","253,000","5.81","253,000","5.81","31,158","4,724,612","12.32%","195","$10,130,155","$4,149","$584","THIRD AVE","NEVINS ST","WYCKOFF ST","BALTIC ST","BROOKLYN","6","7","25","52","33","12/31/1966",,,,
