uid,name,cat_L1,cat_L2,province,city,area,address,street_id,detail,child_num,loc_lng,loc_lat,telephone,type,detail_url,price,shop_hours,overall_rating,taste_rating,service_rating,environment_rating,facility_rating,hygiene_rating,technology_rating,image_num,comment_num,groupon_num,discount_num,favorite_num,checkin_num,brand,content_tag,naviloc_lng,naviloc_lat,child_num
b7af5fe9dde691b52fb17e0f,诚乐村前道口,交通设施,公交车站,黑龙江省,哈尔滨市,双城区,双城7路肖家支线,,0,0,126.301873,45.31835,,,http://map.baidu.com/,,,,,,,,,,,,,,,,,,,,0
cd3a4f440d9dc19fc1f1cfe0,城吉村道口,交通设施,公交车站,黑龙江省,哈尔滨市,双城区,双城7路肖家支线,,0,0,126.301908,45.31234,,,http://map.baidu.com/,,,,,,,,,,,,,,,,,,,,0
bab1d5220371d065b9df8f51,诚乐村大门,交通设施,公交车站,黑龙江省,哈尔滨市,双城区,双城7路肖家支线,,0,0,126.300843,45.321954,,,http://map.baidu.com/,,,,,,,,,,,,,,,,,,,,0
ab5c1f54d6b61a8deddfcabd,诚乐村大门,交通设施,公交车站,黑龙江省,哈尔滨市,双城区,双城7路肖家支线,,0,0,126.300842,45.321957,,,http://map.baidu.com/,,,,,,,,,,,,,,,,,,,,0
bc1b9a9d61139e411d580055,诚乐村前道口,交通设施,公交车站,黑龙江省,哈尔滨市,双城区,双城7路肖家支线,,0,0,126.301995,45.318718,,,http://map.baidu.com/,,,,,,,,,,,,,,,,,,,,0
cd57b39234e6052be81e9765,诚乐村后道口,交通设施,公交车站,黑龙江省,哈尔滨市,双城区,双城7路肖家支线,,0,0,126.302006,45.31634,,,http://map.baidu.com/,,,,,,,,,,,,,,,,,,,,0
161e226ed9c9539711882460,城吉村道口,交通设施,公交车站,黑龙江省,哈尔滨市,双城区,双城7路肖家支线,,0,0,126.301909,45.312347,,,http://map.baidu.com/,,,,,,,,,,,,,,,,,,,,0
479dcd8a76c8ab9cc17da268,战胜饲料,交通设施,公交车站,黑龙江省,哈尔滨市,双城区,双城3路,,0,0,126.281259,45.357895,,,http://map.baidu.com/,,,,,,,,,,,,,,,,,,,,0
26696c13767493813786f417,战胜饲料,交通设施,公交车站,黑龙江省,哈尔滨市,双城区,双城3路,,0,0,126.281501,45.357976,,,http://map.baidu.com/,,,,,,,,,,,,,,,,,,,,0
4423457fa460b138e0110371,战胜饲料,交通设施,公交车站,黑龙江省,哈尔滨市,双城区,双城3路,,0,0,126.281743,45.358057,,,http://map.baidu.com/,,,,,,,,,,,,,,,,,,,,0
28acb5d61a78efe3ca09f04f,于家村,交通设施,公交车站,黑龙江省,哈尔滨市,双城区,双城3路,,0,0,126.264135,45.353984,,,http://map.baidu.com/,,,,,,,,,,,,,,,,,,,,0
2f316700a00a9e4431f71d75,于家村,交通设施,公交车站,黑龙江省,哈尔滨市,双城区,双城3路,,0,0,126.264116,45.353975,,,http://map.baidu.com/,,,,,,,,,,,,,,,,,,,,0
fcf650342cdc61981de99932,富乡村道口,交通设施,公交车站,黑龙江省,哈尔滨市,双城区,双城3路,,0,0,126.287045,45.359831,,,http://map.baidu.com/,,,,,,,,,,,,,,,,,,,,0
38f621318bf44e0f3ae4a61d,军强液化气有限公司,交通设施,公交车站,黑龙江省,哈尔滨市,双城区,双城3路,,0,0,126.289203,45.360525,,,http://map.baidu.com/,,,,,,,,,,,,,,,,,,,,0
9a6046766e867243ed74f89c,富乡村道口,交通设施,公交车站,黑龙江省,哈尔滨市,双城区,双城3路,,0,0,126.2873,45.359918,,,http://map.baidu.com/,,,,,,,,,,,,,,,,,,,,0
9ce847b148df07ac88b98886,于家村,交通设施,公交车站,黑龙江省,哈尔滨市,双城区,双城3路,,0,0,126.264096,45.353967,,,http://map.baidu.com/,,,,,,,,,,,,,,,,,,,,0
d7c720318c1f1f0c6f476022,宏丰建材市场,交通设施,公交车站,黑龙江省,哈尔滨市,双城区,双城3路,,0,0,126.290783,45.361057,,,http://map.baidu.com/,,,,,,,,,,,,,,,,,,,,0
6f8f57ddc82008dfb21e3652,军强液化气有限公司,交通设施,公交车站,黑龙江省,哈尔滨市,双城区,双城3路,,0,0,126.289354,45.360615,,,http://map.baidu.com/,,,,,,,,,,,,,,,,,,,,0
3da055b52fbe2381a5c756e2,永兴复酒业,交通设施,公交车站,黑龙江省,哈尔滨市,双城区,双城3路,,0,0,126.294615,45.362413,,,http://map.baidu.com/,,,,,,,,,,,,,,,,,,,,0
11e5b26e8592ae6eee74f804,宏丰建材市场,交通设施,公交车站,黑龙江省,哈尔滨市,双城区,双城3路,,0,0,126.290803,45.361102,,,http://map.baidu.com/,,,,,,,,,,,,,,,,,,,,0
538efdb5bdc49b7fbb17e74a,金星村,交通设施,公交车站,黑龙江省,哈尔滨市,双城区,双城3路,,0,0,126.256751,45.372567,,,http://map.baidu.com/,,,,,,,,,,,,,,,,,,,,0
c94252f191cccf5c8f1a89be,菜站,交通设施,公交车站,黑龙江省,哈尔滨市,双城区,双城6路,,0,0,126.313478,45.372681,,,http://map.baidu.com/,,,,,,,,,,,,,,,,,,,,0
9b7a7e21d64d34ef774ff13b,南门,交通设施,公交车站,黑龙江省,哈尔滨市,双城区,双城1路,,0,0,126.327255,45.361932,,,http://map.baidu.com/,,,,,,,,,,,,,,,,,,,,0
f52e07b1c9ad9013a11de9c0,承恩门,交通设施,公交车站,黑龙江省,哈尔滨市,双城区,双城3路;双城7路肖家支线,,0,0,126.307628,45.367304,,,http://map.baidu.com/,,,,,,,,,,,,,,,,,,,,0
3c955e498d16760d0582c20a,秋林,交通设施,公交车站,黑龙江省,哈尔滨市,双城区,双城3路,,0,0,126.313324,45.369688,,,http://map.baidu.com/,,,,,,,,,,,,,,,,,,,,0
3dc4635da521393d0ab93a62,西门,交通设施,公交车站,黑龙江省,哈尔滨市,双城区,双城3路;双城7路肖家支线,,0,0,126.307512,45.367465,,,http://map.baidu.com/,,,,,,,,,,,,,,,,,,,,0
000f17ac01ebd27cdeee8b8e,南门,交通设施,公交车站,黑龙江省,哈尔滨市,双城区,双城1路,,0,0,126.327354,45.361874,,,http://map.baidu.com/,,,,,,,,,,,,,,,,,,,,0
e36cb386657540afd13ce3b8,国税局,交通设施,公交车站,黑龙江省,哈尔滨市,双城区,双城7路,,0,0,126.31455,45.369436,,,http://map.baidu.com/,,,,,,,,,,,,,,,,,,,,0
8c231dc151837ad1bd48426b,秋林,交通设施,公交车站,黑龙江省,哈尔滨市,双城区,双城6路,,0,0,126.314116,45.370895,,,http://map.baidu.com/,,,,,,,,,,,,,,,,,,,,0
8dab99a393df02eb8e55ecb4,秋林,交通设施,公交车站,黑龙江省,哈尔滨市,双城区,双城6路,,0,0,126.314208,45.370935,,,http://map.baidu.com/,,,,,,,,,,,,,,,,,,,,0
a941a77c7ec6b7e580a00c8d,邮局,交通设施,公交车站,黑龙江省,哈尔滨市,双城区,双城6路,,0,0,126.323064,45.36995,,,http://map.baidu.com/,,,,,,,,,,,,,,,,,,,,0
3a771276a4c5b444b5147f4f,邮局,交通设施,公交车站,黑龙江省,哈尔滨市,双城区,双城6路,,0,0,126.323072,45.369951,,,http://map.baidu.com/,,,,,,,,,,,,,,,,,,,,0
621fb71f4da79a7897ec8470,张政窝堡桥口,交通设施,公交车站,黑龙江省,哈尔滨市,双城区,双城7路肖家支线,,0,0,126.303152,45.363116,,,http://map.baidu.com/,,,,,,,,,,,,,,,,,,,,0
a134cae884090b5fdb1318c5,双城区第十一小学,交通设施,公交车站,黑龙江省,哈尔滨市,双城区,双城7路,,0,0,126.316912,45.367736,,,http://map.baidu.com/,,,,,,,,,,,,,,,,,,,,0
9da6e58f45f8df9d616858f9,双城区第十一小学,交通设施,公交车站,黑龙江省,哈尔滨市,双城区,双城7路,,0,0,126.316912,45.367736,,,http://map.baidu.com/,,,,,,,,,,,,,,,,,,,,0
89f1a93540204516c4f50d5f,计生委,交通设施,公交车站,黑龙江省,哈尔滨市,双城区,双城1路;双城7路,,0,0,126.322683,45.369573,,,http://map.baidu.com/,,,,,,,,,,,,,,,,,,,,0
9d0447e90d25f185df1e52d3,计生委,交通设施,公交车站,黑龙江省,哈尔滨市,双城区,双城7路,,0,0,126.322356,45.369863,,,http://map.baidu.com/,,,,,,,,,,,,,,,,,,,,0
f13de85a75c82cc8cd04ef05,正黄旗,交通设施,公交车站,黑龙江省,哈尔滨市,双城区,双城6路,,0,0,126.328922,45.371779,,,http://map.baidu.com/,,,,,,,,,,,,,,,,,,,,0
cb2f869cb4b350895cd4fecd,邮局小区,交通设施,公交车站,黑龙江省,哈尔滨市,双城区,双城1路,,0,0,126.322601,45.369586,,,http://map.baidu.com/,,,,,,,,,,,,,,,,,,,,0
abf5e2b054e798e549fc8d29,第六中学,交通设施,公交车站,黑龙江省,哈尔滨市,双城区,双城1路,,0,0,126.326403,45.363319,,,http://map.baidu.com/,,,,,,,,,,,,,,,,,,,,0
aca4b3a841afeeb4373a7122,第六中学,交通设施,公交车站,黑龙江省,哈尔滨市,双城区,双城1路,,0,0,126.326366,45.363498,,,http://map.baidu.com/,,,,,,,,,,,,,,,,,,,,0
c21df8bee82b9904a104641c,双城区第二小学,交通设施,公交车站,黑龙江省,哈尔滨市,双城区,双城7路肖家支线,,0,0,126.311149,45.368185,,,http://map.baidu.com/,,,,,,,,,,,,,,,,,,,,0
3ff929a049395394db131808,秋林,交通设施,公交车站,黑龙江省,哈尔滨市,双城区,双城3路;双城6路,,0,0,126.313738,45.370327,,,http://map.baidu.com/,,,,,,,,,,,,,,,,,,,,0
95e61c7fe8e5884d87154134,法院小区,交通设施,公交车站,黑龙江省,哈尔滨市,双城区,双城1路,,0,0,126.32559,45.364884,,,http://map.baidu.com/,,,,,,,,,,,,,,,,,,,,0
151f29e6f5b31bf50ab93a6a,第三小学,交通设施,公交车站,黑龙江省,哈尔滨市,双城区,双城1路,,0,0,126.323916,45.367464,,,http://map.baidu.com/,,,,,,,,,,,,,,,,,,,,0
42fcf30eab2bc4b04d55472a,敬老院,交通设施,公交车站,黑龙江省,哈尔滨市,双城区,双城8路,,0,0,126.335944,45.36637,,,http://map.baidu.com/,,,,,,,,,,,,,,,,,,,,0
b83da74772f03ae1e5073825,三门诊,交通设施,公交车站,黑龙江省,哈尔滨市,双城区,双城3路;双城6路,,0,0,126.316063,45.370778,,,http://map.baidu.com/,,,,,,,,,,,,,,,,,,,,0
53bf153458b1be9fede4a59a,十字街,交通设施,公交车站,黑龙江省,哈尔滨市,双城区,双城7路,,0,0,126.321784,45.372875,,,http://map.baidu.com/,,,,,,,,,,,,,,,,,,,,0
d4fb48b063977b9d223bf2fc,计生委,交通设施,公交车站,黑龙江省,哈尔滨市,双城区,双城1路;双城7路,,0,0,126.32252,45.369718,,,http://map.baidu.com/,,,,,,,,,,,,,,,,,,,,0
51230cf36c0e2c789900502a,十字街,交通设施,公交车站,黑龙江省,哈尔滨市,双城区,双城7路,,0,0,126.322056,45.373049,,,http://map.baidu.com/,,,,,,,,,,,,,,,,,,,,0
8fcd4829f42c6eb340e192ce,大世界,交通设施,公交车站,黑龙江省,哈尔滨市,双城区,双城3路;双城6路,,0,0,126.318522,45.371755,,,http://map.baidu.com/,,,,,,,,,,,,,,,,,,,,0
cf4e9b13b9d2f9ea72210b8b,承恩门,交通设施,公交车站,黑龙江省,哈尔滨市,双城区,双城3路;双城7路肖家支线,,0,0,126.307745,45.367143,,,http://map.baidu.com/,,,,,,,,,,,,,,,,,,,,0
694e58eeab74572ea8059d9f,电业小区,交通设施,公交车站,黑龙江省,哈尔滨市,双城区,双城3路,,0,0,126.309879,45.368497,,,http://map.baidu.com/,,,,,,,,,,,,,,,,,,,,0
caf77654b1bf242d744ff123,南二道街,交通设施,公交车站,黑龙江省,哈尔滨市,双城区,双城1路;双城6路;双城7路;双城8路,,0,0,126.321583,45.371288,,,http://map.baidu.com/,,,,,,,,,,,,,,,,,,,,0
45f762a182e6bfcddeee8b81,张政窝堡桥口,交通设施,公交车站,黑龙江省,哈尔滨市,双城区,双城7路肖家支线,,0,0,126.303153,45.363119,,,http://map.baidu.com/,,,,,,,,,,,,,,,,,,,,0
952dce28ac6961a0b6147fef,曼哈顿,交通设施,公交车站,黑龙江省,哈尔滨市,双城区,双城3路;双城6路,,0,0,126.318522,45.371755,,,http://map.baidu.com/,,,,,,,,,,,,,,,,,,,,0
e12d8128b2dc17814bcc4a2b,建材市场,交通设施,公交车站,黑龙江省,哈尔滨市,双城区,双城3路;双城7路肖家支线,,0,0,126.303913,45.365954,,,http://map.baidu.com/,,,,,,,,,,,,,,,,,,,,0
0f9e76ae2404966c95ca0718,国税局,交通设施,公交车站,黑龙江省,哈尔滨市,双城区,双城7路,,0,0,126.314492,45.369265,,,http://map.baidu.com/,,,,,,,,,,,,,,,,,,,,0
64477643b1325a099d82eabf,北二道街,交通设施,公交车站,黑龙江省,哈尔滨市,双城区,双城1路;双城2路;双城2路亚麻厂支线,,0,0,126.319682,45.374367,,,http://map.baidu.com/,,,,,,,,,,,,,,,,,,,,0
e423c74f263f49d7d618b7fe,敬老院,交通设施,公交车站,黑龙江省,哈尔滨市,双城区,双城8路,,0,0,126.336004,45.366269,,,http://map.baidu.com/,,,,,,,,,,,,,,,,,,,,0
1788e8e803a50d43a20464e4,邮局,交通设施,公交车站,黑龙江省,哈尔滨市,双城区,双城6路,,0,0,126.323068,45.36995,,,http://map.baidu.com/,,,,,,,,,,,,,,,,,,,,0
6f8f57ddc82008dfb21e3652,军强液化气有限公司,交通设施,公交车站,黑龙江省,哈尔滨市,双城区,双城3路,,0,0,126.289354,45.360615,,,http://map.baidu.com/,,,,,,,,,,,,,,,,,,,,0
a174333ca3fa5849a5da3934,电子联营,交通设施,公交车站,黑龙江省,哈尔滨市,双城区,双城2路;双城2路亚麻厂支线;双城3路;双城7路;双城8路,,0,0,126.321859,45.37292,,,http://map.baidu.com/,,,,,,,,,,,,,,,,,,,,0
c4323a209793b2c9b34c49ef,社区医院,交通设施,公交车站,黑龙江省,哈尔滨市,双城区,双城6路,,0,0,126.326979,45.371115,,,http://map.baidu.com/,,,,,,,,,,,,,,,,,,,,0
f4895ef45d3d2c3414c8f622,第六中学,交通设施,公交车站,黑龙江省,哈尔滨市,双城区,双城1路,,0,0,126.326328,45.363676,,,http://map.baidu.com/,,,,,,,,,,,,,,,,,,,,0
38d0939b8d58d3941ef74ddb,法院小区,交通设施,公交车站,黑龙江省,哈尔滨市,双城区,双城1路,,0,0,126.325521,45.36488,,,http://map.baidu.com/,,,,,,,,,,,,,,,,,,,,0
0cfae7cc2f7edb4a0b1cc747,双城区第二小学,交通设施,公交车站,黑龙江省,哈尔滨市,双城区,双城7路肖家支线,,0,0,126.311062,45.368158,,,http://map.baidu.com/,,,,,,,,,,,,,,,,,,,,0
286c6c1069037912e011035f,城镇北门,交通设施,公交车站,黑龙江省,哈尔滨市,双城区,双城5路,,0,0,126.319404,45.375609,,,http://map.baidu.com/,,,,,,,,,,,,,,,,,,,,0
576a187f2eb3b6700b69d908,和平小区,交通设施,公交车站,黑龙江省,哈尔滨市,双城区,双城5路,,0,0,126.311579,45.375662,,,http://map.baidu.com/,,,,,,,,,,,,,,,,,,,,0
42fcf30eab2bc4b04d55472a,敬老院,交通设施,公交车站,黑龙江省,哈尔滨市,双城区,双城8路,,0,0,126.335944,45.36637,,,http://map.baidu.com/,,,,,,,,,,,,,,,,,,,,0
dfdfdfd1e08cb0f1931fc9f2,双城区委党校,交通设施,公交车站,黑龙江省,哈尔滨市,双城区,双城6路,,0,0,126.33534,45.367499,,,http://map.baidu.com/,,,,,,,,,,,,,,,,,,,,0
aa416959ed1fab03fb221332,双城区委党校,交通设施,公交车站,黑龙江省,哈尔滨市,双城区,双城6路,,0,0,126.33534,45.367499,,,http://map.baidu.com/,,,,,,,,,,,,,,,,,,,,0
3fad6d180774cdcb59bbbcba,兆麟初中,交通设施,公交车站,黑龙江省,哈尔滨市,双城区,双城6路,,0,0,126.334847,45.368448,,,http://map.baidu.com/,,,,,,,,,,,,,,,,,,,,0
8da40cc60ba221d39f82eaa3,双城区兆麟中学初中部,交通设施,公交车站,黑龙江省,哈尔滨市,双城区,双城6路,,0,0,126.33478,45.368576,,,http://map.baidu.com/,,,,,,,,,,,,,,,,,,,,0
e423c74f263f49d7d618b7fe,敬老院,交通设施,公交车站,黑龙江省,哈尔滨市,双城区,双城8路,,0,0,126.336004,45.366269,,,http://map.baidu.com/,,,,,,,,,,,,,,,,,,,,0
c889ee54c0d1b27359bbbcae,双城区兆麟中学初中部,交通设施,公交车站,黑龙江省,哈尔滨市,双城区,双城6路,,0,0,126.33478,45.368576,,,http://map.baidu.com/,,,,,,,,,,,,,,,,,,,,0
e9607f37e3e679934c3a59f7,兆麟初中,交通设施,公交车站,黑龙江省,哈尔滨市,双城区,双城6路,,0,0,126.334847,45.368448,,,http://map.baidu.com/,,,,,,,,,,,,,,,,,,,,0
de887bc21b6672e99cec2bf5,九龙湾,交通设施,公交车站,黑龙江省,哈尔滨市,双城区,双城8路,,0,0,126.311025,45.393917,,,http://map.baidu.com/,,,,,,,,,,,,,,,,,,,,0
2a2af06a42d263dce956fae6,凯旋城,交通设施,公交车站,黑龙江省,哈尔滨市,双城区,双城5路,,0,0,126.312647,45.396999,,,http://map.baidu.com/,,,,,,,,,,,,,,,,,,,,0
1fd3ad93e3a4b7cdae04575c,交警大队,交通设施,公交车站,黑龙江省,哈尔滨市,双城区,双城4路;双城5路,,0,0,126.314961,45.393364,,,http://map.baidu.com/,,,,,,,,,,,,,,,,,,,,0
be7c5d131a5212b1d7851fea,交警大队,交通设施,公交车站,黑龙江省,哈尔滨市,双城区,双城4路,,0,0,126.314983,45.393474,,,http://map.baidu.com/,,,,,,,,,,,,,,,,,,,,0
02e6121e260ad4c70a5cb301,洗涤剂小区,交通设施,公交车站,黑龙江省,哈尔滨市,双城区,双城3路,,0,0,126.312916,45.390515,,,http://map.baidu.com/,,,,,,,,,,,,,,,,,,,,0
2079cc4099b1d297e6e96548,兆麟小学,交通设施,公交车站,黑龙江省,哈尔滨市,双城区,双城4路,,0,0,126.314294,45.39454,,,http://map.baidu.com/,,,,,,,,,,,,,,,,,,,,0
dc45bd87710d69c830169b13,广场,交通设施,公交车站,黑龙江省,哈尔滨市,双城区,双城5路,,0,0,126.316802,45.391725,,,http://map.baidu.com/,,,,,,,,,,,,,,,,,,,,0
1dcdf8d24e7feadcda2f28e0,九龙湾,交通设施,公交车站,黑龙江省,哈尔滨市,双城区,双城8路,,0,0,126.311145,45.393975,,,http://map.baidu.com/,,,,,,,,,,,,,,,,,,,,0
a9e0e8ae03ce17788c1a8989,职教中心,交通设施,公交车站,黑龙江省,哈尔滨市,双城区,双城5路,,0,0,126.318528,45.392359,,,http://map.baidu.com/,,,,,,,,,,,,,,,,,,,,0
c354ed19e29d517f276e98fe,兆麟小学,交通设施,公交车站,黑龙江省,哈尔滨市,双城区,双城8路,,0,0,126.313487,45.395148,,,http://map.baidu.com/,,,,,,,,,,,,,,,,,,,,0
cb2c212f5b60c3e382a12ef9,兆麟小学,交通设施,公交车站,黑龙江省,哈尔滨市,双城区,双城8路,,0,0,126.313237,45.395025,,,http://map.baidu.com/,,,,,,,,,,,,,,,,,,,,0
b18076ebd4f70504e0110380,洗涤剂小区,交通设施,公交车站,黑龙江省,哈尔滨市,双城区,双城3路,,0,0,126.313084,45.39063,,,http://map.baidu.com/,,,,,,,,,,,,,,,,,,,,0
03070157a493ef46f80cad5b,火车站,交通设施,公交车站,黑龙江省,哈尔滨市,双城区,双城4路,,0,0,126.301983,45.400824,,,http://map.baidu.com/,,,,,,,,,,,,,,,,,,,,0
495b5927bfb8eb5635b06c8f,职教中心,交通设施,公交车站,黑龙江省,哈尔滨市,双城区,双城5路,,0,0,126.318528,45.392359,,,http://map.baidu.com/,,,,,,,,,,,,,,,,,,,,0
cf342cb411f984ab6c4760da,火车站,交通设施,公交车站,黑龙江省,哈尔滨市,双城区,双城1路,,0,0,126.300615,45.401231,,,http://map.baidu.com/,,,,,,,,,,,,,,,,,,,,0
2c22172fb541dbc9e856fa3a,牧校,交通设施,公交车站,黑龙江省,哈尔滨市,双城区,双城1路;双城2路;双城3路,,0,0,126.305455,45.394216,,,http://map.baidu.com/,,,,,,,,,,,,,,,,,,,,0
dae71a7e9f4d05fc1f1d1191,牧校,交通设施,公交车站,黑龙江省,哈尔滨市,双城区,双城1路;双城2路;双城2路亚麻厂支线;双城3路,,0,0,126.30545,45.394056,,,http://map.baidu.com/,,,,,,,,,,,,,,,,,,,,0
545b64fa41978ee0c61b7597,交警队道口,交通设施,公交车站,黑龙江省,哈尔滨市,双城区,双城3路,,0,0,126.315605,45.391413,,,http://map.baidu.com/,,,,,,,,,,,,,,,,,,,,0
bf7705042a414789b726558e,火车站,交通设施,公交车站,黑龙江省,哈尔滨市,双城区,双城1路;双城2路;双城3路;双城4路,,0,0,126.30126,45.401086,,,http://map.baidu.com/,,,,,,,,,,,,,,,,,,,,0
02dcfaa9494e1989b817e728,交警队,交通设施,公交车站,黑龙江省,哈尔滨市,双城区,双城5路,,0,0,126.314991,45.393461,,,http://map.baidu.com/,,,,,,,,,,,,,,,,,,,,0
676675b26cecfb3fd8d891f6,牧校,交通设施,公交车站,黑龙江省,哈尔滨市,双城区,双城1路;双城2路;双城2路亚麻厂支线;双城3路,,0,0,126.30597,45.393578,,,http://map.baidu.com/,,,,,,,,,,,,,,,,,,,,0
9fde7704933adec3d4851f13,转盘道,交通设施,公交车站,黑龙江省,哈尔滨市,双城区,双城1路;双城2路;双城2路亚麻厂支线,,0,0,126.310055,45.389028,,,http://map.baidu.com/,,,,,,,,,,,,,,,,,,,,0
1e9f5b24233d5b5f1df74d72,凯旋城,交通设施,公交车站,黑龙江省,哈尔滨市,双城区,双城5路,,0,0,126.312807,45.396833,,,http://map.baidu.com/,,,,,,,,,,,,,,,,,,,,0
f2b9b2390d4a0ccc28fc48fb,东方国际,交通设施,公交车站,黑龙江省,哈尔滨市,双城区,双城8路,,0,0,126.316398,45.396225,,,http://map.baidu.com/,,,,,,,,,,,,,,,,,,,,0
4d504c76306cbec7ad080fca,职校中心,交通设施,公交车站,黑龙江省,哈尔滨市,双城区,双城5路,,0,0,126.319145,45.392378,,,http://map.baidu.com/,,,,,,,,,,,,,,,,,,,,0
6842a657477ee1309cec2b99,交警大队,交通设施,公交车站,黑龙江省,哈尔滨市,双城区,双城4路;双城5路,,0,0,126.314968,45.393401,,,http://map.baidu.com/,,,,,,,,,,,,,,,,,,,,0
6380b5fe164294fe5fbe8628,龙升小区,交通设施,公交车站,黑龙江省,哈尔滨市,双城区,双城3路;双城4路,,0,0,126.316513,45.391011,,,http://map.baidu.com/,,,,,,,,,,,,,,,,,,,,0
be37c5b5faab3f4a354aae01,兆麟小学,交通设施,公交车站,黑龙江省,哈尔滨市,双城区,双城4路;双城5路;双城8路,,0,0,126.313646,45.395206,,,http://map.baidu.com/,,,,,,,,,,,,,,,,,,,,0
4ff6397280c1b74dd22dd6e1,煤场,交通设施,公交车站,黑龙江省,哈尔滨市,双城区,双城6路;双城8路,,0,0,126.303197,45.386731,,,http://map.baidu.com/,,,,,,,,,,,,,,,,,,,,0
5617ab716f1c4108a8175a1c,法院,交通设施,公交车站,黑龙江省,哈尔滨市,双城区,双城3路,,0,0,126.322472,45.384097,,,http://map.baidu.com/,,,,,,,,,,,,,,,,,,,,0
d28ee24894f90853a7c75670,北门,交通设施,公交车站,黑龙江省,哈尔滨市,双城区,双城1路;双城2路;双城2路亚麻厂支线,,0,0,126.314511,45.382488,,,http://map.baidu.com/,,,,,,,,,,,,,,,,,,,,0
7de03d143e67cd89f4b91634,北门,交通设施,公交车站,黑龙江省,哈尔滨市,双城区,双城1路;双城2路,,0,0,126.314829,45.382273,,,http://map.baidu.com/,,,,,,,,,,,,,,,,,,,,0
4b0111865fb7c7d39fe321f7,发行,交通设施,公交车站,黑龙江省,哈尔滨市,双城区,双城8路,,0,0,126.314059,45.381487,,,http://map.baidu.com/,,,,,,,,,,,,,,,,,,,,0
1614535fd6c1353f00ff2d63,发行,交通设施,公交车站,黑龙江省,哈尔滨市,双城区,双城8路,,0,0,126.31334,45.38118,,,http://map.baidu.com/,,,,,,,,,,,,,,,,,,,,0
c1d2bb82a5f4fa12d13ce338,地税小区,交通设施,公交车站,黑龙江省,哈尔滨市,双城区,双城3路,,0,0,126.31071,45.389869,,,http://map.baidu.com/,,,,,,,,,,,,,,,,,,,,0
9260c26a2e3deb6186420ede,急救中心,交通设施,公交车站,黑龙江省,哈尔滨市,双城区,双城6路;双城8路,,0,0,126.306542,45.387191,,,http://map.baidu.com/,,,,,,,,,,,,,,,,,,,,0
ecba949efd95ffb6f8f0cb41,北门,交通设施,公交车站,黑龙江省,哈尔滨市,双城区,双城1路;双城2路;双城2路亚麻厂支线,,0,0,126.314638,45.382402,,,http://map.baidu.com/,,,,,,,,,,,,,,,,,,,,0
78f379685fbc1cf209a8d411,四野,交通设施,公交车站,黑龙江省,哈尔滨市,双城区,双城7路,,0,0,126.322121,45.380516,,,http://map.baidu.com/,,,,,,,,,,,,,,,,,,,,0
08c1d9eb75ff3bfbc33644c7,煤场,交通设施,公交车站,黑龙江省,哈尔滨市,双城区,双城6路;双城8路,,0,0,126.3031,45.386931,,,http://map.baidu.com/,,,,,,,,,,,,,,,,,,,,0
85f2c150fbe539ddf7eafca8,二中,交通设施,公交车站,黑龙江省,哈尔滨市,双城区,双城5路;双城6路,,0,0,126.309217,45.377056,,,http://map.baidu.com/,,,,,,,,,,,,,,,,,,,,0
540d8e89b0545a76a7c756f1,五中,交通设施,公交车站,黑龙江省,哈尔滨市,双城区,双城5路,,0,0,126.329011,45.378734,,,http://map.baidu.com/,,,,,,,,,,,,,,,,,,,,0
17c0750667ee45ec45572642,一粮库,交通设施,公交车站,黑龙江省,哈尔滨市,双城区,双城2路亚麻厂支线;双城5路,,0,0,126.306992,45.406453,,,http://map.baidu.com/,,,,,,,,,,,,,,,,,,,,0
ecbf83771ab2942b5810930f,大物业,交通设施,公交车站,黑龙江省,哈尔滨市,双城区,双城5路;双城7路;双城8路,,0,0,126.329051,45.387593,,,http://map.baidu.com/,,,,,,,,,,,,,,,,,,,,0
30cdb56f632599f921026212,枫桥郡,交通设施,公交车站,黑龙江省,哈尔滨市,双城区,双城4路;双城7路;双城8路,,0,0,126.336613,45.388407,,,http://map.baidu.com/,,,,,,,,,,,,,,,,,,,,0
be0165a04dc5ea39f723109f,五中,交通设施,公交车站,黑龙江省,哈尔滨市,双城区,双城5路,,0,0,126.329011,45.378734,,,http://map.baidu.com/,,,,,,,,,,,,,,,,,,,,0
d5569df59f62e8e9fa0cadaa,二中,交通设施,公交车站,黑龙江省,哈尔滨市,双城区,双城5路;双城6路,,0,0,126.309123,45.377121,,,http://map.baidu.com/,,,,,,,,,,,,,,,,,,,,0
ae0522e22444e84a21f01789,加油站,交通设施,公交车站,黑龙江省,哈尔滨市,双城区,双城2路亚麻厂支线;双城5路,,0,0,126.306646,45.404778,,,http://map.baidu.com/,,,,,,,,,,,,,,,,,,,,0
a78c5d6d21e1aecc4bcc4abe,四野,交通设施,公交车站,黑龙江省,哈尔滨市,双城区,双城4路;双城7路;双城8路,,0,0,126.321681,45.380252,,,http://map.baidu.com/,,,,,,,,,,,,,,,,,,,,0
882438a3c2dcb34f78f796dc,嘉盛府邸,交通设施,公交车站,黑龙江省,哈尔滨市,双城区,双城6路;双城7路,,0,0,126.325241,45.389486,,,http://map.baidu.com/,,,,,,,,,,,,,,,,,,,,0
17d206ad7ca060f549fc8daf,发行,交通设施,公交车站,黑龙江省,哈尔滨市,双城区,双城8路,,0,0,126.3137,45.381333,,,http://map.baidu.com/,,,,,,,,,,,,,,,,,,,,0
510df6e92ee08c5ad4851f78,配件厂,交通设施,公交车站,黑龙江省,哈尔滨市,双城区,双城4路,,0,0,126.304478,45.404724,,,http://map.baidu.com/,,,,,,,,,,,,,,,,,,,,0
5c875943d841059a095cb3ae,岗子峪,交通设施,公交车站,黑龙江省,哈尔滨市,双城区,双城6路,,0,0,126.336386,45.397507,,,http://map.baidu.com/,,,,,,,,,,,,,,,,,,,,0
e4a19a29e9857f7cd2f49e39,法院,交通设施,公交车站,黑龙江省,哈尔滨市,双城区,双城3路,,0,0,126.322611,45.384189,,,http://map.baidu.com/,,,,,,,,,,,,,,,,,,,,0
b80154bb0930be34dbd89189,岗子峪村口,交通设施,公交车站,黑龙江省,哈尔滨市,双城区,双城6路,,0,0,126.333271,45.396283,,,http://map.baidu.com/,,,,,,,,,,,,,,,,,,,,0
f9da0c341dfe7f651df74dc8,荣耀天地,交通设施,公交车站,黑龙江省,哈尔滨市,双城区,双城5路,,0,0,126.303229,45.378036,,,http://map.baidu.com/,,,,,,,,,,,,,,,,,,,,0
7b47c6e80274c68b6b49f3be,金融花园,交通设施,公交车站,黑龙江省,哈尔滨市,双城区,双城1路;双城2路;双城2路亚麻厂支线;双城5路,,0,0,126.318072,45.376963,,,http://map.baidu.com/,,,,,,,,,,,,,,,,,,,,0
bc8ad4a137112953f8f0cb10,二中,交通设施,公交车站,黑龙江省,哈尔滨市,双城区,双城5路;双城6路,,0,0,126.309311,45.376992,,,http://map.baidu.com/,,,,,,,,,,,,,,,,,,,,0
2cfd4c72aea3cb0f960319d8,金融国际,交通设施,公交车站,黑龙江省,哈尔滨市,双城区,双城5路,,0,0,126.315001,45.376868,,,http://map.baidu.com/,,,,,,,,,,,,,,,,,,,,0
1757630ba0dd943fcc06a4de,博物馆,交通设施,公交车站,黑龙江省,哈尔滨市,双城区,双城4路,,0,0,126.353194,45.394168,,,http://map.baidu.com/,,,,,,,,,,,,,,,,,,,,0
4baccbdbff2b9cd72efaa7f9,达能气站,交通设施,公交车站,黑龙江省,哈尔滨市,双城区,双城7路;双城8路,,0,0,126.358684,45.395818,,,http://map.baidu.com/,,,,,,,,,,,,,,,,,,,,0
1d97feed916f26eb03ec0165,多多,交通设施,公交车站,黑龙江省,哈尔滨市,双城区,双城7路,,0,0,126.362197,45.387882,,,http://map.baidu.com/,,,,,,,,,,,,,,,,,,,,0
037c5f6ebdd259404afd3f20,多多,交通设施,公交车站,黑龙江省,哈尔滨市,双城区,双城7路,,0,0,126.362099,45.387701,,,http://map.baidu.com/,,,,,,,,,,,,,,,,,,,,0
5cd7b183c443319e0e3dda97,多多,交通设施,公交车站,黑龙江省,哈尔滨市,双城区,双城7路,,0,0,126.362001,45.387521,,,http://map.baidu.com/,,,,,,,,,,,,,,,,,,,,0
1f893dae485b90c20bccdde9,停车场,交通设施,公交车站,黑龙江省,哈尔滨市,双城区,双城4路;双城7路;双城8路,,0,0,126.353193,45.394084,,,http://map.baidu.com/,,,,,,,,,,,,,,,,,,,,0
a5e63f1d188399549122e032,博物馆,交通设施,公交车站,黑龙江省,哈尔滨市,双城区,双城4路,,0,0,126.353194,45.394168,,,http://map.baidu.com/,,,,,,,,,,,,,,,,,,,,0
5620d836b810e04b364aaef9,临时站,交通设施,公交车站,黑龙江省,哈尔滨市,双城区,双城7路,,0,0,126.334873,45.388214,,,http://map.baidu.com/,,,,,,,,,,,,,,,,,,,,0
bac177cc2bc22a34d5b74e08,临时站,交通设施,公交车站,黑龙江省,哈尔滨市,双城区,双城7路,,0,0,126.334793,45.388113,,,http://map.baidu.com/,,,,,,,,,,,,,,,,,,,,0
6ab03b9d54e35e27ae080fee,娃哈哈,交通设施,公交车站,黑龙江省,哈尔滨市,双城区,双城7路,,0,0,126.369191,45.394325,,,http://map.baidu.com/,,,,,,,,,,,,,,,,,,,,0
9cfc776cd58f7746b320a885,娃哈哈,交通设施,公交车站,黑龙江省,哈尔滨市,双城区,双城7路,,0,0,126.369191,45.394325,,,http://map.baidu.com/,,,,,,,,,,,,,,,,,,,,0
5bbee4db39ddd521c33644dd,公安局,交通设施,公交车站,黑龙江省,哈尔滨市,双城区,双城4路;双城7路;双城8路,,0,0,126.339679,45.38971,,,http://map.baidu.com/,,,,,,,,,,,,,,,,,,,,0
1eb39674bd1bb2cf7369d324,电业大厦,交通设施,公交车站,黑龙江省,哈尔滨市,双城区,双城4路;双城7路;双城8路,,0,0,126.347113,45.392045,,,http://map.baidu.com/,,,,,,,,,,,,,,,,,,,,0
397a4d0da66c7b5d57bfffea,电商大厦,交通设施,公交车站,黑龙江省,哈尔滨市,双城区,双城4路;双城7路;双城8路,,0,0,126.347045,45.392135,,,http://map.baidu.com/,,,,,,,,,,,,,,,,,,,,0
5a56c59ee8dcee18f32d8319,电商大厦,交通设施,公交车站,黑龙江省,哈尔滨市,双城区,双城4路;双城7路;双城8路,,0,0,126.347011,45.39218,,,http://map.baidu.com/,,,,,,,,,,,,,,,,,,,,0
c66fa53267eefa93b54f5442,滕晟汽车,交通设施,公交车站,黑龙江省,哈尔滨市,双城区,双城4路;双城7路;双城8路,,0,0,126.347062,45.392113,,,http://map.baidu.com/,,,,,,,,,,,,,,,,,,,,0
40c93f807963846f2fe67bb9,对鹿,交通设施,公交车站,黑龙江省,哈尔滨市,双城区,双城8路,,0,0,126.366798,45.39813,,,http://map.baidu.com/,,,,,,,,,,,,,,,,,,,,0
e5c7ed3802cce3f9f6c59c60,对鹿,交通设施,公交车站,黑龙江省,哈尔滨市,双城区,双城7路;双城8路,,0,0,126.366785,45.398239,,,http://map.baidu.com/,,,,,,,,,,,,,,,,,,,,0
696a8cd27f5d4714fda77837,对鹿,交通设施,公交车站,黑龙江省,哈尔滨市,双城区,双城7路;双城8路,,0,0,126.366778,45.398293,,,http://map.baidu.com/,,,,,,,,,,,,,,,,,,,,0
faf981b781c5ebab78f79600,公安局,交通设施,公交车站,黑龙江省,哈尔滨市,双城区,双城4路;双城7路;双城8路,,0,0,126.339359,45.389526,,,http://map.baidu.com/,,,,,,,,,,,,,,,,,,,,0
d242407a562b9675e0110348,法院,交通设施,公交车站,黑龙江省,哈尔滨市,双城区,双城4路;双城7路;双城8路,,0,0,126.34258,45.390723,,,http://map.baidu.com/,,,,,,,,,,,,,,,,,,,,0
010ce34dde9177b8f03cbacf,旺旺道口,交通设施,公交车站,黑龙江省,哈尔滨市,双城区,双城7路,,0,0,126.367397,45.39276,,,http://map.baidu.com/,,,,,,,,,,,,,,,,,,,,0
457c3452d895e9b7df1e52f2,旺旺道口,交通设施,公交车站,黑龙江省,哈尔滨市,双城区,双城7路,,0,0,126.367436,45.392744,,,http://map.baidu.com/,,,,,,,,,,,,,,,,,,,,0
fccaa984f96b174346e274a8,旺旺道口,交通设施,公交车站,黑龙江省,哈尔滨市,双城区,双城7路,,0,0,126.367475,45.392727,,,http://map.baidu.com/,,,,,,,,,,,,,,,,,,,,0
30cdb56f632599f921026212,枫桥郡,交通设施,公交车站,黑龙江省,哈尔滨市,双城区,双城4路;双城7路;双城8路,,0,0,126.336613,45.388407,,,http://map.baidu.com/,,,,,,,,,,,,,,,,,,,,0
92a837e2176d44489b68b4f8,汇源,交通设施,公交车站,黑龙江省,哈尔滨市,双城区,双城7路,,0,0,126.371242,45.399561,,,http://map.baidu.com/,,,,,,,,,,,,,,,,,,,,0
f5018c142c744ffa40ab9af3,汇源,交通设施,公交车站,黑龙江省,哈尔滨市,双城区,双城7路;双城8路,,0,0,126.372192,45.399772,,,http://map.baidu.com/,,,,,,,,,,,,,,,,,,,,0
e1c190c71d488604364aaee4,汇源,交通设施,公交车站,黑龙江省,哈尔滨市,双城区,双城8路,,0,0,126.37267,45.399795,,,http://map.baidu.com/,,,,,,,,,,,,,,,,,,,,0
00d1c609ae98ecb588b9882c,汇源,交通设施,公交车站,黑龙江省,哈尔滨市,双城区,双城8路,,0,0,126.372665,45.399962,,,http://map.baidu.com/,,,,,,,,,,,,,,,,,,,,0
b1452e099ad19f8bfbdc8585,完达山,交通设施,公交车站,黑龙江省,哈尔滨市,双城区,双城8路,,0,0,126.376466,45.400848,,,http://map.baidu.com/,,,,,,,,,,,,,,,,,,,,0
0aec8a4088a4d2352ee67bac,完达山,交通设施,公交车站,黑龙江省,哈尔滨市,双城区,双城8路,,0,0,126.376489,45.40094,,,http://map.baidu.com/,,,,,,,,,,,,,,,,,,,,0
3a2e413f7458b0ffacee7a70,完达山,交通设施,公交车站,黑龙江省,哈尔滨市,双城区,双城8路,,0,0,126.376513,45.401032,,,http://map.baidu.com/,,,,,,,,,,,,,,,,,,,,0
af8067e51fd44a3b0bf5eb03,鑫晟家园,交通设施,公交车站,黑龙江省,哈尔滨市,双城区,双城7路,,0,0,126.363259,45.384633,,,http://map.baidu.com/,,,,,,,,,,,,,,,,,,,,0
3321c7fb6ff2b82da1d230de,枫桥郡,交通设施,公交车站,黑龙江省,哈尔滨市,双城区,双城4路,,0,0,126.33704,45.388427,,,http://map.baidu.com/,,,,,,,,,,,,,,,,,,,,0
ea2dbbe8d787dd6051e5c50f,临时站,交通设施,公交车站,黑龙江省,哈尔滨市,双城区,双城7路,,0,0,126.334714,45.388012,,,http://map.baidu.com/,,,,,,,,,,,,,,,,,,,,0
a5af467db02688759122e054,兆麟高中,交通设施,公交车站,黑龙江省,哈尔滨市,双城区,双城2路;双城7路,,0,0,126.35921,45.38317,,,http://map.baidu.com/,,,,,,,,,,,,,,,,,,,,0
abd6a66fb3693a30ddee8bc9,兆麟中学,交通设施,公交车站,黑龙江省,哈尔滨市,双城区,双城2路;双城2路亚麻厂支线,,0,0,126.35929,45.383088,,,http://map.baidu.com/,,,,,,,,,,,,,,,,,,,,0
4ef8ec9787b65cd1f219376f,观音寺山门,交通设施,公交车站,黑龙江省,哈尔滨市,双城区,双城7路,,0,0,126.357524,45.382688,,,http://map.baidu.com/,,,,,,,,,,,,,,,,,,,,0
9bfe05ce93626e030289723b,观音寺山门,交通设施,公交车站,黑龙江省,哈尔滨市,双城区,双城7路,,0,0,126.357609,45.382654,,,http://map.baidu.com/,,,,,,,,,,,,,,,,,,,,0
b72623f57acab39fcafa5fbe,兆麟高中,交通设施,公交车站,黑龙江省,哈尔滨市,双城区,双城2路;双城2路亚麻厂支线;双城7路,,0,0,126.359272,45.383136,,,http://map.baidu.com/,,,,,,,,,,,,,,,,,,,,0
b8283a799e6b4a10c8c3db0e,香其酱厂,交通设施,公交车站,黑龙江省,哈尔滨市,双城区,双城7路,,0,0,126.372853,45.397721,,,http://map.baidu.com/,,,,,,,,,,,,,,,,,,,,0
ddd5fbdb9a531d6f0c0e6b01,公安局,交通设施,公交车站,黑龙江省,哈尔滨市,双城区,双城4路;双城7路;双城8路,,0,0,126.339999,45.389894,,,http://map.baidu.com/,,,,,,,,,,,,,,,,,,,,0
4354ccef9bb995e0eb12e4c9,祥阁花园,交通设施,公交车站,黑龙江省,哈尔滨市,双城区,双城2路;双城2路亚麻厂支线,,0,0,126.351782,45.380517,,,http://map.baidu.com/,,,,,,,,,,,,,,,,,,,,0
0675ef938d2a4a8a260bd0e7,民乐家园,交通设施,公交车站,黑龙江省,哈尔滨市,双城区,双城7路,,0,0,126.337659,45.38913,,,http://map.baidu.com/,,,,,,,,,,,,,,,,,,,,0
8ad77c4a5bd19c14210262e3,雀巢公司,交通设施,公交车站,黑龙江省,哈尔滨市,双城区,双城4路,,0,0,126.339409,45.38109,,,http://map.baidu.com/,,,,,,,,,,,,,,,,,,,,0
5c875943d841059a095cb3ae,岗子峪,交通设施,公交车站,黑龙江省,哈尔滨市,双城区,双城6路,,0,0,126.336386,45.397507,,,http://map.baidu.com/,,,,,,,,,,,,,,,,,,,,0
aceec7f51cb376570f0a706d,长勇村,交通设施,公交车站,黑龙江省,哈尔滨市,双城区,双城2路;双城2路亚麻厂支线,,0,0,126.378916,45.389051,,,http://map.baidu.com/,,,,,,,,,,,,,,,,,,,,0
b39ef920756742ff2811d166,开发区道口,交通设施,公交车站,黑龙江省,哈尔滨市,双城区,双城2路;双城2路亚麻厂支线,,0,0,126.363778,45.384398,,,http://map.baidu.com/,,,,,,,,,,,,,,,,,,,,0
72823e883da733f42ce67b93,法院,交通设施,公交车站,黑龙江省,哈尔滨市,双城区,双城4路;双城7路;双城8路,,0,0,126.342734,45.390699,,,http://map.baidu.com/,,,,,,,,,,,,,,,,,,,,0
fe806b1123d3b1cc01897295,龙池酒厂,交通设施,公交车站,黑龙江省,哈尔滨市,双城区,双城2路;双城2路亚麻厂支线,,0,0,126.372127,45.387082,,,http://map.baidu.com/,,,,,,,,,,,,,,,,,,,,0
5f15e68044d7ca1aa2a9347a,审批大厅,交通设施,公交车站,黑龙江省,哈尔滨市,双城区,双城2路;双城2路亚麻厂支线,,0,0,126.342781,45.377953,,,http://map.baidu.com/,,,,,,,,,,,,,,,,,,,,0
b80154bb0930be34dbd89189,岗子峪村口,交通设施,公交车站,黑龙江省,哈尔滨市,双城区,双城6路,,0,0,126.333271,45.396283,,,http://map.baidu.com/,,,,,,,,,,,,,,,,,,,,0
25a8efa78f0c11bb9f09f76d,鑫晟家园,交通设施,公交车站,黑龙江省,哈尔滨市,双城区,双城7路,,0,0,126.363111,45.384793,,,http://map.baidu.com/,,,,,,,,,,,,,,,,,,,,0
a865888fa8e5d7518715414c,祥阁花园,交通设施,公交车站,黑龙江省,哈尔滨市,双城区,双城2路;双城2路亚麻厂支线,,0,0,126.351879,45.380593,,,http://map.baidu.com/,,,,,,,,,,,,,,,,,,,,0
d23d9e1c3450512802294fba,雀巢公司,交通设施,公交车站,黑龙江省,哈尔滨市,双城区,双城4路,,0,0,126.339302,45.381027,,,http://map.baidu.com/,,,,,,,,,,,,,,,,,,,,0
d412cddd01829be788fc06d0,房产小区,交通设施,公交车站,黑龙江省,哈尔滨市,双城区,双城2路;双城2路亚麻厂支线,,0,0,126.345685,45.378782,,,http://map.baidu.com/,,,,,,,,,,,,,,,,,,,,0
a4bac965dca98d6b3fe231da,转盘道,交通设施,公交车站,黑龙江省,哈尔滨市,双城区,双城8路,,0,0,126.397802,45.396926,,,http://map.baidu.com/,,,,,,,,,,,,,,,,,,,,0
681cbf93826b35f5bb17e7bd,转盘道,交通设施,公交车站,黑龙江省,哈尔滨市,双城区,双城8路,,0,0,126.397832,45.396998,,,http://map.baidu.com/,,,,,,,,,,,,,,,,,,,,0
ca0b06ba91a86c2851e5c5f5,转盘道,交通设施,公交车站,黑龙江省,哈尔滨市,双城区,双城8路,,0,0,126.397862,45.397071,,,http://map.baidu.com/,,,,,,,,,,,,,,,,,,,,0
20293786d3d2722f4e5547fd,恒利玻璃厂,交通设施,公交车站,黑龙江省,哈尔滨市,双城区,双城8路,,0,0,126.404959,45.395398,,,http://map.baidu.com/,,,,,,,,,,,,,,,,,,,,0
e4edfe196d2a8160a4c756a0,恒利玻璃厂,交通设施,公交车站,黑龙江省,哈尔滨市,双城区,双城8路,,0,0,126.405049,45.395462,,,http://map.baidu.com/,,,,,,,,,,,,,,,,,,,,0
10a32e8f200143b21ce99998,恒利玻璃厂,交通设施,公交车站,黑龙江省,哈尔滨市,双城区,双城8路,,0,0,126.405138,45.395526,,,http://map.baidu.com/,,,,,,,,,,,,,,,,,,,,0
3b49429b3bee6ee171210b62,高速收费站,交通设施,公交车站,黑龙江省,哈尔滨市,双城区,双城8路,,0,0,126.417867,45.394612,,,http://map.baidu.com/,,,,,,,,,,,,,,,,,,,,0
6d5b9eb9022680ca9ff779a7,高速收费站,交通设施,公交车站,黑龙江省,哈尔滨市,双城区,双城8路,,0,0,126.418134,45.394526,,,http://map.baidu.com/,,,,,,,,,,,,,,,,,,,,0
dd82d7ac4ee927fb9222e0c2,高速收费站,交通设施,公交车站,黑龙江省,哈尔滨市,双城区,双城8路,,0,0,126.4184,45.39444,,,http://map.baidu.com/,,,,,,,,,,,,,,,,,,,,0
b1452e099ad19f8bfbdc8585,完达山,交通设施,公交车站,黑龙江省,哈尔滨市,双城区,双城8路,,0,0,126.376466,45.400848,,,http://map.baidu.com/,,,,,,,,,,,,,,,,,,,,0
0aec8a4088a4d2352ee67bac,完达山,交通设施,公交车站,黑龙江省,哈尔滨市,双城区,双城8路,,0,0,126.376489,45.40094,,,http://map.baidu.com/,,,,,,,,,,,,,,,,,,,,0
3a2e413f7458b0ffacee7a70,完达山,交通设施,公交车站,黑龙江省,哈尔滨市,双城区,双城8路,,0,0,126.376513,45.401032,,,http://map.baidu.com/,,,,,,,,,,,,,,,,,,,,0
92c6af5613a532b5f50e77b3,天阳彩印厂,交通设施,公交车站,黑龙江省,哈尔滨市,双城区,双城8路,,0,0,126.388205,45.399246,,,http://map.baidu.com/,,,,,,,,,,,,,,,,,,,,0
b352eac58791491d744ff1c5,天阳彩印厂,交通设施,公交车站,黑龙江省,哈尔滨市,双城区,双城8路,,0,0,126.388068,45.399194,,,http://map.baidu.com/,,,,,,,,,,,,,,,,,,,,0
0cd2493b5e06e50f2cb17e73,天阳彩印厂,交通设施,公交车站,黑龙江省,哈尔滨市,双城区,双城8路,,0,0,126.387932,45.399142,,,http://map.baidu.com/,,,,,,,,,,,,,,,,,,,,0
aceec7f51cb376570f0a706d,长勇村,交通设施,公交车站,黑龙江省,哈尔滨市,双城区,双城2路;双城2路亚麻厂支线,,0,0,126.378916,45.389051,,,http://map.baidu.com/,,,,,,,,,,,,,,,,,,,,0
dd82d7ac4ee927fb9222e0c2,高速收费站,交通设施,公交车站,黑龙江省,哈尔滨市,双城区,双城8路,,0,0,126.4184,45.39444,,,http://map.baidu.com/,,,,,,,,,,,,,,,,,,,,0
6d5b9eb9022680ca9ff779a7,高速收费站,交通设施,公交车站,黑龙江省,哈尔滨市,双城区,双城8路,,0,0,126.418134,45.394526,,,http://map.baidu.com/,,,,,,,,,,,,,,,,,,,,0
3b49429b3bee6ee171210b62,高速收费站,交通设施,公交车站,黑龙江省,哈尔滨市,双城区,双城8路,,0,0,126.417867,45.394612,,,http://map.baidu.com/,,,,,,,,,,,,,,,,,,,,0
89903fdd61a76d240aa8d471,双城北站,交通设施,公交车站,黑龙江省,哈尔滨市,双城区,双城4路,,0,0,126.278008,45.431549,,,http://map.baidu.com/,,,,,,,,,,,,,,,,,,,,0
8cf4d90508c1f70aeddfca55,双城北站,交通设施,公交车站,黑龙江省,哈尔滨市,双城区,双城4路,,0,0,126.278349,45.431275,,,http://map.baidu.com/,,,,,,,,,,,,,,,,,,,,0
75dbc81a0be4b5930bf5ebf3,亚麻厂,交通设施,公交车站,黑龙江省,哈尔滨市,双城区,双城2路亚麻厂支线,,0,0,126.283533,45.420221,,,http://map.baidu.com/,,,,,,,,,,,,,,,,,,,,0
007c11a02c42d7b4b54f5457,亚麻厂,交通设施,公交车站,黑龙江省,哈尔滨市,双城区,双城2路亚麻厂支线,,0,0,126.283533,45.420221,,,http://map.baidu.com/,,,,,,,,,,,,,,,,,,,,0
9a6e6b9988ba4e7ea2a934e8,益农化肥,交通设施,公交车站,黑龙江省,哈尔滨市,双城区,双城2路亚麻厂支线,,0,0,126.289544,45.413218,,,http://map.baidu.com/,,,,,,,,,,,,,,,,,,,,0
04c8e9cfc67eaf0a37b06c22,工厂街,交通设施,公交车站,黑龙江省,哈尔滨市,双城区,双城2路亚麻厂支线,,0,0,126.284781,45.417677,,,http://map.baidu.com/,,,,,,,,,,,,,,,,,,,,0
7118eef32719974c33621293,工厂街,交通设施,公交车站,黑龙江省,哈尔滨市,双城区,双城2路亚麻厂支线,,0,0,126.284781,45.417677,,,http://map.baidu.com/,,,,,,,,,,,,,,,,,,,,0
c73db9c510b3b89525e0a081,益农化肥,交通设施,公交车站,黑龙江省,哈尔滨市,双城区,双城2路亚麻厂支线,,0,0,126.289544,45.413218,,,http://map.baidu.com/,,,,,,,,,,,,,,,,,,,,0
aee75a7b6c6a431c715e807c,新立村,交通设施,公交车站,黑龙江省,哈尔滨市,双城区,双城4路,,0,0,126.292366,45.422893,,,http://map.baidu.com/,,,,,,,,,,,,,,,,,,,,0
8a31d3a2814c303cbb17e727,公正乡道口(招呼站),交通设施,公交车站,黑龙江省,哈尔滨市,双城区,双城4路,,0,0,126.290797,45.428496,,,http://map.baidu.com/,,,,,,,,,,,,,,,,,,,,0
dc562715cdd462fc25e0a0db,化肥厂,交通设施,公交车站,黑龙江省,哈尔滨市,双城区,双城4路,,0,0,126.292752,45.417619,,,http://map.baidu.com/,,,,,,,,,,,,,,,,,,,,0
aee75a7b6c6a431c715e807c,新立村,交通设施,公交车站,黑龙江省,哈尔滨市,双城区,双城4路,,0,0,126.292366,45.422893,,,http://map.baidu.com/,,,,,,,,,,,,,,,,,,,,0
8a31d3a2814c303cbb17e727,公正乡道口(招呼站),交通设施,公交车站,黑龙江省,哈尔滨市,双城区,双城4路,,0,0,126.290797,45.428496,,,http://map.baidu.com/,,,,,,,,,,,,,,,,,,,,0
dc562715cdd462fc25e0a0db,化肥厂,交通设施,公交车站,黑龙江省,哈尔滨市,双城区,双城4路,,0,0,126.292752,45.417619,,,http://map.baidu.com/,,,,,,,,,,,,,,,,,,,,0
036d6e2d4e438118b45f1e4b,博物馆,交通设施,公交车站,黑龙江省,哈尔滨市,阿城区,阿城7路,,0,0,126.976295,45.503639,,,http://map.baidu.com/,,,,,,,,,,,,,,,,,,,,0
855d997fe609dea0af04577d,护高专阿城校区,交通设施,公交车站,黑龙江省,哈尔滨市,阿城区,阿城7路,,0,0,126.975866,45.507497,,,http://map.baidu.com/,,,,,,,,,,,,,,,,,,,,0
852d20db853063f455bfffd4,护高专阿城校区,交通设施,公交车站,黑龙江省,哈尔滨市,阿城区,阿城7路,,0,0,126.975901,45.507567,,,http://map.baidu.com/,,,,,,,,,,,,,,,,,,,,0
ffd4893ee4ea4bbbc056ac06,博物馆,交通设施,公交车站,黑龙江省,哈尔滨市,阿城区,阿城7路,,0,0,126.976295,45.50362,,,http://map.baidu.com/,,,,,,,,,,,,,,,,,,,,0
07b6d831abd897692cb96d83,护高专阿城校区,交通设施,公交车站,黑龙江省,哈尔滨市,阿城区,阿城7路,,0,0,126.975831,45.507428,,,http://map.baidu.com/,,,,,,,,,,,,,,,,,,,,0
5ea1e11ad2487c208bfc0664,天顺源,交通设施,公交车站,黑龙江省,哈尔滨市,双城区,253路新华德邦支线;253路新华西闵家支线,,0,0,126.5393,45.537977,,,http://map.baidu.com/,,,,,,,,,,,,,,,,,,,,0
79fde3609f6fa9cd88b9881a,新红村,交通设施,公交车站,黑龙江省,哈尔滨市,双城区,253路新华德邦支线;253路新华西闵家支线,,0,0,126.532692,45.542658,,,http://map.baidu.com/,,,,,,,,,,,,,,,,,,,,0
1d2fae6ea3f35edb130daaf0,天顺源,交通设施,公交车站,黑龙江省,哈尔滨市,双城区,253路新华德邦支线;253路新华西闵家支线,,0,0,126.539297,45.537978,,,http://map.baidu.com/,,,,,,,,,,,,,,,,,,,,0
91bd82daafd7616702294fa3,肖家窝棚,交通设施,公交车站,黑龙江省,哈尔滨市,双城区,253路新华德邦支线;253路新华西闵家支线,,0,0,126.560124,45.537427,,,http://map.baidu.com/,,,,,,,,,,,,,,,,,,,,0
a55145842ca800d488b988c3,肖家窝铺,交通设施,公交车站,黑龙江省,哈尔滨市,双城区,253路新华德邦支线;253路新华西闵家支线,,0,0,126.560149,45.537449,,,http://map.baidu.com/,,,,,,,,,,,,,,,,,,,,0
e417692d319163fb2811d11f,肖家窝堡,交通设施,公交车站,黑龙江省,哈尔滨市,双城区,253路新华德邦支线;253路新华西闵家支线,,0,0,126.560149,45.537449,,,http://map.baidu.com/,,,,,,,,,,,,,,,,,,,,0
06f872efa1f16ba9441a32e9,肖家窝堡,交通设施,公交车站,黑龙江省,哈尔滨市,双城区,253路新华德邦支线;253路新华西闵家支线,,0,0,126.560124,45.537427,,,http://map.baidu.com/,,,,,,,,,,,,,,,,,,,,0
0860c5d1d6d8157b471a3248,石家窝铺,交通设施,公交车站,黑龙江省,哈尔滨市,双城区,361路马家沟支线;361路叶家支线,,0,0,126.654474,45.537718,,,http://map.baidu.com/,,,,,,,,,,,,,,,,,,,,0
cbb454d098237ec47bf79643,地质队,交通设施,公交车站,黑龙江省,哈尔滨市,阿城区,阿城13路,,0,0,126.969088,45.530491,,,http://map.baidu.com/,,,,,,,,,,,,,,,,,,,,0
04e5a8f1b94528f9c62ba152,农机家属楼,交通设施,公交车站,黑龙江省,哈尔滨市,阿城区,阿城13路,,0,0,126.968767,45.532271,,,http://map.baidu.com/,,,,,,,,,,,,,,,,,,,,0
c7be982a5ce3246307026fcc,体育场,交通设施,公交车站,黑龙江省,哈尔滨市,阿城区,阿城1路,,0,0,126.986815,45.52903,,,http://map.baidu.com/,,,,,,,,,,,,,,,,,,,,0
82b61bb03fe31c8b077ce807,体育场,交通设施,公交车站,黑龙江省,哈尔滨市,阿城区,阿城1路,,0,0,126.986817,45.529078,,,http://map.baidu.com/,,,,,,,,,,,,,,,,,,,,0
ae3ec094e59846182efaa756,体育场,交通设施,公交车站,黑龙江省,哈尔滨市,阿城区,阿城1路,,0,0,126.986819,45.529125,,,http://map.baidu.com/,,,,,,,,,,,,,,,,,,,,0
45b16e8de9311de37bf7961a,公交商务酒店,交通设施,公交车站,黑龙江省,哈尔滨市,阿城区,阿城12路;阿城14路;阿城15路;阿城31路,,0,0,126.985048,45.529809,,,http://map.baidu.com/,,,,,,,,,,,,,,,,,,,,0
439d0f2d9f999a6e4d2fdf8e,金源小学,交通设施,公交车站,黑龙江省,哈尔滨市,阿城区,阿城1路,,0,0,126.989909,45.529031,,,http://map.baidu.com/,,,,,,,,,,,,,,,,,,,,0
177eb30a34264e7f81a12eba,剑桥郡,交通设施,公交车站,黑龙江省,哈尔滨市,阿城区,阿城14路;阿城15路;阿城31路,,0,0,126.982539,45.52907,,,http://map.baidu.com/,,,,,,,,,,,,,,,,,,,,0
71aba28241a22680593ac832,剑桥郡,交通设施,公交车站,黑龙江省,哈尔滨市,阿城区,阿城12路;阿城14路;阿城15路;阿城1路;阿城31路,,0,0,126.982536,45.529102,,,http://map.baidu.com/,,,,,,,,,,,,,,,,,,,,0
904616ca3fd6a59449fd3f14,金源小学,交通设施,公交车站,黑龙江省,哈尔滨市,阿城区,阿城1路,,0,0,126.989225,45.529098,,,http://map.baidu.com/,,,,,,,,,,,,,,,,,,,,0
cd4bc5290b23b78479dbd203,金源小学,交通设施,公交车站,黑龙江省,哈尔滨市,阿城区,阿城1路,,0,0,126.990593,45.528965,,,http://map.baidu.com/,,,,,,,,,,,,,,,,,,,,0
2b524e57afec75a49122e03d,康慧学校,交通设施,公交车站,黑龙江省,哈尔滨市,阿城区,阿城1路,,0,0,126.992549,45.529056,,,http://map.baidu.com/,,,,,,,,,,,,,,,,,,,,0
68ada5ddaee045da223bf21a,新龙城,交通设施,公交车站,黑龙江省,哈尔滨市,阿城区,阿城12路;阿城14路;阿城15路;阿城1路;阿城31路,,0,0,126.979182,45.529115,,,http://map.baidu.com/,,,,,,,,,,,,,,,,,,,,0
bfe56c20034a5a3ff4eafc39,剑桥郡小区,交通设施,公交车站,黑龙江省,哈尔滨市,阿城区,阿城12路;阿城14路;阿城15路;阿城1路;阿城31路;阿城34路,,0,0,126.982536,45.529125,,,http://map.baidu.com/,,,,,,,,,,,,,,,,,,,,0
37da9ea1254177a8b14c495d,康慧学校,交通设施,公交车站,黑龙江省,哈尔滨市,阿城区,阿城1路,,0,0,126.992549,45.529056,,,http://map.baidu.com/,,,,,,,,,,,,,,,,,,,,0
eb2a644c0d983a949e95defc,剑桥郡,交通设施,公交车站,黑龙江省,哈尔滨市,阿城区,阿城12路;阿城14路;阿城15路;阿城1路;阿城31路;阿城34路,,0,0,126.982536,45.529144,,,http://map.baidu.com/,,,,,,,,,,,,,,,,,,,,0
9f8748edbd918f18c72ba173,阿城区第六中学,交通设施,公交车站,黑龙江省,哈尔滨市,阿城区,阿城12路;阿城14路;阿城15路;阿城31路,,0,0,126.984247,45.532144,,,http://map.baidu.com/,,,,,,,,,,,,,,,,,,,,0
bdd1729461002e1fa80dd847,阿城区第六中学,交通设施,公交车站,黑龙江省,哈尔滨市,阿城区,阿城12路;阿城14路;阿城15路;阿城31路,,0,0,126.984278,45.532179,,,http://map.baidu.com/,,,,,,,,,,,,,,,,,,,,0
5605a81d6a3a01468e1a89ca,新龙城小区,交通设施,公交车站,黑龙江省,哈尔滨市,阿城区,阿城12路;阿城14路;阿城15路;阿城1路;阿城31路;阿城34路,,0,0,126.97939,45.529136,,,http://map.baidu.com/,,,,,,,,,,,,,,,,,,,,0
9837dc274f625f7eab0dd8f7,第六中学,交通设施,公交车站,黑龙江省,哈尔滨市,阿城区,阿城12路;阿城14路;阿城15路;阿城31路,,0,0,126.984303,45.532206,,,http://map.baidu.com/,,,,,,,,,,,,,,,,,,,,0
2c6f821519035cd8aa175a93,溪山美郡西,交通设施,公交车站,黑龙江省,哈尔滨市,阿城区,阿城12路,,0,0,126.988852,45.53429,,,http://map.baidu.com/,,,,,,,,,,,,,,,,,,,,0
9192558632c5a2df593ac838,新龙城,交通设施,公交车站,黑龙江省,哈尔滨市,阿城区,阿城12路;阿城14路;阿城15路;阿城1路;阿城31路;阿城34路,,0,0,126.979552,45.529153,,,http://map.baidu.com/,,,,,,,,,,,,,,,,,,,,0
cd171ebc49293723dbd891b3,幸福里,交通设施,公交车站,黑龙江省,哈尔滨市,阿城区,阿城13路;阿城34路,,0,0,126.974068,45.533671,,,http://map.baidu.com/,,,,,,,,,,,,,,,,,,,,0
c526f012d685bc199703198b,阿城区第一中学,交通设施,公交车站,黑龙江省,哈尔滨市,阿城区,阿城3路;阿城7路,,0,0,126.975903,45.527728,,,http://map.baidu.com/,,,,,,,,,,,,,,,,,,,,0
de129cb7d0cfae04fb2d612c,锦富华园小区,交通设施,公交车站,黑龙江省,哈尔滨市,阿城区,阿城3路;阿城7路,,0,0,126.97575,45.525849,,,http://map.baidu.com/,,,,,,,,,,,,,,,,,,,,0
c4bec16b1d2db721902ca396,溪山美郡东,交通设施,公交车站,黑龙江省,哈尔滨市,阿城区,阿城12路,,0,0,126.993928,45.53434,,,http://map.baidu.com/,,,,,,,,,,,,,,,,,,,,0
85e7447dd97f551c4d2fdf21,金源世家小区,交通设施,公交车站,黑龙江省,哈尔滨市,阿城区,阿城10路;阿城16路;阿城30路;阿城32路;阿城9路,,0,0,126.998249,45.530927,,,http://map.baidu.com/,,,,,,,,,,,,,,,,,,,,0
3e46b4387fc473f1ae045731,金源世家小区,交通设施,公交车站,黑龙江省,哈尔滨市,阿城区,阿城10路;阿城16路;阿城30路;阿城32路;阿城9路,,0,0,126.998167,45.531063,,,http://map.baidu.com/,,,,,,,,,,,,,,,,,,,,0
6ed30c95a962f4d99322e0a0,阿城一中,交通设施,公交车站,黑龙江省,哈尔滨市,阿城区,阿城3路;阿城7路,,0,0,126.975853,45.527717,,,http://map.baidu.com/,,,,,,,,,,,,,,,,,,,,0
001bbe86a7f79b69deee8b90,阿城区规划局,交通设施,公交车站,黑龙江省,哈尔滨市,阿城区,阿城1路;阿城34路;阿城3路;阿城7路,,0,0,126.976535,45.532399,,,http://map.baidu.com/,,,,,,,,,,,,,,,,,,,,0
856cba70d64a25ec9de3214d,富氏隆颐养园,交通设施,公交车站,黑龙江省,哈尔滨市,阿城区,阿城15路,,0,0,126.982993,45.535909,,,http://map.baidu.com/,,,,,,,,,,,,,,,,,,,,0
f61809194c8493693617dcf1,印象宸院,交通设施,公交车站,黑龙江省,哈尔滨市,阿城区,阿城1路,,0,0,127.006899,45.527584,,,http://map.baidu.com/,,,,,,,,,,,,,,,,,,,,0
21500ea51b0dd55a4002450b,印象宸院,交通设施,公交车站,黑龙江省,哈尔滨市,阿城区,阿城1路,,0,0,127.006899,45.527584,,,http://map.baidu.com/,,,,,,,,,,,,,,,,,,,,0
5dd69244e979b9bec056ac95,金源文化主题公园,交通设施,公交车站,黑龙江省,哈尔滨市,阿城区,阿城1路,,0,0,127.001171,45.528809,,,http://map.baidu.com/,,,,,,,,,,,,,,,,,,,,0
cbb454d098237ec47bf79643,地质队,交通设施,公交车站,黑龙江省,哈尔滨市,阿城区,阿城13路,,0,0,126.969088,45.530491,,,http://map.baidu.com/,,,,,,,,,,,,,,,,,,,,0
50cf72188f4baf36f50e77d0,阿城区教育局,交通设施,公交车站,黑龙江省,哈尔滨市,阿城区,阿城13路;阿城1路;阿城3路;阿城7路,,0,0,126.976763,45.534424,,,http://map.baidu.com/,,,,,,,,,,,,,,,,,,,,0
1edb41c19ea93be975e5b621,阿城区建设局,交通设施,公交车站,黑龙江省,哈尔滨市,阿城区,阿城13路;阿城1路;阿城3路;阿城7路,,0,0,126.976874,45.534498,,,http://map.baidu.com/,,,,,,,,,,,,,,,,,,,,0
5d097442b4c0f164901fc96c,润泽医院,交通设施,公交车站,黑龙江省,哈尔滨市,阿城区,阿城1路;阿城34路;阿城3路;阿城7路,,0,0,126.9763,45.530768,,,http://map.baidu.com/,,,,,,,,,,,,,,,,,,,,0
e5d238833c29b1d0bfa8227a,教育局,交通设施,公交车站,黑龙江省,哈尔滨市,阿城区,阿城13路;阿城1路;阿城3路;阿城7路,,0,0,126.9768,45.534449,,,http://map.baidu.com/,,,,,,,,,,,,,,,,,,,,0
b1dd01cfba0ab5bb2102201d,南市场岗,交通设施,公交车站,黑龙江省,哈尔滨市,阿城区,阿城13路;阿城1路;阿城3路;阿城7路,,0,0,126.977121,45.536609,,,http://map.baidu.com/,,,,,,,,,,,,,,,,,,,,0
6d97c871c2c270118b2fb52d,锦富华园,交通设施,公交车站,黑龙江省,哈尔滨市,阿城区,阿城3路;阿城7路,,0,0,126.975713,45.52577,,,http://map.baidu.com/,,,,,,,,,,,,,,,,,,,,0
b2f9f1baadbfe2e3cc06a419,南市场,交通设施,公交车站,黑龙江省,哈尔滨市,阿城区,阿城30路;阿城32路;阿城8路,,0,0,126.979568,45.537888,,,http://map.baidu.com/,,,,,,,,,,,,,,,,,,,,0
e30c99c00373c4ed58f6be2a,福慧家园,交通设施,公交车站,黑龙江省,哈尔滨市,阿城区,阿城10路;阿城12路;阿城16路;阿城9路,,0,0,126.998142,45.536334,,,http://map.baidu.com/,,,,,,,,,,,,,,,,,,,,0
79f26ab98ed822ba7ec876fa,五金大楼,交通设施,公交车站,黑龙江省,哈尔滨市,阿城区,阿城1路;阿城30路;阿城32路;阿城3路;阿城7路,,0,0,126.97678,45.539429,,,http://map.baidu.com/,,,,,,,,,,,,,,,,,,,,0
b29de9cb0fe0db5a02294fe1,河畔公园,交通设施,公交车站,黑龙江省,哈尔滨市,阿城区,阿城9路,,0,0,127.004242,45.540664,,,http://map.baidu.com/,,,,,,,,,,,,,,,,,,,,0
b360728000611cb5246e98f2,溪山美郡西,交通设施,公交车站,黑龙江省,哈尔滨市,阿城区,阿城12路,,0,0,126.988794,45.534246,,,http://map.baidu.com/,,,,,,,,,,,,,,,,,,,,0
8de9db58f63e3dcc246e98e8,木材市场,交通设施,公交车站,黑龙江省,哈尔滨市,阿城区,阿城7路,,0,0,126.975074,45.520473,,,http://map.baidu.com/,,,,,,,,,,,,,,,,,,,,0
b13f4b60b16773d62ce67b19,金水国际,交通设施,公交车站,黑龙江省,哈尔滨市,阿城区,阿城9路,,0,0,126.994631,45.544277,,,http://map.baidu.com/,,,,,,,,,,,,,,,,,,,,0
3c273e13dcd618f6223bf200,胜利小学,交通设施,公交车站,黑龙江省,哈尔滨市,阿城区,阿城10路;阿城12路;阿城14路;阿城15路;阿城31路,,0,0,126.982368,45.538953,,,http://map.baidu.com/,,,,,,,,,,,,,,,,,,,,0
86cbe0d95faa98a8714b874a,幸福里,交通设施,公交车站,黑龙江省,哈尔滨市,阿城区,阿城13路;阿城34路,,0,0,126.974121,45.533704,,,http://map.baidu.com/,,,,,,,,,,,,,,,,,,,,0
f4a6493f268c2bcf9868b430,邮政大厦,交通设施,公交车站,黑龙江省,哈尔滨市,阿城区,阿城11路;阿城16路;阿城2路;阿城9路,,0,0,126.983675,45.544415,,,http://map.baidu.com/,,,,,,,,,,,,,,,,,,,,0
04b37ad554ad63449e82ea20,溪山美郡东,交通设施,公交车站,黑龙江省,哈尔滨市,阿城区,阿城12路,,0,0,126.99393,45.534294,,,http://map.baidu.com/,,,,,,,,,,,,,,,,,,,,0
ff8dd4525418fc332fb908c8,富氏隆颐养院,交通设施,公交车站,黑龙江省,哈尔滨市,阿城区,阿城15路,,0,0,126.982848,45.535949,,,http://map.baidu.com/,,,,,,,,,,,,,,,,,,,,0
61621e239f842630b8bd631f,第二中学,交通设施,公交车站,黑龙江省,哈尔滨市,阿城区,阿城10路;阿城12路;阿城14路;阿城15路;阿城31路,,0,0,126.982428,45.540811,,,http://map.baidu.com/,,,,,,,,,,,,,,,,,,,,0
17009766d5a51987d618b76f,绿波西门,交通设施,公交车站,黑龙江省,哈尔滨市,阿城区,阿城16路;阿城32路,,0,0,126.986216,45.53992,,,http://map.baidu.com/,,,,,,,,,,,,,,,,,,,,0
ebae855847f0679d1811d534,骨伤医院,交通设施,公交车站,黑龙江省,哈尔滨市,阿城区,阿城1路;阿城30路;阿城32路;阿城3路;阿城7路,,0,0,126.976756,45.541139,,,http://map.baidu.com/,,,,,,,,,,,,,,,,,,,,0
5b06f3fb239b9fbe3913fdc6,儿童医院,交通设施,公交车站,黑龙江省,哈尔滨市,阿城区,阿城1路;阿城30路;阿城32路;阿城3路;阿城7路,,0,0,126.976801,45.542694,,,http://map.baidu.com/,,,,,,,,,,,,,,,,,,,,0
16acdd820d1c03e74d776e2a,富氏隆颐养园,交通设施,公交车站,黑龙江省,哈尔滨市,阿城区,阿城14路;阿城15路;阿城31路,,0,0,126.982958,45.535855,,,http://map.baidu.com/,,,,,,,,,,,,,,,,,,,,0
6ca33d03298335ec1ef74df6,新城一队,交通设施,公交车站,黑龙江省,哈尔滨市,阿城区,阿城7路,,0,0,126.975059,45.518056,,,http://map.baidu.com/,,,,,,,,,,,,,,,,,,,,0
ed0a5e0e85ef1c9a2ce67bf6,宝胜寺北口,交通设施,公交车站,黑龙江省,哈尔滨市,阿城区,阿城7路,,0,0,126.975269,45.51557,,,http://map.baidu.com/,,,,,,,,,,,,,,,,,,,,0
e417177e8976f090bda240dc,学府小区,交通设施,公交车站,黑龙江省,哈尔滨市,阿城区,阿城9路,,0,0,126.992111,45.544312,,,http://map.baidu.com/,,,,,,,,,,,,,,,,,,,,0
6db2b86e4b3ba664eaf85366,白城二队,交通设施,公交车站,黑龙江省,哈尔滨市,阿城区,阿城7路,,0,0,126.975472,45.513255,,,http://map.baidu.com/,,,,,,,,,,,,,,,,,,,,0
105420b57270a5b72fb96dff,阿城区建设局,交通设施,公交车站,黑龙江省,哈尔滨市,阿城区,阿城13路;阿城1路;阿城3路;阿城7路,,0,0,126.976874,45.534498,,,http://map.baidu.com/,,,,,,,,,,,,,,,,,,,,0
27e366099b527bd201294f9d,原种场二队,交通设施,公交车站,黑龙江省,哈尔滨市,阿城区,阿城11路,,0,0,127.024522,45.535158,,,http://map.baidu.com/,,,,,,,,,,,,,,,,,,,,0
71b000f4d96f90a9455726fe,三队道口,交通设施,公交车站,黑龙江省,哈尔滨市,阿城区,阿城11路,,0,0,127.03825,45.522998,,,http://map.baidu.com/,,,,,,,,,,,,,,,,,,,,0
f61809194c8493693617dcf1,印象宸院,交通设施,公交车站,黑龙江省,哈尔滨市,阿城区,阿城1路,,0,0,127.006899,45.527584,,,http://map.baidu.com/,,,,,,,,,,,,,,,,,,,,0
21500ea51b0dd55a4002450b,印象宸院,交通设施,公交车站,黑龙江省,哈尔滨市,阿城区,阿城1路,,0,0,127.006899,45.527584,,,http://map.baidu.com/,,,,,,,,,,,,,,,,,,,,0
62af5550b4263c8e4d776edd,三队招呼站,交通设施,公交车站,黑龙江省,哈尔滨市,阿城区,阿城11路,,0,0,127.0439,45.520851,,,http://map.baidu.com/,,,,,,,,,,,,,,,,,,,,0
b8c793b8527c36e3c61e511e,三队村头,交通设施,公交车站,黑龙江省,哈尔滨市,阿城区,阿城11路,,0,0,127.040724,45.522384,,,http://map.baidu.com/,,,,,,,,,,,,,,,,,,,,0
9fb6cc9390a01ef8aeb22abf,印象宸院西门,交通设施,公交车站,黑龙江省,哈尔滨市,阿城区,阿城1路,,0,0,127.007109,45.527447,,,http://map.baidu.com/,,,,,,,,,,,,,,,,,,,,0
4f37149ca17821796c3e1bb4,印象宸院西门,交通设施,公交车站,黑龙江省,哈尔滨市,阿城区,阿城1路,,0,0,127.007109,45.527447,,,http://map.baidu.com/,,,,,,,,,,,,,,,,,,,,0
23e4a7449a73cd01a8f0cdf0,原种场二队(村口),交通设施,公交车站,黑龙江省,哈尔滨市,阿城区,阿城11路,,0,0,127.028328,45.534757,,,http://map.baidu.com/,,,,,,,,,,,,,,,,,,,,0
df1a9ba21a3b7e3e9c09f777,原种场二队,交通设施,公交车站,黑龙江省,哈尔滨市,阿城区,阿城11路,,0,0,127.02633,45.53493,,,http://map.baidu.com/,,,,,,,,,,,,,,,,,,,,0
b86bddfde3748340c51e5195,三队(村口),交通设施,公交车站,黑龙江省,哈尔滨市,阿城区,阿城11路,,0,0,127.040727,45.522383,,,http://map.baidu.com/,,,,,,,,,,,,,,,,,,,,0
16c76e4928f478f66f47602f,十字路口,交通设施,公交车站,黑龙江省,哈尔滨市,阿城区,阿城11路,,0,0,127.044193,45.540059,,,http://map.baidu.com/,,,,,,,,,,,,,,,,,,,,0
8da3eb4a4d0283dba4c756ac,矿山机械路口,交通设施,公交车站,黑龙江省,哈尔滨市,阿城区,阿城11路,,0,0,127.025274,45.539551,,,http://map.baidu.com/,,,,,,,,,,,,,,,,,,,,0
be5b9e5defdb9a328b2fb5e3,原种场三队,交通设施,公交车站,黑龙江省,哈尔滨市,阿城区,阿城11路,,0,0,127.044176,45.519874,,,http://map.baidu.com/,,,,,,,,,,,,,,,,,,,,0
86803fe18f8d654f081cc7a0,吴家窝堡,交通设施,公交车站,黑龙江省,哈尔滨市,双城区,345路,,0,0,126.405685,45.559034,,,http://map.baidu.com/,,,,,,,,,,,,,,,,,,,,0
f51eaa659a2d9ddcd6b74ea6,五家镇,交通设施,公交车站,黑龙江省,哈尔滨市,双城区,345路,,0,0,126.397243,45.550885,,,http://map.baidu.com/,,,,,,,,,,,,,,,,,,,,0
0371d0f36a8e314ef4e73b6e,吴家窝堡,交通设施,公交车站,黑龙江省,哈尔滨市,双城区,345路,,0,0,126.405905,45.559133,,,http://map.baidu.com/,,,,,,,,,,,,,,,,,,,,0
6be6ed84d0635941e812e46b,鼎盛家园,交通设施,公交车站,黑龙江省,哈尔滨市,双城区,345路,,0,0,126.401209,45.555017,,,http://map.baidu.com/,,,,,,,,,,,,,,,,,,,,0
4fc33ddb1748dfd59de32175,强石公司,交通设施,公交车站,黑龙江省,哈尔滨市,双城区,382路,,0,0,126.48587,45.56175,,,http://map.baidu.com/,,,,,,,,,,,,,,,,,,,,0
d29e54244cfd4fd50f0e6b7d,新城村,交通设施,公交车站,黑龙江省,哈尔滨市,南岗区,382路,,0,0,126.490074,45.566623,,,http://map.baidu.com/,,,,,,,,,,,,,,,,,,,,0
ad8d29c57e867d146f3e1b3b,新华村口,交通设施,公交车站,黑龙江省,哈尔滨市,双城区,253路新华德邦支线;253路新华西闵家支线;382路,,0,0,126.479337,45.55431,,,http://map.baidu.com/,,,,,,,,,,,,,,,,,,,,0
20cfc4eb91d5faf840e19260,钓鱼场,交通设施,公交车站,黑龙江省,哈尔滨市,南岗区,382路,,0,0,126.496219,45.573718,,,http://map.baidu.com/,,,,,,,,,,,,,,,,,,,,0
acec35e4f7e82a50aaf72957,新华村,交通设施,公交车站,黑龙江省,哈尔滨市,双城区,253路新华德邦支线;253路新华西闵家支线;382路,,0,0,126.472639,45.54831,,,http://map.baidu.com/,,,,,,,,,,,,,,,,,,,,0
d5f2da1b55f92de44bcc4a87,一〇二国道,交通设施,公交车站,黑龙江省,哈尔滨市,双城区,253路新华德邦支线;253路新华西闵家支线,,0,0,126.484961,45.546142,,,http://map.baidu.com/,,,,,,,,,,,,,,,,,,,,0
f5f8034b274b590d15764399,钓鱼场,交通设施,公交车站,黑龙江省,哈尔滨市,南岗区,382路,,0,0,126.496219,45.573718,,,http://map.baidu.com/,,,,,,,,,,,,,,,,,,,,0
a904c506f1695ec932870a54,东起钓鱼场,交通设施,公交车站,黑龙江省,哈尔滨市,南岗区,382路,,0,0,126.496219,45.573718,,,http://map.baidu.com/,,,,,,,,,,,,,,,,,,,,0
88f1ac90d911c0b4b4265500,一〇二国道,交通设施,公交车站,黑龙江省,哈尔滨市,双城区,253路新华德邦支线;253路新华西闵家支线,,0,0,126.484941,45.546202,,,http://map.baidu.com/,,,,,,,,,,,,,,,,,,,,0
c65e800ffc73095914c8f627,一〇二国道,交通设施,公交车站,黑龙江省,哈尔滨市,双城区,253路新华德邦支线;253路新华西闵家支线,,0,0,126.48498,45.546081,,,http://map.baidu.com/,,,,,,,,,,,,,,,,,,,,0
37458302f089215ba0acc43c,新华村东,交通设施,公交车站,黑龙江省,哈尔滨市,双城区,253路新华德邦支线;253路新华西闵家支线,,0,0,126.483382,45.548623,,,http://map.baidu.com/,,,,,,,,,,,,,,,,,,,,0
d9c6d4df36beb45380288a06,五一村,交通设施,公交车站,黑龙江省,哈尔滨市,南岗区,370路,,0,0,126.536228,45.568999,,,http://map.baidu.com/,,,,,,,,,,,,,,,,,,,,0
93fab354e4826bbbe856fa1d,新兴村,交通设施,公交车站,黑龙江省,哈尔滨市,双城区,253路新华德邦支线;253路新华西闵家支线,,0,0,126.515635,45.544944,,,http://map.baidu.com/,,,,,,,,,,,,,,,,,,,,0
d9d8020c1bab20e035b06cc4,红旗礼拜堂,交通设施,公交车站,黑龙江省,哈尔滨市,南岗区,370路,,0,0,126.535591,45.575593,,,http://map.baidu.com/,,,,,,,,,,,,,,,,,,,,0
b8c2590f2b85728d4207c19a,明星村,交通设施,公交车站,黑龙江省,哈尔滨市,南岗区,253路楼上村德邦支线;253路楼上村支线;253路新华德邦支线;253路新华西闵家支线,,0,0,126.568095,45.564392,,,http://map.baidu.com/,,,,,,,,,,,,,,,,,,,,0
ed9568320b9eff09d12dd64b,果园村,交通设施,公交车站,黑龙江省,哈尔滨市,南岗区,253路楼上村德邦支线;253路楼上村支线;253路新华德邦支线;253路新华西闵家支线,,0,0,126.567631,45.565766,,,http://map.baidu.com/,,,,,,,,,,,,,,,,,,,,0
e3bdeecb6be4320f3c9a5e27,哈尔滨市果树示范场,交通设施,公交车站,黑龙江省,哈尔滨市,南岗区,253路楼上村德邦支线;253路楼上村支线;253路新华德邦支线;253路新华西闵家支线,,0,0,126.56781,45.56274,,,http://map.baidu.com/,,,,,,,,,,,,,,,,,,,,0
2b7c57362605969d09a8d4c5,楼上村,交通设施,公交车站,黑龙江省,哈尔滨市,南岗区,253路楼上村德邦支线;253路楼上村支线;253路新华德邦支线;253路新华西闵家支线,,0,0,126.568834,45.549064,,,http://map.baidu.com/,,,,,,,,,,,,,,,,,,,,0
bd2db455744a00d3f03cbacb,果园煤厂,交通设施,公交车站,黑龙江省,哈尔滨市,南岗区,253路楼上村支线;253路新华西闵家支线,,0,0,126.571777,45.566588,,,http://map.baidu.com/,,,,,,,,,,,,,,,,,,,,0
df7ae8b98d011d49734b871c,楼上村道口,交通设施,公交车站,黑龙江省,哈尔滨市,南岗区,253路楼上村德邦支线;253路楼上村支线;253路新华德邦支线;253路新华西闵家支线,,0,0,126.568938,45.551389,,,http://map.baidu.com/,,,,,,,,,,,,,,,,,,,,0
82dbb4a05d319135f8f0cb7c,松花路(西闵家),交通设施,公交车站,黑龙江省,哈尔滨市,南岗区,253路楼上村支线,,0,0,126.576839,45.550928,,,http://map.baidu.com/,,,,,,,,,,,,,,,,,,,,0
a6283a309605c839364aaefd,碧桂园,交通设施,公交车站,黑龙江省,哈尔滨市,平房区,哈南新区环线1路;哈南新区环线2路,,0,0,126.626189,45.570155,,,http://map.baidu.com/,,,,,,,,,,,,,,,,,,,,0
197c67a183107eb7ab059d41,拉菲小镇,交通设施,公交车站,黑龙江省,哈尔滨市,平房区,哈南新区环线2路,,0,0,126.628556,45.564906,,,http://map.baidu.com/,,,,,,,,,,,,,,,,,,,,0
9f492e6f7c072d3595f08c0e,拉菲小镇,交通设施,公交车站,黑龙江省,哈尔滨市,平房区,哈南新区环线2路,,0,0,126.628556,45.564906,,,http://map.baidu.com/,,,,,,,,,,,,,,,,,,,,0
0de32fdb6c2d0e45bd48425e,碧桂园小区西门,交通设施,公交车站,黑龙江省,哈尔滨市,平房区,399路支线,,0,0,126.621815,45.56846,,,http://map.baidu.com/,,,,,,,,,,,,,,,,,,,,0
f1bf61ca74e46ccc9ee321ec,碧桂园小区西门,交通设施,公交车站,黑龙江省,哈尔滨市,平房区,399路支线,,0,0,126.621815,45.56846,,,http://map.baidu.com/,,,,,,,,,,,,,,,,,,,,0
da6bbad6493c378ef60e7792,碧桂园小区,交通设施,公交车站,黑龙江省,哈尔滨市,平房区,哈南新区环线1路,,0,0,126.626214,45.57003,,,http://map.baidu.com/,,,,,,,,,,,,,,,,,,,,0
e237d42392f0d9207bf79674,碧桂园小区,交通设施,公交车站,黑龙江省,哈尔滨市,平房区,399路夜班车;哈南新区环线2路,,0,0,126.62622,45.570029,,,http://map.baidu.com/,,,,,,,,,,,,,,,,,,,,0
67c0b103c1031024725e809b,碧桂园小区,交通设施,公交车站,黑龙江省,哈尔滨市,平房区,399路夜班车;哈南新区环线1路;哈南新区环线2路,,0,0,126.626208,45.570071,,,http://map.baidu.com/,,,,,,,,,,,,,,,,,,,,0
542044ba0e92cee5b6147fbd,碧桂园,交通设施,公交车站,黑龙江省,哈尔滨市,平房区,哈南新区环线1路;哈南新区环线2路,,0,0,126.626205,45.570092,,,http://map.baidu.com/,,,,,,,,,,,,,,,,,,,,0
ccf48e9632f90768a20464ab,亿达创投智慧谷,交通设施,公交车站,黑龙江省,哈尔滨市,平房区,399路夜班车;399路支线;哈南新区环线1路;哈南新区环线2路,,0,0,126.623989,45.570974,,,http://map.baidu.com/,,,,,,,,,,,,,,,,,,,,0
9486dfa70e5e226e8b2fb577,高潮小学,交通设施,公交车站,黑龙江省,哈尔滨市,平房区,361路马家沟支线;361路叶家支线,,0,0,126.653805,45.558376,,,http://map.baidu.com/,,,,,,,,,,,,,,,,,,,,0
83400fd59c2e84fac9e33cdc,高潮小学,交通设施,公交车站,黑龙江省,哈尔滨市,平房区,361路叶家支线,,0,0,126.653812,45.558381,,,http://map.baidu.com/,,,,,,,,,,,,,,,,,,,,0
4d8444c7a70bbae59f09f772,高潮小学,交通设施,公交车站,黑龙江省,哈尔滨市,平房区,361路马家沟支线;361路叶家支线,,0,0,126.653802,45.558374,,,http://map.baidu.com/,,,,,,,,,,,,,,,,,,,,0
a173324b71597c0642d63e92,中国移动3号门,交通设施,公交车站,黑龙江省,哈尔滨市,平房区,361路马家沟支线;361路叶家支线,,0,0,126.644659,45.559758,,,http://map.baidu.com/,,,,,,,,,,,,,,,,,,,,0
b3e984c525d59eb872210bc8,哈南第十二大道,交通设施,公交车站,黑龙江省,哈尔滨市,平房区,361路马家沟支线;361路叶家支线,,0,0,126.641753,45.566598,,,http://map.baidu.com/,,,,,,,,,,,,,,,,,,,,0
e7d0a9dc9c39eb2e276e9872,叶家窝铺,交通设施,公交车站,黑龙江省,哈尔滨市,平房区,361路马家沟支线;361路叶家支线,,0,0,126.659601,45.561417,,,http://map.baidu.com/,,,,,,,,,,,,,,,,,,,,0
197c67a183107eb7ab059d41,拉菲小镇,交通设施,公交车站,黑龙江省,哈尔滨市,平房区,哈南新区环线2路,,0,0,126.628556,45.564906,,,http://map.baidu.com/,,,,,,,,,,,,,,,,,,,,0
9f492e6f7c072d3595f08c0e,拉菲小镇,交通设施,公交车站,黑龙江省,哈尔滨市,平房区,哈南新区环线2路,,0,0,126.628556,45.564906,,,http://map.baidu.com/,,,,,,,,,,,,,,,,,,,,0
1541da81e30225f1c4f50d13,哈南第十二大道,交通设施,公交车站,黑龙江省,哈尔滨市,平房区,361路马家沟支线;361路叶家支线;399路夜班车;哈南新区环线1路,,0,0,126.64165,45.566539,,,http://map.baidu.com/,,,,,,,,,,,,,,,,,,,,0
82b7337a125286262eb90847,广告产业园,交通设施,公交车站,黑龙江省,哈尔滨市,平房区,399路夜班车;哈南新区环线1路,,0,0,126.64431,45.571377,,,http://map.baidu.com/,,,,,,,,,,,,,,,,,,,,0
7fe100059193df6cae080f5f,联盟南路(哈南第八大道口),交通设施,公交车站,黑龙江省,哈尔滨市,平房区,220路支线,,0,0,126.667695,45.570369,,,http://map.baidu.com/,,,,,,,,,,,,,,,,,,,,0
3a775f61c7c9328b9f09f759,韩祯道口,交通设施,公交车站,黑龙江省,哈尔滨市,平房区,361路马家沟支线;361路叶家支线,,0,0,126.644945,45.552726,,,http://map.baidu.com/,,,,,,,,,,,,,,,,,,,,0
b9c9b90b2d1a29dbd813182e,联盟南路(哈南第八大道口),交通设施,公交车站,黑龙江省,哈尔滨市,平房区,220路支线,,0,0,126.667859,45.570424,,,http://map.baidu.com/,,,,,,,,,,,,,,,,,,,,0
e0e1c398f5857289b23c81ab,中国移动数据中心,交通设施,公交车站,黑龙江省,哈尔滨市,平房区,399路,,0,0,126.6531,45.573435,,,http://map.baidu.com/,,,,,,,,,,,,,,,,,,,,0
67bd4c5829e5a13fe507386c,韩祯窝铺,交通设施,公交车站,黑龙江省,哈尔滨市,平房区,361路马家沟支线;361路叶家支线,,0,0,126.639599,45.549751,,,http://map.baidu.com/,,,,,,,,,,,,,,,,,,,,0
0c0ac46e7d3ae1fb94f08c8a,陈家窝铺,交通设施,公交车站,黑龙江省,哈尔滨市,平房区,361路马家沟支线;361路叶家支线,,0,0,126.648101,45.547264,,,http://map.baidu.com/,,,,,,,,,,,,,,,,,,,,0
dc1ccbeeb3b9c729a1d230f6,广告产业园,交通设施,公交车站,黑龙江省,哈尔滨市,平房区,361路马家沟支线;361路叶家支线;399路;399路夜班车;哈南新区环线1路,,0,0,126.645792,45.574264,,,http://map.baidu.com/,,,,,,,,,,,,,,,,,,,,0
2d2572e59466e6183310af48,联盟南路(哈南第八大道口),交通设施,公交车站,黑龙江省,哈尔滨市,平房区,220路支线,,0,0,126.668022,45.570479,,,http://map.baidu.com/,,,,,,,,,,,,,,,,,,,,0
8a03adb8574cf107c16c14d3,工农村,交通设施,公交车站,黑龙江省,哈尔滨市,平房区,361路工农支线,,0,0,126.699328,45.576627,,,http://map.baidu.com/,,,,,,,,,,,,,,,,,,,,0
60231fdfa31a2decc4f50d22,工农村卫生所,交通设施,公交车站,黑龙江省,哈尔滨市,平房区,361路工农支线,,0,0,126.696751,45.576994,,,http://map.baidu.com/,,,,,,,,,,,,,,,,,,,,0
7b85e34f01eefd3f465726b2,马家沟屯,交通设施,公交车站,黑龙江省,哈尔滨市,平房区,361路马家沟支线,,0,0,126.677093,45.561209,,,http://map.baidu.com/,,,,,,,,,,,,,,,,,,,,0
fc9a96162c97306b43ab9ab4,工农村,交通设施,公交车站,黑龙江省,哈尔滨市,平房区,361路工农支线,,0,0,126.699314,45.576626,,,http://map.baidu.com/,,,,,,,,,,,,,,,,,,,,0
2e791ea9097bacc40782c232,涤纶广场,交通设施,公交车站,黑龙江省,哈尔滨市,阿城区,阿城15路;阿城16路;阿城33路;阿城3路;阿城4路,,0,0,126.952383,45.561985,,,http://map.baidu.com/,,,,,,,,,,,,,,,,,,,,0
940d1f2d62088a0a4151c0be,涤纶菜市场,交通设施,公交车站,黑龙江省,哈尔滨市,阿城区,阿城16路,,0,0,126.948687,45.563218,,,http://map.baidu.com/,,,,,,,,,,,,,,,,,,,,0
c52da43294e08111f7e73b4a,啤酒厂,交通设施,公交车站,黑龙江省,哈尔滨市,阿城区,阿城16路,,0,0,126.945514,45.565727,,,http://map.baidu.com/,,,,,,,,,,,,,,,,,,,,0
ba6f3c3be79bad323f9a5e47,公安局,交通设施,公交车站,黑龙江省,哈尔滨市,阿城区,阿城14路;阿城9路,,0,0,126.952117,45.551967,,,http://map.baidu.com/,,,,,,,,,,,,,,,,,,,,0
51de591892917c2172210b0a,公路驾校,交通设施,公交车站,黑龙江省,哈尔滨市,阿城区,阿城15路;阿城4路,,0,0,126.959042,45.562268,,,http://map.baidu.com/,,,,,,,,,,,,,,,,,,,,0
f0ab2b676b5d9f88d3ff2382,金源绿洲,交通设施,公交车站,黑龙江省,哈尔滨市,阿城区,阿城15路;阿城16路;阿城3路;阿城4路,,0,0,126.957403,45.562128,,,http://map.baidu.com/,,,,,,,,,,,,,,,,,,,,0
4200ff9843c3f38617c8f62e,公安局,交通设施,公交车站,黑龙江省,哈尔滨市,阿城区,阿城14路;阿城9路,,0,0,126.952047,45.552204,,,http://map.baidu.com/,,,,,,,,,,,,,,,,,,,,0
0cd158d61fbf139917948e09,金源绿洲,交通设施,公交车站,黑龙江省,哈尔滨市,阿城区,阿城15路;阿城16路;阿城3路;阿城4路,,0,0,126.957463,45.562133,,,http://map.baidu.com/,,,,,,,,,,,,,,,,,,,,0
a290dea2ef3d4262715e8005,金源绿洲小区,交通设施,公交车站,黑龙江省,哈尔滨市,阿城区,阿城15路;阿城16路;阿城3路;阿城4路,,0,0,126.957282,45.562117,,,http://map.baidu.com/,,,,,,,,,,,,,,,,,,,,0
b48baac97abc153dacee7a5f,恒美家园,交通设施,公交车站,黑龙江省,哈尔滨市,阿城区,阿城16路,,0,0,126.943265,45.568156,,,http://map.baidu.com/,,,,,,,,,,,,,,,,,,,,0
62cbff96c6c28ab0d72ce2da,消防队,交通设施,公交车站,黑龙江省,哈尔滨市,阿城区,阿城16路;阿城8路;阿城9路,,0,0,126.959718,45.555838,,,http://map.baidu.com/,,,,,,,,,,,,,,,,,,,,0
844e4c47077092c983288ab2,区政府,交通设施,公交车站,黑龙江省,哈尔滨市,阿城区,阿城14路;阿城8路,,0,0,126.962575,45.553719,,,http://map.baidu.com/,,,,,,,,,,,,,,,,,,,,0
d975bc5a4ecec28d14b54b65,福田小区,交通设施,公交车站,黑龙江省,哈尔滨市,阿城区,阿城16路,,0,0,126.959798,45.560949,,,http://map.baidu.com/,,,,,,,,,,,,,,,,,,,,0
dfb0cae7eee78ede5fd4fe58,纺织八号楼,交通设施,公交车站,黑龙江省,哈尔滨市,阿城区,阿城33路,,0,0,126.959261,45.562292,,,http://map.baidu.com/,,,,,,,,,,,,,,,,,,,,0
2a99d5073ce7fe4ba10464a9,金昌国际,交通设施,公交车站,黑龙江省,哈尔滨市,阿城区,阿城14路;阿城9路,,0,0,126.956387,45.55358,,,http://map.baidu.com/,,,,,,,,,,,,,,,,,,,,0
140db0bad78d3c41e856fa8f,海富城,交通设施,公交车站,黑龙江省,哈尔滨市,阿城区,阿城16路,,0,0,126.959631,45.551817,,,http://map.baidu.com/,,,,,,,,,,,,,,,,,,,,0
6589c4a04c1207eab64f5492,金昌国际,交通设施,公交车站,黑龙江省,哈尔滨市,阿城区,阿城14路;阿城9路,,0,0,126.955822,45.553465,,,http://map.baidu.com/,,,,,,,,,,,,,,,,,,,,0
175529ee3cff4bd607026f71,舍利纺织厂,交通设施,公交车站,黑龙江省,哈尔滨市,阿城区,阿城16路,,0,0,126.940529,45.569724,,,http://map.baidu.com/,,,,,,,,,,,,,,,,,,,,0
3eea4daac386c568d13ce3ed,松纺小区,交通设施,公交车站,黑龙江省,哈尔滨市,阿城区,阿城8路;阿城9路,,0,0,126.964436,45.557638,,,http://map.baidu.com/,,,,,,,,,,,,,,,,,,,,0
1fdb7402e7f45a4feddfca52,舍利街,交通设施,公交车站,黑龙江省,哈尔滨市,阿城区,阿城16路,,0,0,126.940034,45.571818,,,http://map.baidu.com/,,,,,,,,,,,,,,,,,,,,0
68ca51f4058a561f451a32ba,光明伟业,交通设施,公交车站,黑龙江省,哈尔滨市,阿城区,阿城14路;阿城9路,,0,0,126.952012,45.550657,,,http://map.baidu.com/,,,,,,,,,,,,,,,,,,,,0
b223823adc3e02ec71210be2,松坊小区,交通设施,公交车站,黑龙江省,哈尔滨市,阿城区,阿城8路;阿城9路,,0,0,126.964202,45.557639,,,http://map.baidu.com/,,,,,,,,,,,,,,,,,,,,0
060920e1411acbe1c9e33c6f,阿城区第三幼儿园,交通设施,公交车站,黑龙江省,哈尔滨市,阿城区,阿城15路;阿城3路;阿城4路,,0,0,126.967231,45.562782,,,http://map.baidu.com/,,,,,,,,,,,,,,,,,,,,0
b1019f64667a51735bf6bed5,纺织八号楼,交通设施,公交车站,黑龙江省,哈尔滨市,阿城区,阿城15路;阿城33路;阿城3路;阿城4路,,0,0,126.960891,45.562529,,,http://map.baidu.com/,,,,,,,,,,,,,,,,,,,,0
3c99860e2e7c992743e192f9,舍利,交通设施,公交车站,黑龙江省,哈尔滨市,阿城区,阿城33路,,0,0,126.930357,45.572328,,,http://map.baidu.com/,,,,,,,,,,,,,,,,,,,,0
d4efecc5145ad6dd283a9fee,老年大学,交通设施,公交车站,黑龙江省,哈尔滨市,阿城区,阿城15路;阿城3路;阿城4路,,0,0,126.963026,45.562855,,,http://map.baidu.com/,,,,,,,,,,,,,,,,,,,,0
4aca69c67433ef79d6b74e66,松纺小区,交通设施,公交车站,黑龙江省,哈尔滨市,阿城区,阿城8路;阿城9路,,0,0,126.964669,45.557637,,,http://map.baidu.com/,,,,,,,,,,,,,,,,,,,,0
cf9b93f3beda35ae430245bd,上京府邸,交通设施,公交车站,黑龙江省,哈尔滨市,阿城区,阿城14路;阿城9路,,0,0,126.958535,45.553651,,,http://map.baidu.com/,,,,,,,,,,,,,,,,,,,,0
d5494ac954e79f76b6f42fa5,区政府,交通设施,公交车站,黑龙江省,哈尔滨市,阿城区,阿城14路;阿城8路,,0,0,126.962871,45.553811,,,http://map.baidu.com/,,,,,,,,,,,,,,,,,,,,0
13b0e9f64a7f24fd223bf202,上京广场西,交通设施,公交车站,黑龙江省,哈尔滨市,阿城区,阿城14路;阿城16路;阿城7路,,0,0,126.961689,45.550218,,,http://map.baidu.com/,,,,,,,,,,,,,,,,,,,,0
7687821d1c499d007f29bd41,佟二堡国际皮草城,交通设施,公交车站,黑龙江省,哈尔滨市,阿城区,601路;602路;阿城2路;阿城7路,,0,0,126.949191,45.545612,,,http://map.baidu.com/,,,,,,,,,,,,,,,,,,,,0
1a68322e38553150f80cad4b,金源绿洲小区,交通设施,公交车站,黑龙江省,哈尔滨市,阿城区,阿城15路;阿城16路;阿城3路;阿城4路,,0,0,126.957221,45.562112,,,http://map.baidu.com/,,,,,,,,,,,,,,,,,,,,0
11b7cb7ea0d00a46d2f49ed4,第三幼儿园,交通设施,公交车站,黑龙江省,哈尔滨市,阿城区,阿城15路;阿城3路;阿城4路,,0,0,126.966777,45.562956,,,http://map.baidu.com/,,,,,,,,,,,,,,,,,,,,0
9dae2379aabe528600ec019d,上京广场东,交通设施,公交车站,黑龙江省,哈尔滨市,阿城区,阿城14路;阿城16路;阿城7路,,0,0,126.965337,45.550299,,,http://map.baidu.com/,,,,,,,,,,,,,,,,,,,,0
b7ac32d57d719f2f7ec8769e,行政审批中心,交通设施,公交车站,黑龙江省,哈尔滨市,阿城区,阿城9路,,0,0,126.951905,45.547459,,,http://map.baidu.com/,,,,,,,,,,,,,,,,,,,,0
bc8cee40a88e2190601c672b,森华鸿翔4S店,交通设施,公交车站,黑龙江省,哈尔滨市,阿城区,阿城16路,,0,0,126.959839,45.559244,,,http://map.baidu.com/,,,,,,,,,,,,,,,,,,,,0
77c15ac6f23147c4eedfca44,森华宏祥4S店,交通设施,公交车站,黑龙江省,哈尔滨市,阿城区,阿城16路,,0,0,126.95971,45.559373,,,http://map.baidu.com/,,,,,,,,,,,,,,,,,,,,0
03e4d2407502b4a6b3077d2a,半里花庭小区,交通设施,公交车站,黑龙江省,哈尔滨市,阿城区,阿城7路,,0,0,126.95868,45.548111,,,http://map.baidu.com/,,,,,,,,,,,,,,,,,,,,0
e42154c07d297d11efdfcad9,运管站,交通设施,公交车站,黑龙江省,哈尔滨市,阿城区,阿城13路;阿城15路;阿城30路;阿城32路;阿城4路,,0,0,126.983258,45.558154,,,http://map.baidu.com/,,,,,,,,,,,,,,,,,,,,0
94c98f3ef0ceabcf45572671,火车站,交通设施,公交车站,黑龙江省,哈尔滨市,阿城区,阿城1路,,0,0,127.001743,45.556541,,,http://map.baidu.com/,,,,,,,,,,,,,,,,,,,,0
4e4a5259de8713e182288a3d,火车站,交通设施,公交车站,黑龙江省,哈尔滨市,阿城区,阿城12路;阿城14路;阿城2路;阿城31路;阿城34路;阿城4路;阿城5路;阿城6路,,0,0,127.001747,45.556542,,,http://map.baidu.com/,,,,,,,,,,,,,,,,,,,,0
66384b953d0dd3d59222e096,火车站,交通设施,公交车站,黑龙江省,哈尔滨市,阿城区,阿城1路,,0,0,127.003412,45.556414,,,http://map.baidu.com/,,,,,,,,,,,,,,,,,,,,0
22365d546a197ada49fc8d7a,火车站,交通设施,公交车站,黑龙江省,哈尔滨市,阿城区,阿城1路,,0,0,127.00352,45.556039,,,http://map.baidu.com/,,,,,,,,,,,,,,,,,,,,0
304ef98ab8f20d86a4c75624,火车站,交通设施,公交车站,黑龙江省,哈尔滨市,阿城区,阿城14路,,0,0,127.002147,45.556673,,,http://map.baidu.com/,,,,,,,,,,,,,,,,,,,,0
4e88d9690d4ed3a56fa3ccfc,火车站,交通设施,公交车站,黑龙江省,哈尔滨市,阿城区,阿城11路;阿城12路;阿城14路;阿城1路;阿城2路;阿城31路;阿城34路;阿城4路;阿城5路;阿城6路,,0,0,127.001899,45.556548,,,http://map.baidu.com/,,,,,,,,,,,,,,,,,,,,0
d71aae3d02791162cd04ef04,轧钢厂,交通设施,公交车站,黑龙江省,哈尔滨市,阿城区,阿城13路;阿城30路;阿城32路,,0,0,126.979851,45.565954,,,http://map.baidu.com/,,,,,,,,,,,,,,,,,,,,0
3506cc5a17283936adcb6619,北环路口,交通设施,公交车站,黑龙江省,哈尔滨市,阿城区,阿城13路;阿城15路;阿城30路;阿城32路;阿城4路,,0,0,126.983624,45.561712,,,http://map.baidu.com/,,,,,,,,,,,,,,,,,,,,0
1b82275ef755d19788f15db4,公路总段,交通设施,公交车站,黑龙江省,哈尔滨市,阿城区,阿城13路;阿城15路;阿城30路;阿城32路;阿城4路,,0,0,126.983465,45.560017,,,http://map.baidu.com/,,,,,,,,,,,,,,,,,,,,0
6f7bd5a4223a24ad100daa4c,牌路街口,交通设施,公交车站,黑龙江省,哈尔滨市,阿城区,阿城4路,,0,0,126.98479,45.561946,,,http://map.baidu.com/,,,,,,,,,,,,,,,,,,,,0
025ef24809547d368ab988af,检测中心,交通设施,公交车站,黑龙江省,哈尔滨市,阿城区,阿城4路,,0,0,126.988229,45.56063,,,http://map.baidu.com/,,,,,,,,,,,,,,,,,,,,0
4da8d02eb982674b30169bbd,看守所,交通设施,公交车站,黑龙江省,哈尔滨市,阿城区,阿城30路;阿城32路,,0,0,126.974083,45.563355,,,http://map.baidu.com/,,,,,,,,,,,,,,,,,,,,0
7ecdc2abefbe704497031963,热电厂,交通设施,公交车站,黑龙江省,哈尔滨市,阿城区,603路,,0,0,126.974479,45.559842,,,http://map.baidu.com/,,,,,,,,,,,,,,,,,,,,0
1cc3dba9ddd1d3fa6fa3ccbd,钢厂南门,交通设施,公交车站,黑龙江省,哈尔滨市,阿城区,阿城15路,,0,0,126.981483,45.562516,,,http://map.baidu.com/,,,,,,,,,,,,,,,,,,,,0
27e77a511c5921fd22f0176e,汽车公司,交通设施,公交车站,黑龙江省,哈尔滨市,阿城区,阿城13路;阿城30路;阿城32路,,0,0,126.983884,45.564847,,,http://map.baidu.com/,,,,,,,,,,,,,,,,,,,,0
2209abb399fde8125fbe86fc,二厂路口,交通设施,公交车站,黑龙江省,哈尔滨市,阿城区,阿城4路,,0,0,126.992615,45.558872,,,http://map.baidu.com/,,,,,,,,,,,,,,,,,,,,0
974e7da41881df7ea2a9343b,区法院,交通设施,公交车站,黑龙江省,哈尔滨市,阿城区,阿城12路;阿城14路;阿城1路;阿城31路;阿城32路,,0,0,126.993572,45.554162,,,http://map.baidu.com/,,,,,,,,,,,,,,,,,,,,0
209bbce41d2bb084d13ce386,变电所,交通设施,公交车站,黑龙江省,哈尔滨市,阿城区,阿城15路;阿城3路;阿城4路,,0,0,126.971476,45.560585,,,http://map.baidu.com/,,,,,,,,,,,,,,,,,,,,0
10023ca169b3b37e38e4a677,北新路客运站,交通设施,公交车站,黑龙江省,哈尔滨市,阿城区,601路;602路,,0,0,126.972815,45.550665,,,http://map.baidu.com/,,,,,,,,,,,,,,,,,,,,0
2b1ac4859c9399b4fbdc8521,乳品厂,交通设施,公交车站,黑龙江省,哈尔滨市,阿城区,阿城6路,,0,0,127.006341,45.558181,,,http://map.baidu.com/,,,,,,,,,,,,,,,,,,,,0
ba156c85d64173bfa2a93461,立交桥,交通设施,公交车站,黑龙江省,哈尔滨市,阿城区,阿城11路;阿城12路;阿城2路;阿城4路;阿城6路,,0,0,127.00816,45.555794,,,http://map.baidu.com/,,,,,,,,,,,,,,,,,,,,0
0d19f2a164875d91b45f1eb9,化肥库,交通设施,公交车站,黑龙江省,哈尔滨市,阿城区,阿城6路,,0,0,126.999489,45.5618,,,http://map.baidu.com/,,,,,,,,,,,,,,,,,,,,0
1b796d3f87d768e0f02d8326,变电所,交通设施,公交车站,黑龙江省,哈尔滨市,阿城区,阿城6路,,0,0,127.002551,45.55979,,,http://map.baidu.com/,,,,,,,,,,,,,,,,,,,,0
79025073e22d10942cb90897,金海小区,交通设施,公交车站,黑龙江省,哈尔滨市,阿城区,阿城12路;阿城14路;阿城1路;阿城30路;阿城31路;阿城32路,,0,0,126.984917,45.554387,,,http://map.baidu.com/,,,,,,,,,,,,,,,,,,,,0
8a78831bc10a04ce6e20b9bf,八中生态园,交通设施,公交车站,黑龙江省,哈尔滨市,阿城区,阿城10路;阿城30路;阿城32路;阿城3路;阿城4路,,0,0,126.975013,45.555165,,,http://map.baidu.com/,,,,,,,,,,,,,,,,,,,,0
131bdcf05a6d75652fb17e8c,北新客运站,交通设施,公交车站,黑龙江省,哈尔滨市,阿城区,阿城14路;阿城16路;阿城7路,,0,0,126.971782,45.550419,,,http://map.baidu.com/,,,,,,,,,,,,,,,,,,,,0
d638fb4da91893c29ff7790f,西林钢厂,交通设施,公交车站,黑龙江省,哈尔滨市,阿城区,603路,,0,0,126.972956,45.573255,,,http://map.baidu.com/,,,,,,,,,,,,,,,,,,,,0
307bce29eeef48389d9d688c,影剧院,交通设施,公交车站,黑龙江省,哈尔滨市,阿城区,阿城11路;阿城2路;阿城30路;阿城32路;阿城34路;阿城5路;阿城6路,,0,0,126.987055,45.547451,,,http://map.baidu.com/,,,,,,,,,,,,,,,,,,,,0
7f01703b1ce19fd1bbbd639b,新华二厂,交通设施,公交车站,黑龙江省,哈尔滨市,阿城区,阿城5路;阿城6路,,0,0,126.990112,45.573939,,,http://map.baidu.com/,,,,,,,,,,,,,,,,,,,,0
e4d4e0e6eccf89b5c61e5131,金城北门,交通设施,公交车站,黑龙江省,哈尔滨市,阿城区,阿城14路;阿城1路;阿城34路;阿城5路;阿城8路,,0,0,126.978661,45.547267,,,http://map.baidu.com/,,,,,,,,,,,,,,,,,,,,0
b13f4b60b16773d62ce67b19,金水国际,交通设施,公交车站,黑龙江省,哈尔滨市,阿城区,阿城9路,,0,0,126.994631,45.544277,,,http://map.baidu.com/,,,,,,,,,,,,,,,,,,,,0
fd594adf9dabd46342d63e8c,公园南门,交通设施,公交车站,黑龙江省,哈尔滨市,阿城区,阿城11路;阿城2路;阿城30路;阿城32路;阿城34路;阿城5路;阿城6路,,0,0,126.98866,45.548409,,,http://map.baidu.com/,,,,,,,,,,,,,,,,,,,,0
513a0d31260119f9d23ce3b8,百货大楼,交通设施,公交车站,黑龙江省,哈尔滨市,阿城区,阿城10路;阿城11路;阿城13路;阿城16路;阿城2路;阿城31路;阿城6路;阿城9路,,0,0,126.978033,45.544459,,,http://map.baidu.com/,,,,,,,,,,,,,,,,,,,,0
d4efecc5145ad6dd283a9fee,老年大学,交通设施,公交车站,黑龙江省,哈尔滨市,阿城区,阿城15路;阿城3路;阿城4路,,0,0,126.963026,45.562855,,,http://map.baidu.com/,,,,,,,,,,,,,,,,,,,,0
d9c2500757990b444d2fdf97,金京大厦,交通设施,公交车站,黑龙江省,哈尔滨市,阿城区,阿城10路;阿城1路;阿城30路;阿城31路;阿城32路;阿城33路;阿城3路;阿城5路;阿城7路;阿城8路,,0,0,126.976639,45.545847,,,http://map.baidu.com/,,,,,,,,,,,,,,,,,,,,0
d9990e87413550bfc1f1cf36,住建局,交通设施,公交车站,黑龙江省,哈尔滨市,阿城区,阿城14路;阿城8路,,0,0,126.96891,45.554017,,,http://map.baidu.com/,,,,,,,,,,,,,,,,,,,,0
4cf13f7322efc947631809be,解放小学,交通设施,公交车站,黑龙江省,哈尔滨市,阿城区,阿城14路;阿城16路;阿城7路,,0,0,126.969061,45.550368,,,http://map.baidu.com/,,,,,,,,,,,,,,,,,,,,0
519a375f365d751a8bfc067f,东方红小学,交通设施,公交车站,黑龙江省,哈尔滨市,阿城区,阿城6路,,0,0,127.008253,45.558018,,,http://map.baidu.com/,,,,,,,,,,,,,,,,,,,,0
1620268930fa03f1725e8083,继电高中,交通设施,公交车站,黑龙江省,哈尔滨市,阿城区,阿城4路,,0,0,127.029517,45.561457,,,http://map.baidu.com/,,,,,,,,,,,,,,,,,,,,0
aa07ae6e59f5bd7896f08c78,继电高中,交通设施,公交车站,黑龙江省,哈尔滨市,阿城区,阿城11路;阿城2路;阿城4路,,0,0,127.028673,45.561624,,,http://map.baidu.com/,,,,,,,,,,,,,,,,,,,,0
9108712a1ffcb360abf72979,航空职业学院,交通设施,公交车站,黑龙江省,哈尔滨市,阿城区,阿城11路,,0,0,127.03456,45.559858,,,http://map.baidu.com/,,,,,,,,,,,,,,,,,,,,0
fcfa39374d5516998bdb7312,继电小区,交通设施,公交车站,黑龙江省,哈尔滨市,阿城区,阿城4路,,0,0,127.031575,45.560278,,,http://map.baidu.com/,,,,,,,,,,,,,,,,,,,,0
096a57f2cfb95599e3110396,继电公园,交通设施,公交车站,黑龙江省,哈尔滨市,阿城区,阿城11路;阿城12路;阿城2路;阿城4路,,0,0,127.02262,45.560793,,,http://map.baidu.com/,,,,,,,,,,,,,,,,,,,,0
60e5cb2c5639923332870ada,中润物业,交通设施,公交车站,黑龙江省,哈尔滨市,阿城区,阿城12路,,0,0,127.024747,45.563154,,,http://map.baidu.com/,,,,,,,,,,,,,,,,,,,,0
c2a891d1d56c34dcbbbd63c8,阿继公司,交通设施,公交车站,黑龙江省,哈尔滨市,阿城区,阿城11路;阿城12路;阿城2路;阿城4路,,0,0,127.024519,45.561113,,,http://map.baidu.com/,,,,,,,,,,,,,,,,,,,,0
d4a787df5db1a78bf03cba28,水利二处,交通设施,公交车站,黑龙江省,哈尔滨市,阿城区,阿城12路,,0,0,127.025063,45.555697,,,http://map.baidu.com/,,,,,,,,,,,,,,,,,,,,0
7c0ad370b0f4de6aa11de996,航空职业学院,交通设施,公交车站,黑龙江省,哈尔滨市,阿城区,阿城11路,,0,0,127.033051,45.560071,,,http://map.baidu.com/,,,,,,,,,,,,,,,,,,,,0
aba17668dbd05a409d95de94,继电文化宫,交通设施,公交车站,黑龙江省,哈尔滨市,阿城区,阿城11路;阿城12路;阿城2路;阿城4路,,0,0,127.024519,45.561113,,,http://map.baidu.com/,,,,,,,,,,,,,,,,,,,,0
e67805553cd9022c1d580051,实验站,交通设施,公交车站,黑龙江省,哈尔滨市,阿城区,阿城11路,,0,0,127.042523,45.547916,,,http://map.baidu.com/,,,,,,,,,,,,,,,,,,,,0
e6e2e613367fbbfefa42b2dd,朝鲜中学,交通设施,公交车站,黑龙江省,哈尔滨市,阿城区,阿城34路,,0,0,127.018706,45.562733,,,http://map.baidu.com/,,,,,,,,,,,,,,,,,,,,0
16ce466adb439e6ce115f912,新立屯,交通设施,公交车站,黑龙江省,哈尔滨市,阿城区,阿城12路,,0,0,127.023149,45.558613,,,http://map.baidu.com/,,,,,,,,,,,,,,,,,,,,0
b4ef01838758a7954e2fdf5e,水利嘉园,交通设施,公交车站,黑龙江省,哈尔滨市,阿城区,阿城12路,,0,0,127.022643,45.556618,,,http://map.baidu.com/,,,,,,,,,,,,,,,,,,,,0
d1328b01857a701d2bb97c7e,实验外国语学校,交通设施,公交车站,黑龙江省,哈尔滨市,阿城区,阿城11路;阿城12路;阿城2路;阿城4路,,0,0,127.019823,45.560505,,,http://map.baidu.com/,,,,,,,,,,,,,,,,,,,,0
ba156c85d64173bfa2a93461,立交桥,交通设施,公交车站,黑龙江省,哈尔滨市,阿城区,阿城11路;阿城12路;阿城2路;阿城4路;阿城6路,,0,0,127.00816,45.555794,,,http://map.baidu.com/,,,,,,,,,,,,,,,,,,,,0
dbecceb4e15729fa3010af3c,友邦小区,交通设施,公交车站,黑龙江省,哈尔滨市,阿城区,阿城11路;阿城12路;阿城2路;阿城4路,,0,0,127.016086,45.560063,,,http://map.baidu.com/,,,,,,,,,,,,,,,,,,,,0
2b1ac4859c9399b4fbdc8521,乳品厂,交通设施,公交车站,黑龙江省,哈尔滨市,阿城区,阿城6路,,0,0,127.006341,45.558181,,,http://map.baidu.com/,,,,,,,,,,,,,,,,,,,,0
2c4a7ea7388475924e2fdfd5,实验站,交通设施,公交车站,黑龙江省,哈尔滨市,阿城区,阿城11路,,0,0,127.042535,45.548026,,,http://map.baidu.com/,,,,,,,,,,,,,,,,,,,,0
2b39c79031d01b03047ce875,河东新区,交通设施,公交车站,黑龙江省,哈尔滨市,阿城区,阿城12路,,0,0,127.022137,45.56405,,,http://map.baidu.com/,,,,,,,,,,,,,,,,,,,,0
870670284df9e5329d82eab3,龙丹路口,交通设施,公交车站,黑龙江省,哈尔滨市,阿城区,阿城5路,,0,0,127.009843,45.55934,,,http://map.baidu.com/,,,,,,,,,,,,,,,,,,,,0
eba23e859d2fa03dddee8ba6,继电燃气站,交通设施,公交车站,黑龙江省,哈尔滨市,阿城区,阿城11路,,0,0,127.043423,45.557198,,,http://map.baidu.com/,,,,,,,,,,,,,,,,,,,,0
e09592dbc096d603b13c8148,后岗屯,交通设施,公交车站,黑龙江省,哈尔滨市,阿城区,阿城11路,,0,0,127.045715,45.557089,,,http://map.baidu.com/,,,,,,,,,,,,,,,,,,,,0
65668808b3ba6c8df603b877,友邦小区北,交通设施,公交车站,黑龙江省,哈尔滨市,阿城区,阿城34路,,0,0,127.016364,45.560953,,,http://map.baidu.com/,,,,,,,,,,,,,,,,,,,,0
56cc1a193946f0aba0acc453,原种场,交通设施,公交车站,黑龙江省,哈尔滨市,阿城区,阿城11路,,0,0,127.042722,45.549804,,,http://map.baidu.com/,,,,,,,,,,,,,,,,,,,,0
fcbf3d1421bfdb00c8213d78,道北路口,交通设施,公交车站,黑龙江省,哈尔滨市,阿城区,阿城11路;阿城12路;阿城2路;阿城34路;阿城4路;阿城5路;阿城6路,,0,0,127.011454,45.557974,,,http://map.baidu.com/,,,,,,,,,,,,,,,,,,,,0
dbce346003b95f097c29bd27,原种场小桥,交通设施,公交车站,黑龙江省,哈尔滨市,阿城区,阿城11路,,0,0,127.04309,45.553183,,,http://map.baidu.com/,,,,,,,,,,,,,,,,,,,,0
f32301a0bf5d499f4207c1a8,龙丹路口,交通设施,公交车站,黑龙江省,哈尔滨市,阿城区,阿城5路;阿城6路,,0,0,127.009844,45.559285,,,http://map.baidu.com/,,,,,,,,,,,,,,,,,,,,0
519a375f365d751a8bfc067f,东方红小学,交通设施,公交车站,黑龙江省,哈尔滨市,阿城区,阿城6路,,0,0,127.008253,45.558018,,,http://map.baidu.com/,,,,,,,,,,,,,,,,,,,,0
4d80ff94472db1238bdb734d,洪达食杂店,交通设施,公交车站,黑龙江省,哈尔滨市,阿城区,阿城5路,,0,0,127.00606,45.560592,,,http://map.baidu.com/,,,,,,,,,,,,,,,,,,,,0
ef4b3300b90556262bb97ce2,后岗屯仓买,交通设施,公交车站,黑龙江省,哈尔滨市,阿城区,阿城11路,,0,0,127.047637,45.557063,,,http://map.baidu.com/,,,,,,,,,,,,,,,,,,,,0
1190e5ffbd44aaf2d72ce2dc,双井村口,交通设施,公交车站,黑龙江省,哈尔滨市,双城区,345路,,0,0,126.423829,45.592156,,,http://map.baidu.com/,,,,,,,,,,,,,,,,,,,,0
5dc2fa60c7cae5dbadb22aab,双井村口,交通设施,公交车站,黑龙江省,哈尔滨市,双城区,345路,,0,0,126.42384,45.592137,,,http://map.baidu.com/,,,,,,,,,,,,,,,,,,,,0
e30fbb3312fba196f8221348,双井村,交通设施,公交车站,黑龙江省,哈尔滨市,双城区,345路,,0,0,126.425287,45.589534,,,http://map.baidu.com/,,,,,,,,,,,,,,,,,,,,0
1190e5ffbd44aaf2d72ce2dc,双井村口,交通设施,公交车站,黑龙江省,哈尔滨市,双城区,345路,,0,0,126.423829,45.592156,,,http://map.baidu.com/,,,,,,,,,,,,,,,,,,,,0
befef4abe95423093fe23117,唐家窝堡道口,交通设施,公交车站,黑龙江省,哈尔滨市,双城区,345路,,0,0,126.427679,45.58677,,,http://map.baidu.com/,,,,,,,,,,,,,,,,,,,,0
db87e13466473bc793114ce8,西杨家,交通设施,公交车站,黑龙江省,哈尔滨市,道里区,345路,,0,0,126.427035,45.608295,,,http://map.baidu.com/,,,,,,,,,,,,,,,,,,,,0
5dc2fa60c7cae5dbadb22aab,双井村口,交通设施,公交车站,黑龙江省,哈尔滨市,双城区,345路,,0,0,126.42384,45.592137,,,http://map.baidu.com/,,,,,,,,,,,,,,,,,,,,0
13a602cb89bd1c5e9b68b43d,唐家窝堡道口,交通设施,公交车站,黑龙江省,哈尔滨市,双城区,345路,,0,0,126.427679,45.586769,,,http://map.baidu.com/,,,,,,,,,,,,,,,,,,,,0
496e07cd070f24476fa3cce6,唐家窝堡道口,交通设施,公交车站,黑龙江省,哈尔滨市,双城区,345路,,0,0,126.427679,45.586771,,,http://map.baidu.com/,,,,,,,,,,,,,,,,,,,,0
b4879e0eecde07330e0a706d,望哈生态园,交通设施,公交车站,黑龙江省,哈尔滨市,南岗区,370路望哈支线,,0,0,126.490916,45.597672,,,http://map.baidu.com/,,,,,,,,,,,,,,,,,,,,0
aeb469dcd9f1e0bf077ce836,望哈,交通设施,公交车站,黑龙江省,哈尔滨市,道里区,362路;370路望哈支线,,0,0,126.470288,45.599411,,,http://map.baidu.com/,,,,,,,,,,,,,,,,,,,,0
6edad05ed981dfc82fb17e8c,北大荒蔬菜基地,交通设施,公交车站,黑龙江省,哈尔滨市,南岗区,370路望哈支线,,0,0,126.49092,45.597672,,,http://map.baidu.com/,,,,,,,,,,,,,,,,,,,,0
aa976ea9c779ff70b21e3605,望哈生态园,交通设施,公交车站,黑龙江省,哈尔滨市,南岗区,370路望哈支线,,0,0,126.490916,45.597672,,,http://map.baidu.com/,,,,,,,,,,,,,,,,,,,,0
129a2585076dd02adc1e5222,望哈村委会,交通设施,公交车站,黑龙江省,哈尔滨市,道里区,370路望哈支线,,0,0,126.474649,45.600358,,,http://map.baidu.com/,,,,,,,,,,,,,,,,,,,,0
f3308aa3d36de13448cc4ab9,东升村,交通设施,公交车站,黑龙江省,哈尔滨市,南岗区,370路徐家支线,,0,0,126.489852,45.582507,,,http://map.baidu.com/,,,,,,,,,,,,,,,,,,,,0
98ead1470a72cd92373a7134,家属楼,交通设施,公交车站,黑龙江省,哈尔滨市,道里区,362路,,0,0,126.469162,45.601893,,,http://map.baidu.com/,,,,,,,,,,,,,,,,,,,,0
2d6d9aea8714679d55bfff30,东升大队,交通设施,公交车站,黑龙江省,哈尔滨市,南岗区,370路徐家支线,,0,0,126.493797,45.583601,,,http://map.baidu.com/,,,,,,,,,,,,,,,,,,,,0
64e7c60645f8b44c2b201ad4,中昌公司,交通设施,公交车站,黑龙江省,哈尔滨市,南岗区,370路望哈支线,,0,0,126.503839,45.595422,,,http://map.baidu.com/,,,,,,,,,,,,,,,,,,,,0
7d4b02774c31344f0c0e6bd8,红旗学校,交通设施,公交车站,黑龙江省,哈尔滨市,南岗区,370路;370路金星村支线;370路望哈支线;370路徐家支线,,0,0,126.524967,45.593499,,,http://map.baidu.com/,,,,,,,,,,,,,,,,,,,,0
03c27647ec5c5bdab75f1e6d,红旗满族乡,交通设施,公交车站,黑龙江省,哈尔滨市,南岗区,370路;370路金星村支线;370路望哈支线;370路徐家支线;382路,,0,0,126.516409,45.596234,,,http://map.baidu.com/,,,,,,,,,,,,,,,,,,,,0
792ee72b3a3a3d0e7af79679,旭光村西道口,交通设施,公交车站,黑龙江省,哈尔滨市,南岗区,370路;370路金星村支线;370路望哈支线;370路徐家支线,,0,0,126.528941,45.592211,,,http://map.baidu.com/,,,,,,,,,,,,,,,,,,,,0
4282e5fc28cd251102ec013e,旭光村,交通设施,公交车站,黑龙江省,哈尔滨市,南岗区,370路;370路金星村支线;370路望哈支线;370路徐家支线,,0,0,126.53465,45.593596,,,http://map.baidu.com/,,,,,,,,,,,,,,,,,,,,0
9c8ad16be8710bf59c09f782,红旗满族乡,交通设施,公交车站,黑龙江省,哈尔滨市,南岗区,370路徐家支线,,0,0,126.515568,45.596406,,,http://map.baidu.com/,,,,,,,,,,,,,,,,,,,,0
f04406d49dc08dc47402691e,十三公里,交通设施,公交车站,黑龙江省,哈尔滨市,南岗区,382路,,0,0,126.519983,45.609173,,,http://map.baidu.com/,,,,,,,,,,,,,,,,,,,,0
773d088e267ac2dfe215f95b,十三公里,交通设施,公交车站,黑龙江省,哈尔滨市,南岗区,382路,,0,0,126.519758,45.608106,,,http://map.baidu.com/,,,,,,,,,,,,,,,,,,,,0
b70fd950c3d976e4e215f93a,第九十八中学,交通设施,公交车站,黑龙江省,哈尔滨市,南岗区,370路;370路金星村支线,,0,0,126.534352,45.587799,,,http://map.baidu.com/,,,,,,,,,,,,,,,,,,,,0
e2f1c6f786af5c3e3904b17b,红旗蔬菜园区,交通设施,公交车站,黑龙江省,哈尔滨市,南岗区,382路,,0,0,126.517751,45.600685,,,http://map.baidu.com/,,,,,,,,,,,,,,,,,,,,0
a02e2ae7ed9bf8baebe5822b,红旗蔬菜园区,交通设施,公交车站,黑龙江省,哈尔滨市,南岗区,382路,,0,0,126.517886,45.601025,,,http://map.baidu.com/,,,,,,,,,,,,,,,,,,,,0
cf623269a8891fff3f9a5e22,绿缘名居,交通设施,公交车站,黑龙江省,哈尔滨市,南岗区,370路望哈支线,,0,0,126.513783,45.59716,,,http://map.baidu.com/,,,,,,,,,,,,,,,,,,,,0
6e9a655ebc1d005a7dc876cc,曙光路(京哈线口),交通设施,公交车站,黑龙江省,哈尔滨市,南岗区,370路;370路金星村支线,,0,0,126.534743,45.586584,,,http://map.baidu.com/,,,,,,,,,,,,,,,,,,,,0
ff5264cd2c92b8080869d918,曙光路(京哈线口),交通设施,公交车站,黑龙江省,哈尔滨市,南岗区,370路;370路金星村支线,,0,0,126.534743,45.586583,,,http://map.baidu.com/,,,,,,,,,,,,,,,,,,,,0
419829439f5963183904b114,红旗二道街,交通设施,公交车站,黑龙江省,哈尔滨市,南岗区,370路望哈支线,,0,0,126.509827,45.596069,,,http://map.baidu.com/,,,,,,,,,,,,,,,,,,,,0
fd7a0e69d799367e94ec84db,红旗二道街,交通设施,公交车站,黑龙江省,哈尔滨市,南岗区,370路望哈支线,,0,0,126.509641,45.596004,,,http://map.baidu.com/,,,,,,,,,,,,,,,,,,,,0
222b7775337ae41aed74f8de,哈尔滨传媒职业学院,交通设施,公交车站,黑龙江省,哈尔滨市,南岗区,370路金星村支线,,0,0,126.524731,45.58456,,,http://map.baidu.com/,,,,,,,,,,,,,,,,,,,,0
1cdc0374057fb962734b87ee,东升村道口,交通设施,公交车站,黑龙江省,哈尔滨市,南岗区,382路,,0,0,126.507573,45.586668,,,http://map.baidu.com/,,,,,,,,,,,,,,,,,,,,0
d54ea75909ca3877d12dd674,第九十八中学,交通设施,公交车站,黑龙江省,哈尔滨市,南岗区,370路;370路金星村支线,,0,0,126.534141,45.58831,,,http://map.baidu.com/,,,,,,,,,,,,,,,,,,,,0
64e7c60645f8b44c2b201ad4,中昌公司,交通设施,公交车站,黑龙江省,哈尔滨市,南岗区,370路望哈支线,,0,0,126.503839,45.595422,,,http://map.baidu.com/,,,,,,,,,,,,,,,,,,,,0
eb69514ba42dcde386420eba,十三公里,交通设施,公交车站,黑龙江省,哈尔滨市,南岗区,382路,,0,0,126.519871,45.60864,,,http://map.baidu.com/,,,,,,,,,,,,,,,,,,,,0
a01bd058b41f55fab34c49ba,红旗蔬菜园区,交通设施,公交车站,黑龙江省,哈尔滨市,南岗区,382路,,0,0,126.517819,45.600855,,,http://map.baidu.com/,,,,,,,,,,,,,,,,,,,,0
384cd1acf6a56b4f3904b10e,旭光村东道口,交通设施,公交车站,黑龙江省,哈尔滨市,南岗区,370路;370路金星村支线;370路望哈支线;370路徐家支线,,0,0,126.54249,45.595148,,,http://map.baidu.com/,,,,,,,,,,,,,,,,,,,,0
22e6f4b7ed463656b726553b,曙光路(京哈线口),交通设施,公交车站,黑龙江省,哈尔滨市,南岗区,370路;370路金星村支线,,0,0,126.534743,45.586585,,,http://map.baidu.com/,,,,,,,,,,,,,,,,,,,,0
6955ff176c928d17102935d0,红旗二道街,交通设施,公交车站,黑龙江省,哈尔滨市,南岗区,370路望哈支线,,0,0,126.510013,45.596135,,,http://map.baidu.com/,,,,,,,,,,,,,,,,,,,,0
fba257b0095427cfc1f1cfee,第九十八中学,交通设施,公交车站,黑龙江省,哈尔滨市,南岗区,370路;370路金星村支线,,0,0,126.534563,45.587289,,,http://map.baidu.com/,,,,,,,,,,,,,,,,,,,,0
9cca33df68d83131ac0457b7,旭光村食杂店,交通设施,公交车站,黑龙江省,哈尔滨市,南岗区,370路;370路金星村支线;370路望哈支线;370路徐家支线,,0,0,126.538431,45.59493,,,http://map.baidu.com/,,,,,,,,,,,,,,,,,,,,0
2b25c6397491b5bc79dbd21c,东升村道口,交通设施,公交车站,黑龙江省,哈尔滨市,南岗区,370路徐家支线;382路,,0,0,126.507781,45.587223,,,http://map.baidu.com/,,,,,,,,,,,,,,,,,,,,0
713e7ac91cd1820ee812e4c4,五一村口,交通设施,公交车站,黑龙江省,哈尔滨市,南岗区,370路,,0,0,126.535266,45.581056,,,http://map.baidu.com/,,,,,,,,,,,,,,,,,,,,0
d167cbd23fe346774251c047,长征村,交通设施,公交车站,黑龙江省,哈尔滨市,南岗区,370路;370路金星村支线;370路望哈支线;370路徐家支线,,0,0,126.566703,45.596025,,,http://map.baidu.com/,,,,,,,,,,,,,,,,,,,,0
d584e7829806ae31c6effb0e,长征村西道口,交通设施,公交车站,黑龙江省,哈尔滨市,南岗区,370路;370路金星村支线;370路望哈支线;370路徐家支线,,0,0,126.563114,45.594095,,,http://map.baidu.com/,,,,,,,,,,,,,,,,,,,,0
591636fd78f71ab543e1922b,长征村东道口,交通设施,公交车站,黑龙江省,哈尔滨市,南岗区,370路;370路金星村支线;370路望哈支线;370路徐家支线,,0,0,126.570927,45.59861,,,http://map.baidu.com/,,,,,,,,,,,,,,,,,,,,0
b8f8ef7048a54fd9ca29153e,一〇二国道,交通设施,公交车站,黑龙江省,哈尔滨市,南岗区,370路;370路金星村支线;370路望哈支线;370路徐家支线,,0,0,126.580291,45.599476,,,http://map.baidu.com/,,,,,,,,,,,,,,,,,,,,0
e5534cd8f4ccdc06c26c14e3,哈南第十二大道(哈南三路口),交通设施,公交车站,黑龙江省,哈尔滨市,南岗区,253路楼上村德邦支线;253路新华德邦支线,,0,0,126.582389,45.581484,,,http://map.baidu.com/,,,,,,,,,,,,,,,,,,,,0
63364a9906a7fa48d4851f4e,丰树哈尔滨物流园区,交通设施,公交车站,黑龙江省,哈尔滨市,南岗区,253路楼上村德邦支线;253路新华德邦支线,,0,0,126.570304,45.579759,,,http://map.baidu.com/,,,,,,,,,,,,,,,,,,,,0
91cb5f96a79735b0593ac801,普洛斯哈南现代产业园,交通设施,公交车站,黑龙江省,哈尔滨市,南岗区,253路楼上村德邦支线;253路新华德邦支线,,0,0,126.574608,45.583366,,,http://map.baidu.com/,,,,,,,,,,,,,,,,,,,,0
942fd12544719b1059bbbcfc,哈电阀门,交通设施,公交车站,黑龙江省,哈尔滨市,平房区,370路;370路金星村支线;370路望哈支线;370路徐家支线,,0,0,126.588943,45.597941,,,http://map.baidu.com/,,,,,,,,,,,,,,,,,,,,0
706d593193c9940426d2bb1c,哈尔滨锾宇轨道交通装备有限公司,交通设施,公交车站,黑龙江省,哈尔滨市,南岗区,253路楼上村德邦支线;253路新华德邦支线,,0,0,126.577509,45.582665,,,http://map.baidu.com/,,,,,,,,,,,,,,,,,,,,0
6eee3c0a39497e7bc61e51fd,一〇二国道,交通设施,公交车站,黑龙江省,哈尔滨市,南岗区,370路;370路金星村支线;370路望哈支线;370路徐家支线,,0,0,126.579665,45.599538,,,http://map.baidu.com/,,,,,,,,,,,,,,,,,,,,0
5a7ee8b6711f3d30c9291530,一〇二国道,交通设施,公交车站,黑龙江省,哈尔滨市,南岗区,370路;370路金星村支线;370路望哈支线;370路徐家支线,,0,0,126.581127,45.599394,,,http://map.baidu.com/,,,,,,,,,,,,,,,,,,,,0
384cd1acf6a56b4f3904b10e,旭光村东道口,交通设施,公交车站,黑龙江省,哈尔滨市,南岗区,370路;370路金星村支线;370路望哈支线;370路徐家支线,,0,0,126.54249,45.595148,,,http://map.baidu.com/,,,,,,,,,,,,,,,,,,,,0
a7a1bbd772a23e5f8605bfdb,德邦快递物流园区,交通设施,公交车站,黑龙江省,哈尔滨市,南岗区,253路楼上村德邦支线;253路新华德邦支线,,0,0,126.571963,45.582052,,,http://map.baidu.com/,,,,,,,,,,,,,,,,,,,,0
f1c4efe59fcd8e04715e8087,哈南第十二大道(哈南三路口),交通设施,公交车站,黑龙江省,哈尔滨市,南岗区,253路楼上村德邦支线;253路新华德邦支线,,0,0,126.582309,45.581461,,,http://map.baidu.com/,,,,,,,,,,,,,,,,,,,,0
06ca25eaa66ebaa99322e096,哈南第十二大道(哈南三路口),交通设施,公交车站,黑龙江省,哈尔滨市,南岗区,253路楼上村德邦支线;253路新华德邦支线,,0,0,126.582468,45.581507,,,http://map.baidu.com/,,,,,,,,,,,,,,,,,,,,0
ebfc4e28928a29f03a13fdf2,哈轻一汽,交通设施,公交车站,黑龙江省,哈尔滨市,平房区,370路;370路金星村支线;370路望哈支线;370路徐家支线,,0,0,126.605786,45.596547,,,http://map.baidu.com/,,,,,,,,,,,,,,,,,,,,0
acb5132f7e5f5d06b5147fe8,哈南五路(哈南第二大道口),交通设施,公交车站,黑龙江省,哈尔滨市,平房区,253路楼上村德邦支线;253路楼上村支线;253路新华德邦支线;253路新华西闵家支线;370路;370路金星村支线;370路望哈支线;370路徐家支线,,0,0,126.610973,45.597601,,,http://map.baidu.com/,,,,,,,,,,,,,,,,,,,,0
124d614ae1754a1f00ec01e3,哈南五路(哈南第二大道口),交通设施,公交车站,黑龙江省,哈尔滨市,平房区,253路楼上村德邦支线;253路楼上村支线;253路新华德邦支线;253路新华西闵家支线;370路;370路金星村支线;370路望哈支线;370路徐家支线,,0,0,126.611018,45.597509,,,http://map.baidu.com/,,,,,,,,,,,,,,,,,,,,0
ef023e8d86d61f1204fef562,哈南五路(哈南第二大道口),交通设施,公交车站,黑龙江省,哈尔滨市,平房区,253路楼上村德邦支线;253路楼上村支线;253路新华德邦支线;253路新华西闵家支线;370路;370路金星村支线;370路望哈支线;370路徐家支线,,0,0,126.610928,45.597693,,,http://map.baidu.com/,,,,,,,,,,,,,,,,,,,,0
1118e94d9bd56a1c4bfc8d82,哈轻一汽,交通设施,公交车站,黑龙江省,哈尔滨市,平房区,370路;370路金星村支线;370路望哈支线;370路徐家支线,,0,0,126.604557,45.596464,,,http://map.baidu.com/,,,,,,,,,,,,,,,,,,,,0
057e890012ccb3a132870ad1,英华电力,交通设施,公交车站,黑龙江省,哈尔滨市,平房区,253路楼上村德邦支线;253路楼上村支线;253路新华德邦支线;253路新华西闵家支线,,0,0,126.600923,45.593924,,,http://map.baidu.com/,,,,,,,,,,,,,,,,,,,,0
118d07c37f5d44eb6cc02cd6,南城明珠小区西门,交通设施,公交车站,黑龙江省,哈尔滨市,平房区,370路区间,,0,0,126.611996,45.599472,,,http://map.baidu.com/,,,,,,,,,,,,,,,,,,,,0
3a1af9a4cd3e6abdb23c8198,南城明珠小区西门,交通设施,公交车站,黑龙江省,哈尔滨市,平房区,370路区间,,0,0,126.611996,45.599472,,,http://map.baidu.com/,,,,,,,,,,,,,,,,,,,,0
bdd3f832ce54945a5810930b,新疆西路哈南第二大道口,交通设施,公交车站,黑龙江省,哈尔滨市,平房区,哈南新区环线2路,,0,0,126.61694,45.59437,,,http://map.baidu.com/,,,,,,,,,,,,,,,,,,,,0
9ca2c8dfb7752ac6abf0cd98,新疆西路哈南第二大道口,交通设施,公交车站,黑龙江省,哈尔滨市,平房区,哈南新区环线2路,,0,0,126.61694,45.59437,,,http://map.baidu.com/,,,,,,,,,,,,,,,,,,,,0
61dfb65fd0e79f3c88db7318,新疆西路(哈南第二大道口),交通设施,公交车站,黑龙江省,哈尔滨市,平房区,哈南新区环线2路,,0,0,126.616778,45.59459,,,http://map.baidu.com/,,,,,,,,,,,,,,,,,,,,0
a3acbd88b9f23411e215f972,机电公司,交通设施,公交车站,黑龙江省,哈尔滨市,平房区,253路楼上村德邦支线;253路楼上村支线;253路新华德邦支线;253路新华西闵家支线,,0,0,126.599159,45.590744,,,http://map.baidu.com/,,,,,,,,,,,,,,,,,,,,0
f2f7a61b279fa6f3f02d831e,华汇热电,交通设施,公交车站,黑龙江省,哈尔滨市,平房区,370路;370路金星村支线;370路望哈支线;370路徐家支线,,0,0,126.596317,45.59698,,,http://map.baidu.com/,,,,,,,,,,,,,,,,,,,,0
4587468d75e20c8581a12ea1,哈南第六大道,交通设施,公交车站,黑龙江省,哈尔滨市,平房区,哈南新区环线2路,,0,0,126.61406,45.58941,,,http://map.baidu.com/,,,,,,,,,,,,,,,,,,,,0
71758cb4b5f27b1c704b8766,哈南第六大道口,交通设施,公交车站,黑龙江省,哈尔滨市,平房区,哈南新区环线2路,,0,0,126.61412,45.589159,,,http://map.baidu.com/,,,,,,,,,,,,,,,,,,,,0
e781a7bce89df67fe31103b6,哈南第六大道口,交通设施,公交车站,黑龙江省,哈尔滨市,平房区,哈南新区环线2路,,0,0,126.61412,45.589159,,,http://map.baidu.com/,,,,,,,,,,,,,,,,,,,,0
c46ce7807c8899d6df1e5222,南城首府小区B区,交通设施,公交车站,黑龙江省,哈尔滨市,平房区,371路,,0,0,126.614217,45.600712,,,http://map.baidu.com/,,,,,,,,,,,,,,,,,,,,0
85832b7aefb42b99b64f5409,哈轻一汽(松花路),交通设施,公交车站,黑龙江省,哈尔滨市,平房区,253路楼上村德邦支线;253路楼上村支线;253路新华德邦支线;253路新华西闵家支线;370路;370路金星村支线;370路望哈支线;370路徐家支线,,0,0,126.603205,45.596308,,,http://map.baidu.com/,,,,,,,,,,,,,,,,,,,,0
5b15a62b5c129b7cbe4842b2,南城首府,交通设施,公交车站,黑龙江省,哈尔滨市,平房区,220路,,0,0,126.617787,45.601734,,,http://map.baidu.com/,,,,,,,,,,,,,,,,,,,,0
961a2e77df2a975478dbd260,南城明珠小区,交通设施,公交车站,黑龙江省,哈尔滨市,平房区,253路楼上村德邦支线;253路楼上村支线;253路新华德邦支线;253路新华西闵家支线,,0,0,126.61298,45.601351,,,http://map.baidu.com/,,,,,,,,,,,,,,,,,,,,0
0f91c84e1141ef6c4d2fdf2c,南城明珠小区,交通设施,公交车站,黑龙江省,哈尔滨市,平房区,210路;220路;253路楼上村德邦支线;253路楼上村支线;253路新华德邦支线;253路新华西闵家支线;370路;370路金星村支线;370路区间;370路望哈支线;370路徐家支线;371路,,0,0,126.614242,45.60086,,,http://map.baidu.com/,,,,,,,,,,,,,,,,,,,,0
70fa0268d5dc9d6b75e5b6db,南城明珠小区,交通设施,公交车站,黑龙江省,哈尔滨市,平房区,220路;370路;370路金星村支线;370路区间;370路望哈支线;370路徐家支线,,0,0,126.615654,45.600314,,,http://map.baidu.com/,,,,,,,,,,,,,,,,,,,,0
181ebe93fdb922f8601c6788,南城明珠小区,交通设施,公交车站,黑龙江省,哈尔滨市,平房区,220路;370路;370路金星村支线;370路望哈支线;370路徐家支线,,0,0,126.615647,45.600316,,,http://map.baidu.com/,,,,,,,,,,,,,,,,,,,,0
ffb08d03670cd787873304f5,普惠大道(哈南五路口),交通设施,公交车站,黑龙江省,哈尔滨市,平房区,220路;370路;370路金星村支线;370路望哈支线;370路徐家支线;371路,,0,0,126.614346,45.600745,,,http://map.baidu.com/,,,,,,,,,,,,,,,,,,,,0
ad8ef78f69459072b04c490e,普惠大道,交通设施,公交车站,黑龙江省,哈尔滨市,平房区,220路;370路;370路金星村支线;370路区间;370路望哈支线;370路徐家支线;399路;399路夜班车;哈南新区环线2路,,0,0,126.619681,45.599577,,,http://map.baidu.com/,,,,,,,,,,,,,,,,,,,,0
ab6f1b216bdcbb789868b45b,新星街,交通设施,公交车站,黑龙江省,哈尔滨市,平房区,210路;220路;253路楼上村德邦支线;253路楼上村支线;253路新华德邦支线;253路新华西闵家支线;253路正黄二屯支线;348路;370路;370路金星村支线;370路区间;370路望哈支线;370路徐家支线;371路;399路;399路夜班车;哈南新区环线2路,,0,0,126.62566,45.607805,,,http://map.baidu.com/,,,,,,,,,,,,,,,,,,,,0
16818be4be2b0c96a6da399e,哈南第八大道,交通设施,公交车站,黑龙江省,哈尔滨市,平房区,哈南新区环线2路,,0,0,126.612453,45.585056,,,http://map.baidu.com/,,,,,,,,,,,,,,,,,,,,0
6175dc8832eb7cf801897244,净土寺,交通设施,公交车站,黑龙江省,哈尔滨市,平房区,253路楼上村德邦支线;253路楼上村支线;253路新华德邦支线;253路新华西闵家支线,,0,0,126.59579,45.584637,,,http://map.baidu.com/,,,,,,,,,,,,,,,,,,,,0
b79ce981489e76d12ce67bf5,星耀南城,交通设施,公交车站,黑龙江省,哈尔滨市,平房区,哈南新区环线2路,,0,0,126.622553,45.604843,,,http://map.baidu.com/,,,,,,,,,,,,,,,,,,,,0
ea6b4e52383d19e5c51b7599,南城明珠小区,交通设施,公交车站,黑龙江省,哈尔滨市,平房区,253路楼上村德邦支线;253路楼上村支线;253路新华德邦支线;253路新华西闵家支线,,0,0,126.612616,45.60062,,,http://map.baidu.com/,,,,,,,,,,,,,,,,,,,,0
dd28b4685c1e28549a00507d,南城首府,交通设施,公交车站,黑龙江省,哈尔滨市,平房区,220路,,0,0,126.613124,45.600914,,,http://map.baidu.com/,,,,,,,,,,,,,,,,,,,,0
c333e22fa51a7bcc306212d6,南城首府小区B区,交通设施,公交车站,黑龙江省,哈尔滨市,平房区,371路,,0,0,126.614213,45.600713,,,http://map.baidu.com/,,,,,,,,,,,,,,,,,,,,0
530525ec346492774c3a598b,南城首府小区,交通设施,公交车站,黑龙江省,哈尔滨市,平房区,399路夜班车;哈南新区环线2路,,0,0,126.620859,45.60223,,,http://map.baidu.com/,,,,,,,,,,,,,,,,,,,,0
2927b5196d57d2cf3310af0e,南城首府小区,交通设施,公交车站,黑龙江省,哈尔滨市,平房区,220路;370路;370路金星村支线;370路区间;370路望哈支线;370路徐家支线;399路,,0,0,126.620953,45.602408,,,http://map.baidu.com/,,,,,,,,,,,,,,,,,,,,0
e4de00db585e5fab79b55ca1,哈南七路,交通设施,公交车站,黑龙江省,哈尔滨市,平房区,399路;399路夜班车;399路支线,,0,0,126.626553,45.597457,,,http://map.baidu.com/,,,,,,,,,,,,,,,,,,,,0
ad378aabd7b2b7a86c3e1b06,哈南七路,交通设施,公交车站,黑龙江省,哈尔滨市,平房区,399路;399路夜班车;399路支线,,0,0,126.626548,45.597494,,,http://map.baidu.com/,,,,,,,,,,,,,,,,,,,,0
d309eddc6f21b46e400245e0,新疆西路(哈南第二大道口),交通设施,公交车站,黑龙江省,哈尔滨市,平房区,哈南新区环线2路,,0,0,126.616778,45.59459,,,http://map.baidu.com/,,,,,,,,,,,,,,,,,,,,0
a6b6b34f1d3ae42779dbd2bd,一〇四号楼,交通设施,公交车站,黑龙江省,哈尔滨市,平房区,210路;371路,,0,0,126.613662,45.602776,,,http://map.baidu.com/,,,,,,,,,,,,,,,,,,,,0
6dc2158e26c14d67c61e51f9,哈南九路,交通设施,公交车站,黑龙江省,哈尔滨市,平房区,399路;399路夜班车;399路支线,,0,0,126.633224,45.597348,,,http://map.baidu.com/,,,,,,,,,,,,,,,,,,,,0
d3c6e8ec3feb7459b1077d45,哈南九路,交通设施,公交车站,黑龙江省,哈尔滨市,平房区,399路;399路夜班车;399路支线,,0,0,126.633255,45.597311,,,http://map.baidu.com/,,,,,,,,,,,,,,,,,,,,0
942fd12544719b1059bbbcfc,哈电阀门,交通设施,公交车站,黑龙江省,哈尔滨市,平房区,370路;370路金星村支线;370路望哈支线;370路徐家支线,,0,0,126.588943,45.597941,,,http://map.baidu.com/,,,,,,,,,,,,,,,,,,,,0
965fa3b6b37d9feb28d7aba8,南城首府小区,交通设施,公交车站,黑龙江省,哈尔滨市,平房区,210路;253路楼上村德邦支线;253路楼上村支线;253路新华德邦支线;253路新华西闵家支线;253路正黄二屯支线;371路,,0,0,126.619054,45.605737,,,http://map.baidu.com/,,,,,,,,,,,,,,,,,,,,0
05420ac886f369115abbbc43,星耀南城,交通设施,公交车站,黑龙江省,哈尔滨市,平房区,哈南新区环线2路,,0,0,126.622365,45.604796,,,http://map.baidu.com/,,,,,,,,,,,,,,,,,,,,0
ec0e60ef9e85fe68b8bd636f,星耀南城小区,交通设施,公交车站,黑龙江省,哈尔滨市,平房区,399路夜班车;哈南新区环线2路,,0,0,126.622177,45.60475,,,http://map.baidu.com/,,,,,,,,,,,,,,,,,,,,0
a00b6ba885d1bd47d72ce23f,星耀南城小区,交通设施,公交车站,黑龙江省,哈尔滨市,平房区,399路夜班车;哈南新区环线2路,,0,0,126.6207,45.605289,,,http://map.baidu.com/,,,,,,,,,,,,,,,,,,,,0
60219cadc556317b4657269d,滨河大道(哈南五路口),交通设施,公交车站,黑龙江省,哈尔滨市,香坊区,253路正黄二屯支线,,0,0,126.615297,45.607845,,,http://map.baidu.com/,,,,,,,,,,,,,,,,,,,,0
244de3f57c5fb5a0eedfcad1,国际花都小区A区,交通设施,公交车站,黑龙江省,哈尔滨市,平房区,399路支线,,0,0,126.627091,45.599654,,,http://map.baidu.com/,,,,,,,,,,,,,,,,,,,,0
78b81c94acba308817948e3e,绿地世纪城小区,交通设施,公交车站,黑龙江省,哈尔滨市,平房区,370路区间;399路;399路夜班车;399路支线,,0,0,126.632778,45.595136,,,http://map.baidu.com/,,,,,,,,,,,,,,,,,,,,0
dc6058d3462d25bd7dc8769b,万达华府C区,交通设施,公交车站,黑龙江省,哈尔滨市,平房区,399路支线;哈南新区环线2路,,0,0,126.622194,45.580247,,,http://map.baidu.com/,,,,,,,,,,,,,,,,,,,,0
68fe2d27ffb5ef2683a00c51,绿地世纪城小区,交通设施,公交车站,黑龙江省,哈尔滨市,平房区,370路区间;399路;399路支线,,0,0,126.632652,45.594891,,,http://map.baidu.com/,,,,,,,,,,,,,,,,,,,,0
f13f3413857035a0ad080f9a,哈南第六大道,交通设施,公交车站,黑龙江省,哈尔滨市,平房区,哈南新区环线2路,,0,0,126.61406,45.58941,,,http://map.baidu.com/,,,,,,,,,,,,,,,,,,,,0
aee7caf9fc83150080288a4d,一〇四号楼,交通设施,公交车站,黑龙江省,哈尔滨市,平房区,210路;371路,,0,0,126.613679,45.602812,,,http://map.baidu.com/,,,,,,,,,,,,,,,,,,,,0
bd1ae945686cce25b9bd63d0,哈南七路,交通设施,公交车站,黑龙江省,哈尔滨市,平房区,399路;399路支线,,0,0,126.626542,45.59755,,,http://map.baidu.com/,,,,,,,,,,,,,,,,,,,,0
031b66056b083750fea77800,普惠大道(哈南五路口),交通设施,公交车站,黑龙江省,哈尔滨市,平房区,220路;370路;370路金星村支线;370路望哈支线;370路徐家支线,,0,0,126.613142,45.601015,,,http://map.baidu.com/,,,,,,,,,,,,,,,,,,,,0
73fee356703e1500d92f28de,普惠大道(哈南五路口),交通设施,公交车站,黑龙江省,哈尔滨市,平房区,370路;370路金星村支线;370路望哈支线;370路徐家支线;371路,,0,0,126.614221,45.600711,,,http://map.baidu.com/,,,,,,,,,,,,,,,,,,,,0
30f4f2fc72c570f41811d560,哈南九路,交通设施,公交车站,黑龙江省,哈尔滨市,平房区,399路;399路支线,,0,0,126.633176,45.597403,,,http://map.baidu.com/,,,,,,,,,,,,,,,,,,,,0
c85ead7dc2b7238f5a3ac819,南城首府小区,交通设施,公交车站,黑龙江省,哈尔滨市,平房区,210路;253路楼上村德邦支线;253路楼上村支线;253路新华德邦支线;253路新华西闵家支线;253路正黄二屯支线;371路,,0,0,126.619224,45.605827,,,http://map.baidu.com/,,,,,,,,,,,,,,,,,,,,0
0fcc4e56e3adfefe35b06cde,南城首府小区,交通设施,公交车站,黑龙江省,哈尔滨市,平房区,220路;370路;370路金星村支线;370路区间;370路望哈支线;370路徐家支线;399路;哈南新区环线2路,,0,0,126.621255,45.602453,,,http://map.baidu.com/,,,,,,,,,,,,,,,,,,,,0
ab70762bf00c24321f5800ac,国际花都小区A区,交通设施,公交车站,黑龙江省,哈尔滨市,平房区,399路支线,,0,0,126.627238,45.599921,,,http://map.baidu.com/,,,,,,,,,,,,,,,,,,,,0
e9e7149ea1102e8c42d63e32,滨河大道(哈南五路口),交通设施,公交车站,黑龙江省,哈尔滨市,香坊区,253路正黄二屯支线,,0,0,126.614935,45.607929,,,http://map.baidu.com/,,,,,,,,,,,,,,,,,,,,0
4a44f1969f7dd8dcf8f0cb65,机电公司,交通设施,公交车站,黑龙江省,哈尔滨市,平房区,210路,,0,0,126.651748,45.594469,,,http://map.baidu.com/,,,,,,,,,,,,,,,,,,,,0
90db537e8ed2a375471a3266,区教委,交通设施,公交车站,黑龙江省,哈尔滨市,平房区,210路,,0,0,126.647048,45.595407,,,http://map.baidu.com/,,,,,,,,,,,,,,,,,,,,0
97cac6a874b1aca1eb56fa12,区教委,交通设施,公交车站,黑龙江省,哈尔滨市,平房区,210路,,0,0,126.647065,45.5954,,,http://map.baidu.com/,,,,,,,,,,,,,,,,,,,,0
0695cf595126add08f1a8938,区教委,交通设施,公交车站,黑龙江省,哈尔滨市,平房区,210路,,0,0,126.647031,45.595415,,,http://map.baidu.com/,,,,,,,,,,,,,,,,,,,,0
c725e6b2c12d8f6379b55cad,秀水东门,交通设施,公交车站,黑龙江省,哈尔滨市,平房区,370路区间;哈南新区环线1路,,0,0,126.652762,45.58836,,,http://map.baidu.com/,,,,,,,,,,,,,,,,,,,,0
172e176f3781de4f4e2fdf10,机电公司,交通设施,公交车站,黑龙江省,哈尔滨市,平房区,210路,,0,0,126.651681,45.594477,,,http://map.baidu.com/,,,,,,,,,,,,,,,,,,,,0
c9bf5e25e12a2ba0cb213d43,机电公司,交通设施,公交车站,黑龙江省,哈尔滨市,平房区,210路,,0,0,126.651815,45.594461,,,http://map.baidu.com/,,,,,,,,,,,,,,,,,,,,0
273e97d395e2f172095cb3b9,龙滨酒厂,交通设施,公交车站,黑龙江省,哈尔滨市,平房区,361路马家沟支线;361路叶家支线,,0,0,126.648789,45.598951,,,http://map.baidu.com/,,,,,,,,,,,,,,,,,,,,0
daed8b94e8886033fea778eb,清真寺,交通设施,公交车站,黑龙江省,哈尔滨市,平房区,220路支线;361路;361路工农支线,,0,0,126.655502,45.597057,,,http://map.baidu.com/,,,,,,,,,,,,,,,,,,,,0
bfcb57157b142a72fd0eb098,建安四道街,交通设施,公交车站,黑龙江省,哈尔滨市,平房区,210路;370路区间;哈南新区环线1路,,0,0,126.659898,45.591973,,,http://map.baidu.com/,,,,,,,,,,,,,,,,,,,,0
73379d59c391322c1fe9996c,秀水名苑小区东门,交通设施,公交车站,黑龙江省,哈尔滨市,平房区,370路区间;399路夜班车;哈南新区环线1路,,0,0,126.653017,45.588609,,,http://map.baidu.com/,,,,,,,,,,,,,,,,,,,,0
807db445cb629a8ffda778d7,秀水名苑小区东门,交通设施,公交车站,黑龙江省,哈尔滨市,平房区,370路区间;399路夜班车;哈南新区环线1路,,0,0,126.652953,45.588546,,,http://map.baidu.com/,,,,,,,,,,,,,,,,,,,,0
3e76c488478a14dc704b8714,哈飞集团,交通设施,公交车站,黑龙江省,哈尔滨市,平房区,220路支线;343路;361路;361路工农支线,,0,0,126.661279,45.5949,,,http://map.baidu.com/,,,,,,,,,,,,,,,,,,,,0
a79cb7af44641bd1cb213dcd,通宾街,交通设施,公交车站,黑龙江省,哈尔滨市,平房区,399路,,0,0,126.653064,45.60825,,,http://map.baidu.com/,,,,,,,,,,,,,,,,,,,,0
aec7923c9293d50dc17da226,龙滨酒厂,交通设施,公交车站,黑龙江省,哈尔滨市,平房区,220路支线;343路;361路;361路工农支线;361路马家沟支线;361路叶家支线,,0,0,126.648959,45.599287,,,http://map.baidu.com/,,,,,,,,,,,,,,,,,,,,0
d538d1e7632e59f3e9f853e3,民族学院,交通设施,公交车站,黑龙江省,哈尔滨市,平房区,361路;399路,,0,0,126.656179,45.586995,,,http://map.baidu.com/,,,,,,,,,,,,,,,,,,,,0
cea53586d0413bb5250bd050,通宾街,交通设施,公交车站,黑龙江省,哈尔滨市,平房区,399路,,0,0,126.652961,45.608331,,,http://map.baidu.com/,,,,,,,,,,,,,,,,,,,,0
4c2638d6ed204c0fd02dd67a,建安五道街,交通设施,公交车站,黑龙江省,哈尔滨市,平房区,370路区间;399路夜班车;哈南新区环线1路,,0,0,126.656045,45.589597,,,http://map.baidu.com/,,,,,,,,,,,,,,,,,,,,0
e5c53d273f51b304e01103f7,建安四道街,交通设施,公交车站,黑龙江省,哈尔滨市,平房区,210路,,0,0,126.659394,45.593436,,,http://map.baidu.com/,,,,,,,,,,,,,,,,,,,,0
6f4e1b84a2697c3de31103b4,秀水名苑小区西门,交通设施,公交车站,黑龙江省,哈尔滨市,平房区,361路马家沟支线;361路叶家支线,,0,0,126.642825,45.590349,,,http://map.baidu.com/,,,,,,,,,,,,,,,,,,,,0
607490f128324f2f72455bcb,教堂,交通设施,公交车站,黑龙江省,哈尔滨市,平房区,210路,,0,0,126.638041,45.599795,,,http://map.baidu.com/,,,,,,,,,,,,,,,,,,,,0
aaa5e0e1cd7f16cb0782c288,建安社区医院,交通设施,公交车站,黑龙江省,哈尔滨市,平房区,370路区间;399路夜班车;哈南新区环线1路,,0,0,126.653962,45.589764,,,http://map.baidu.com/,,,,,,,,,,,,,,,,,,,,0
2c892306ad4b1be9990050c2,秀水名苑小区,交通设施,公交车站,黑龙江省,哈尔滨市,平房区,361路;361路马家沟支线;361路叶家支线;399路,,0,0,126.651587,45.586889,,,http://map.baidu.com/,,,,,,,,,,,,,,,,,,,,0
70148e843277a280b6f42fe3,秀水名苑小区,交通设施,公交车站,黑龙江省,哈尔滨市,平房区,361路;361路马家沟支线;361路叶家支线;370路区间;399路,,0,0,126.651589,45.586953,,,http://map.baidu.com/,,,,,,,,,,,,,,,,,,,,0
0fdee42ce3f9af326ca3cc33,秀水东门,交通设施,公交车站,黑龙江省,哈尔滨市,平房区,370路区间;哈南新区环线1路,,0,0,126.652762,45.58836,,,http://map.baidu.com/,,,,,,,,,,,,,,,,,,,,0
8e6972dd5905b803c356ac4a,民族学院,交通设施,公交车站,黑龙江省,哈尔滨市,平房区,361路;399路,,0,0,126.657033,45.586942,,,http://map.baidu.com/,,,,,,,,,,,,,,,,,,,,0
5364b3ee29ebc3955ebe863c,建安街,交通设施,公交车站,黑龙江省,哈尔滨市,平房区,210路;343路;361路;361路工农支线,,0,0,126.666665,45.592614,,,http://map.baidu.com/,,,,,,,,,,,,,,,,,,,,0
2b328cf439659e63b75f1e23,滨电路(建安四道街口),交通设施,公交车站,黑龙江省,哈尔滨市,平房区,220路支线,,0,0,126.659675,45.590492,,,http://map.baidu.com/,,,,,,,,,,,,,,,,,,,,0
565563d42bd438ee2de67b7b,哈飞家园,交通设施,公交车站,黑龙江省,哈尔滨市,平房区,399路,,0,0,126.660465,45.609914,,,http://map.baidu.com/,,,,,,,,,,,,,,,,,,,,0
4d73fd724dba6c600bf5ebb3,老贸易,交通设施,公交车站,黑龙江省,哈尔滨市,平房区,210路;哈南新区环线2路,,0,0,126.639029,45.607433,,,http://map.baidu.com/,,,,,,,,,,,,,,,,,,,,0
9bc336643a6778d395ca07ba,东方学院,交通设施,公交车站,黑龙江省,哈尔滨市,平房区,361路,,0,0,126.667865,45.584453,,,http://map.baidu.com/,,,,,,,,,,,,,,,,,,,,0
68dbe75a1f6a5394f90cad52,青年街,交通设施,公交车站,黑龙江省,哈尔滨市,平房区,210路;220路支线;343路;399路;哈南新区环线2路,,0,0,126.645872,45.608569,,,http://map.baidu.com/,,,,,,,,,,,,,,,,,,,,0
abc74d84310c1dfeb2077dbb,哈南十一路,交通设施,公交车站,黑龙江省,哈尔滨市,平房区,370路区间;399路;399路支线,,0,0,126.636114,45.589761,,,http://map.baidu.com/,,,,,,,,,,,,,,,,,,,,0
e3d52e0f3ab9b1b545572663,秀水名苑小区西门,交通设施,公交车站,黑龙江省,哈尔滨市,平房区,361路马家沟支线;361路叶家支线,,0,0,126.642825,45.590349,,,http://map.baidu.com/,,,,,,,,,,,,,,,,,,,,0
c5c9eb0548045569f23cba33,平房区政府,交通设施,公交车站,黑龙江省,哈尔滨市,平房区,220路支线;343路;361路;361路工农支线;361路马家沟支线;361路叶家支线;370路区间,,0,0,126.643897,45.60462,,,http://map.baidu.com/,,,,,,,,,,,,,,,,,,,,0
8c4edc1c9f2ddab92cb90855,滨电路(建安四道街口),交通设施,公交车站,黑龙江省,哈尔滨市,平房区,220路支线,,0,0,126.659792,45.591124,,,http://map.baidu.com/,,,,,,,,,,,,,,,,,,,,0
3b9fce27751049e85d0d023f,通宾街,交通设施,公交车站,黑龙江省,哈尔滨市,平房区,399路,,0,0,126.653167,45.608169,,,http://map.baidu.com/,,,,,,,,,,,,,,,,,,,,0
c36a72b9955ff00503ec017e,教堂,交通设施,公交车站,黑龙江省,哈尔滨市,平房区,210路,,0,0,126.638138,45.599677,,,http://map.baidu.com/,,,,,,,,,,,,,,,,,,,,0
894ead223e3c6bd87cc876a4,教堂,交通设施,公交车站,黑龙江省,哈尔滨市,平房区,210路,,0,0,126.637944,45.599914,,,http://map.baidu.com/,,,,,,,,,,,,,,,,,,,,0
b8cc5485b220915a1e580015,保国一校,交通设施,公交车站,黑龙江省,哈尔滨市,平房区,370路区间;399路夜班车;哈南新区环线1路,,0,0,126.673353,45.592167,,,http://map.baidu.com/,,,,,,,,,,,,,,,,,,,,0
4665ee80ddbd60a4e215f93c,平房公园北门,交通设施,公交车站,黑龙江省,哈尔滨市,平房区,370路区间,,0,0,126.639516,45.602859,,,http://map.baidu.com/,,,,,,,,,,,,,,,,,,,,0
8b4996c7fad6d7b5f423106a,秀水名苑小区西门,交通设施,公交车站,黑龙江省,哈尔滨市,平房区,361路马家沟支线;361路叶家支线,,0,0,126.642826,45.59035,,,http://map.baidu.com/,,,,,,,,,,,,,,,,,,,,0
6f2b908e0f1734bb35b06c76,秀水名苑小区,交通设施,公交车站,黑龙江省,哈尔滨市,平房区,361路;361路马家沟支线;361路叶家支线;370路区间;399路,,0,0,126.651591,45.587002,,,http://map.baidu.com/,,,,,,,,,,,,,,,,,,,,0
284e0849fa7bcaf38e772731,宇光万和城,交通设施,公交车站,黑龙江省,哈尔滨市,平房区,361路马家沟支线;361路叶家支线;399路;399路夜班车;哈南新区环线1路,,0,0,126.648134,45.57864,,,http://map.baidu.com/,,,,,,,,,,,,,,,,,,,,0
9ab18bbd60c1390dbadf8f67,和苑小区,交通设施,公交车站,黑龙江省,哈尔滨市,平房区,399路支线,,0,0,126.630707,45.603796,,,http://map.baidu.com/,,,,,,,,,,,,,,,,,,,,0
e5e713e4332746ee90114c90,建安头道街,交通设施,公交车站,黑龙江省,哈尔滨市,平房区,370路区间;399路夜班车;哈南新区环线1路,,0,0,126.666777,45.590703,,,http://map.baidu.com/,,,,,,,,,,,,,,,,,,,,0
a27f7c1759a823284d554779,东方学院西门,交通设施,公交车站,黑龙江省,哈尔滨市,平房区,399路,,0,0,126.663791,45.581868,,,http://map.baidu.com/,,,,,,,,,,,,,,,,,,,,0
927819f14f202352081cc7d3,绿色新城西区,交通设施,公交车站,黑龙江省,哈尔滨市,平房区,370路区间;哈南新区环线1路,,0,0,126.665794,45.588805,,,http://map.baidu.com/,,,,,,,,,,,,,,,,,,,,0
e66014beee35fcef2fb17e30,东方学院,交通设施,公交车站,黑龙江省,哈尔滨市,平房区,361路;399路,,0,0,126.66707,45.583309,,,http://map.baidu.com/,,,,,,,,,,,,,,,,,,,,0
09d2602a4eb4d4dbad080ff4,建文广场,交通设施,公交车站,黑龙江省,哈尔滨市,平房区,210路;220路支线;343路;399路;哈南新区环线2路,,0,0,126.642685,45.607651,,,http://map.baidu.com/,,,,,,,,,,,,,,,,,,,,0
40da621acfbb004938221c3e,哈飞文化宫,交通设施,公交车站,黑龙江省,哈尔滨市,平房区,370路;370路金星村支线;370路望哈支线;370路徐家支线,,0,0,126.644838,45.609841,,,http://map.baidu.com/,,,,,,,,,,,,,,,,,,,,0
5cfbfeb124d98df7d4851fcc,平房公安分局,交通设施,公交车站,黑龙江省,哈尔滨市,平房区,370路区间;399路夜班车;哈南新区环线1路,,0,0,126.675716,45.592925,,,http://map.baidu.com/,,,,,,,,,,,,,,,,,,,,0
60d16d8bf34552f4b9df8ff5,东安集团,交通设施,公交车站,黑龙江省,哈尔滨市,平房区,210路;343路;361路;361路工农支线,,0,0,126.674259,45.594522,,,http://map.baidu.com/,,,,,,,,,,,,,,,,,,,,0
d879de28144f9586ae31e5ff,中医药大学哈南分院西门,交通设施,公交车站,黑龙江省,哈尔滨市,平房区,220路支线,,0,0,126.658109,45.585093,,,http://map.baidu.com/,,,,,,,,,,,,,,,,,,,,0
b10d633196d6f4d0354aaebb,哈飞家园,交通设施,公交车站,黑龙江省,哈尔滨市,平房区,399路,,0,0,126.660135,45.609859,,,http://map.baidu.com/,,,,,,,,,,,,,,,,,,,,0
df2ce5a4afc87c6a6fc02ce7,学城大道,交通设施,公交车站,黑龙江省,哈尔滨市,平房区,399路,,0,0,126.661864,45.578132,,,http://map.baidu.com/,,,,,,,,,,,,,,,,,,,,0
b93c1654256d9d53fa42b240,百利小区,交通设施,公交车站,黑龙江省,哈尔滨市,平房区,210路;399路支线;哈南新区环线2路,,0,0,126.635798,45.607202,,,http://map.baidu.com/,,,,,,,,,,,,,,,,,,,,0
681df4b1d208d146a8175a0d,平房火车站,交通设施,公交车站,黑龙江省,哈尔滨市,平房区,210路;210路东戴家支线;333路;343路;361路;361路工农支线;370路区间,,0,0,126.680306,45.592384,,,http://map.baidu.com/,,,,,,,,,,,,,,,,,,,,0
1d35a75dc0e94adeee74f86f,东方小区,交通设施,公交车站,黑龙江省,哈尔滨市,平房区,210路东戴家支线;333路;370路区间;哈南新区环线1路,,0,0,126.688067,45.595275,,,http://map.baidu.com/,,,,,,,,,,,,,,,,,,,,0
2a3173d31210838788b9886f,平房镇政府,交通设施,公交车站,黑龙江省,哈尔滨市,平房区,333路,,0,0,126.686814,45.597998,,,http://map.baidu.com/,,,,,,,,,,,,,,,,,,,,0
3cdca4f97c9bd72ae81e9748,平房镇,交通设施,公交车站,黑龙江省,哈尔滨市,平房区,333路,,0,0,126.689237,45.602264,,,http://map.baidu.com/,,,,,,,,,,,,,,,,,,,,0
3d4607588b30971f6368588e,平房镇,交通设施,公交车站,黑龙江省,哈尔滨市,平房区,333路,,0,0,126.68947,45.602679,,,http://map.baidu.com/,,,,,,,,,,,,,,,,,,,,0
dd5c2b5ed959b0ade115f938,联盟大街,交通设施,公交车站,黑龙江省,哈尔滨市,平房区,210路东戴家支线;333路;370路区间,,0,0,126.683335,45.597007,,,http://map.baidu.com/,,,,,,,,,,,,,,,,,,,,0
1e926d9e8664938338e4a610,联盟大街,交通设施,公交车站,黑龙江省,哈尔滨市,平房区,210路东戴家支线;333路;370路区间,,0,0,126.683335,45.597007,,,http://map.baidu.com/,,,,,,,,,,,,,,,,,,,,0
3dc3093b2f5b69a2260bd0a0,联谊家园小区,交通设施,公交车站,黑龙江省,哈尔滨市,平房区,370路区间,,0,0,126.683499,45.591736,,,http://map.baidu.com/,,,,,,,,,,,,,,,,,,,,0
66a0c898db7d75f549fd3f13,联谊家园小区10号楼,交通设施,公交车站,黑龙江省,哈尔滨市,平房区,370路区间,,0,0,126.68356,45.591829,,,http://map.baidu.com/,,,,,,,,,,,,,,,,,,,,0
b8d2f6354656485c8d77270f,联盟大街(集智街口),交通设施,公交车站,黑龙江省,哈尔滨市,平房区,哈南新区环线1路,,0,0,126.683591,45.598347,,,http://map.baidu.com/,,,,,,,,,,,,,,,,,,,,0
c7d8b48d44d307d44f6d46aa,联盟大街(集智街口),交通设施,公交车站,黑龙江省,哈尔滨市,平房区,399路夜班车;哈南新区环线1路,,0,0,126.683538,45.598489,,,http://map.baidu.com/,,,,,,,,,,,,,,,,,,,,0
77f42a6f4f099bd80b69d98c,联盟大街(集智街口),交通设施,公交车站,黑龙江省,哈尔滨市,平房区,哈南新区环线1路,,0,0,126.683553,45.598563,,,http://map.baidu.com/,,,,,,,,,,,,,,,,,,,,0
e763d13bc47359b540e19258,联盟大街(集智街口),交通设施,公交车站,黑龙江省,哈尔滨市,平房区,399路夜班车,,0,0,126.683469,45.598555,,,http://map.baidu.com/,,,,,,,,,,,,,,,,,,,,0
d28b3c9d8d1b42ad49fc8d9b,平房屯,交通设施,公交车站,黑龙江省,哈尔滨市,平房区,哈南新区环线1路,,0,0,126.698679,45.603922,,,http://map.baidu.com/,,,,,,,,,,,,,,,,,,,,0
b0e316b11cefe90fcafa5fb4,山嘴村,交通设施,公交车站,黑龙江省,哈尔滨市,平房区,210路东戴家支线,,0,0,126.707831,45.590528,,,http://map.baidu.com/,,,,,,,,,,,,,,,,,,,,0
f7fc33719fe1989e1d58005a,平房火车站,交通设施,公交车站,黑龙江省,哈尔滨市,平房区,343路;361路;370路区间,,0,0,126.680532,45.592172,,,http://map.baidu.com/,,,,,,,,,,,,,,,,,,,,0
5bc3f64d420372bf5d17c39f,彩虹路,交通设施,公交车站,黑龙江省,哈尔滨市,平房区,333路;371路区间,,0,0,126.70326,45.610692,,,http://map.baidu.com/,,,,,,,,,,,,,,,,,,,,0
0c732eec72a96b6ba2a934ea,平房屯,交通设施,公交车站,黑龙江省,哈尔滨市,平房区,333路;哈南新区环线1路,,0,0,126.696433,45.606188,,,http://map.baidu.com/,,,,,,,,,,,,,,,,,,,,0
a2f2a2ab30ae5c158605bfa2,联盟大街(三门),交通设施,公交车站,黑龙江省,哈尔滨市,平房区,210路东戴家支线;333路;370路区间,,0,0,126.683422,45.597017,,,http://map.baidu.com/,,,,,,,,,,,,,,,,,,,,0
825d0b87f1080e5d9868b46b,韩家店,交通设施,公交车站,黑龙江省,哈尔滨市,平房区,361路,,0,0,126.675403,45.583025,,,http://map.baidu.com/,,,,,,,,,,,,,,,,,,,,0
c88d18177f25cf3e72210b88,第一百中学,交通设施,公交车站,黑龙江省,哈尔滨市,平房区,哈南新区环线1路,,0,0,126.698173,45.608383,,,http://map.baidu.com/,,,,,,,,,,,,,,,,,,,,0
7d352a567e024437246e98ea,韩家店,交通设施,公交车站,黑龙江省,哈尔滨市,平房区,361路,,0,0,126.675459,45.583178,,,http://map.baidu.com/,,,,,,,,,,,,,,,,,,,,0
79e8a4b30150d2b7f8dc850a,联盟大街,交通设施,公交车站,黑龙江省,哈尔滨市,平房区,361路,,0,0,126.676611,45.585936,,,http://map.baidu.com/,,,,,,,,,,,,,,,,,,,,0
41b048117db161fbe115f9a4,第一百中学,交通设施,公交车站,黑龙江省,哈尔滨市,平房区,333路;371路区间,,0,0,126.701049,45.61039,,,http://map.baidu.com/,,,,,,,,,,,,,,,,,,,,0
b8cc5485b220915a1e580015,保国一校,交通设施,公交车站,黑龙江省,哈尔滨市,平房区,370路区间;399路夜班车;哈南新区环线1路,,0,0,126.673353,45.592167,,,http://map.baidu.com/,,,,,,,,,,,,,,,,,,,,0
d1c6960fd3a28362081cc7b5,平房镇,交通设施,公交车站,黑龙江省,哈尔滨市,平房区,333路,,0,0,126.689004,45.60185,,,http://map.baidu.com/,,,,,,,,,,,,,,,,,,,,0
f28ebb7af8b8db66c6effbbf,东方小区403号楼,交通设施,公交车站,黑龙江省,哈尔滨市,平房区,370路区间,,0,0,126.68541,45.595056,,,http://map.baidu.com/,,,,,,,,,,,,,,,,,,,,0
da19e201d48b36459e95de3a,山嘴村,交通设施,公交车站,黑龙江省,哈尔滨市,平房区,210路东戴家支线,,0,0,126.707833,45.590527,,,http://map.baidu.com/,,,,,,,,,,,,,,,,,,,,0
96154bce063bd686081cc79b,联谊家园小区10号楼,交通设施,公交车站,黑龙江省,哈尔滨市,平房区,370路区间,,0,0,126.684462,45.593402,,,http://map.baidu.com/,,,,,,,,,,,,,,,,,,,,0
942fc18438c8b3a2d8eced3b,第一百中学,交通设施,公交车站,黑龙江省,哈尔滨市,平房区,333路;371路区间;哈南新区环线1路,,0,0,126.699497,45.609431,,,http://map.baidu.com/,,,,,,,,,,,,,,,,,,,,0
175638b1015c6e2b03ec0154,二四二医院(联盟大街),交通设施,公交车站,黑龙江省,哈尔滨市,平房区,361路,,0,0,126.678405,45.58898,,,http://map.baidu.com/,,,,,,,,,,,,,,,,,,,,0
843ffec85be5ab33157643e2,平房村道口,交通设施,公交车站,黑龙江省,哈尔滨市,平房区,333路,,0,0,126.690383,45.604502,,,http://map.baidu.com/,,,,,,,,,,,,,,,,,,,,0
0381d5fcb11a74979403199f,联谊家园小区,交通设施,公交车站,黑龙江省,哈尔滨市,平房区,370路区间,,0,0,126.683333,45.591268,,,http://map.baidu.com/,,,,,,,,,,,,,,,,,,,,0
6060e640698ce393b8bd6314,山嘴村,交通设施,公交车站,黑龙江省,哈尔滨市,平房区,210路东戴家支线,,0,0,126.707829,45.590529,,,http://map.baidu.com/,,,,,,,,,,,,,,,,,,,,0
a69332a7a15f702779b55cf5,三明,交通设施,公交车站,黑龙江省,哈尔滨市,平房区,361路工农支线,,0,0,126.683591,45.580417,,,http://map.baidu.com/,,,,,,,,,,,,,,,,,,,,0
60231fdfa31a2decc4f50d22,工农村卫生所,交通设施,公交车站,黑龙江省,哈尔滨市,平房区,361路工农支线,,0,0,126.696751,45.576994,,,http://map.baidu.com/,,,,,,,,,,,,,,,,,,,,0
5cfbfeb124d98df7d4851fcc,平房公安分局,交通设施,公交车站,黑龙江省,哈尔滨市,平房区,370路区间;399路夜班车;哈南新区环线1路,,0,0,126.675716,45.592925,,,http://map.baidu.com/,,,,,,,,,,,,,,,,,,,,0
60d16d8bf34552f4b9df8ff5,东安集团,交通设施,公交车站,黑龙江省,哈尔滨市,平房区,210路;343路;361路;361路工农支线,,0,0,126.674259,45.594522,,,http://map.baidu.com/,,,,,,,,,,,,,,,,,,,,0
9dd55ad2e04a2ff376e5b64b,工农文化站,交通设施,公交车站,黑龙江省,哈尔滨市,平房区,361路工农支线,,0,0,126.687988,45.579726,,,http://map.baidu.com/,,,,,,,,,,,,,,,,,,,,0
b8405c3a8cdece6b9c09f792,东升家园小区,交通设施,公交车站,黑龙江省,哈尔滨市,平房区,哈南新区环线1路,,0,0,126.678623,45.597533,,,http://map.baidu.com/,,,,,,,,,,,,,,,,,,,,0
b0af0b416c3529148bdb733a,联盟大街,交通设施,公交车站,黑龙江省,哈尔滨市,平房区,361路,,0,0,126.676611,45.585936,,,http://map.baidu.com/,,,,,,,,,,,,,,,,,,,,0
75f9d2554e2d2ba5f60e77d8,联盟大街(滨江),交通设施,公交车站,黑龙江省,哈尔滨市,平房区,361路,,0,0,126.676866,45.586422,,,http://map.baidu.com/,,,,,,,,,,,,,,,,,,,,0
d31c155913bc641cf03cbae1,集智街(保国大街口),交通设施,公交车站,黑龙江省,哈尔滨市,平房区,哈南新区环线1路,,0,0,126.674655,45.59625,,,http://map.baidu.com/,,,,,,,,,,,,,,,,,,,,0
283e5ab46aedf1853010af54,曙光村,交通设施,公交车站,黑龙江省,哈尔滨市,平房区,371路区间,,0,0,126.73498,45.597801,,,http://map.baidu.com/,,,,,,,,,,,,,,,,,,,,0
5f702569b0bcdeff095cb3e4,曙光村,交通设施,公交车站,黑龙江省,哈尔滨市,平房区,371路区间,,0,0,126.73498,45.597801,,,http://map.baidu.com/,,,,,,,,,,,,,,,,,,,,0
3dad92bcb17142172e473361,柳条沟屯,交通设施,公交车站,黑龙江省,哈尔滨市,平房区,210路东戴家支线,,0,0,126.739347,45.596645,,,http://map.baidu.com/,,,,,,,,,,,,,,,,,,,,0
70c6b08360a296e1e3110381,啤酒公园,交通设施,公交车站,黑龙江省,哈尔滨市,平房区,371路区间,,0,0,126.726263,45.60047,,,http://map.baidu.com/,,,,,,,,,,,,,,,,,,,,0
d8bf57d4f22bc0d7f03cba99,啤酒公园,交通设施,公交车站,黑龙江省,哈尔滨市,平房区,371路区间,,0,0,126.726263,45.60047,,,http://map.baidu.com/,,,,,,,,,,,,,,,,,,,,0
310497f739a1db076c20b97a,腰屯,交通设施,公交车站,黑龙江省,哈尔滨市,平房区,210路东戴家支线,,0,0,126.727019,45.590569,,,http://map.baidu.com/,,,,,,,,,,,,,,,,,,,,0
d939e4b1dc9f791e16a190b7,春晖路,交通设施,公交车站,黑龙江省,哈尔滨市,平房区,371路区间,,0,0,126.732503,45.60203,,,http://map.baidu.com/,,,,,,,,,,,,,,,,,,,,0
7330eb85fb7e1c744e776e11,南戴家,交通设施,公交车站,黑龙江省,哈尔滨市,平房区,210路东戴家支线,,0,0,126.746346,45.605285,,,http://map.baidu.com/,,,,,,,,,,,,,,,,,,,,0
28a5a43d65b919a03a04b116,祥云路(哈啤路口),交通设施,公交车站,黑龙江省,哈尔滨市,平房区,371路区间,,0,0,126.721802,45.599959,,,http://map.baidu.com/,,,,,,,,,,,,,,,,,,,,0
3514ee8ef4665524260bd0b5,祥云路(哈啤路口),交通设施,公交车站,黑龙江省,哈尔滨市,平房区,371路区间,,0,0,126.721802,45.599959,,,http://map.baidu.com/,,,,,,,,,,,,,,,,,,,,0
4eac161d7863495a0c0e6b34,春晖路,交通设施,公交车站,黑龙江省,哈尔滨市,平房区,371路区间,,0,0,126.732503,45.60203,,,http://map.baidu.com/,,,,,,,,,,,,,,,,,,,,0
d4b03a1f02b7951cc42ba13b,祥云路(月华路口),交通设施,公交车站,黑龙江省,哈尔滨市,平房区,371路区间,,0,0,126.718818,45.606203,,,http://map.baidu.com/,,,,,,,,,,,,,,,,,,,,0
5ebe27f24a117894fa42b254,祥云路(月华路口),交通设施,公交车站,黑龙江省,哈尔滨市,平房区,371路区间,,0,0,126.718818,45.606203,,,http://map.baidu.com/,,,,,,,,,,,,,,,,,,,,0
b7d82099cd1fd57a0bf5eb1e,南戴家,交通设施,公交车站,黑龙江省,哈尔滨市,平房区,210路东戴家支线,,0,0,126.746345,45.605284,,,http://map.baidu.com/,,,,,,,,,,,,,,,,,,,,0
5159b11ddaeddb1815c90571,南戴家,交通设施,公交车站,黑龙江省,哈尔滨市,平房区,210路东戴家支线,,0,0,126.746346,45.605285,,,http://map.baidu.com/,,,,,,,,,,,,,,,,,,,,0
a560de22146b1b9116a1901c,曙光小学,交通设施,公交车站,黑龙江省,哈尔滨市,平房区,210路东戴家支线,,0,0,126.719926,45.589873,,,http://map.baidu.com/,,,,,,,,,,,,,,,,,,,,0
acaecb10a8905d8a04fef52f,马家屯,交通设施,公交车站,黑龙江省,哈尔滨市,阿城区,阿城33路,,0,0,126.859111,45.593458,,,http://map.baidu.com/,,,,,,,,,,,,,,,,,,,,0
fe8efe2b0a4e0703d3ff23de,白家,交通设施,公交车站,黑龙江省,哈尔滨市,阿城区,阿城33路,,0,0,126.86282,45.605192,,,http://map.baidu.com/,,,,,,,,,,,,,,,,,,,,0
997f26d83a9f25e9d6b74e8c,金家窝棚,交通设施,公交车站,黑龙江省,哈尔滨市,阿城区,阿城33路,,0,0,126.875001,45.59316,,,http://map.baidu.com/,,,,,,,,,,,,,,,,,,,,0
985f971d9e96cf9709a8d464,于达屯,交通设施,公交车站,黑龙江省,哈尔滨市,阿城区,阿城33路,,0,0,126.882095,45.595683,,,http://map.baidu.com/,,,,,,,,,,,,,,,,,,,,0
d57e731fb286d125028972d6,代仙屯,交通设施,公交车站,黑龙江省,哈尔滨市,阿城区,阿城33路,,0,0,126.897563,45.590017,,,http://map.baidu.com/,,,,,,,,,,,,,,,,,,,,0
5ac624f89dcc071f130daa62,怀家沟子,交通设施,公交车站,黑龙江省,哈尔滨市,阿城区,阿城33路,,0,0,126.887845,45.591531,,,http://map.baidu.com/,,,,,,,,,,,,,,,,,,,,0
985f971d9e96cf9709a8d464,于达屯,交通设施,公交车站,黑龙江省,哈尔滨市,阿城区,阿城33路,,0,0,126.882095,45.595683,,,http://map.baidu.com/,,,,,,,,,,,,,,,,,,,,0
cda35fe92d264203754ff11b,黄土岗子,交通设施,公交车站,黑龙江省,哈尔滨市,阿城区,阿城13路,,0,0,126.964083,45.593647,,,http://map.baidu.com/,,,,,,,,,,,,,,,,,,,,0
69d8e8712e8bdf30d618b73c,农贸市场,交通设施,公交车站,黑龙江省,哈尔滨市,阿城区,603路,,0,0,126.992049,45.58849,,,http://map.baidu.com/,,,,,,,,,,,,,,,,,,,,0
785c188afed6f2a4d6b74e72,民和四队,交通设施,公交车站,黑龙江省,哈尔滨市,阿城区,阿城13路,,0,0,126.967941,45.583602,,,http://map.baidu.com/,,,,,,,,,,,,,,,,,,,,0
cda35fe92d264203754ff11b,黄土岗子,交通设施,公交车站,黑龙江省,哈尔滨市,阿城区,阿城13路,,0,0,126.964083,45.593647,,,http://map.baidu.com/,,,,,,,,,,,,,,,,,,,,0
961eef5f9435531f59bbbc4f,阿城北站,交通设施,公交车站,黑龙江省,哈尔滨市,阿城区,阿城34路,,0,0,127.029092,45.594966,,,http://map.baidu.com/,,,,,,,,,,,,,,,,,,,,0
4281c93dae3c45b8d618b7bb,新胜村,交通设施,公交车站,黑龙江省,哈尔滨市,阿城区,603路,,0,0,127.012907,45.603211,,,http://map.baidu.com/,,,,,,,,,,,,,,,,,,,,0
aa1c12c728fa89479d82ea6c,太平庄,交通设施,公交车站,黑龙江省,哈尔滨市,道里区,335路,,0,0,126.205101,45.639954,,,http://map.baidu.com/,,,,,,,,,,,,,,,,,,,,0
95227b2cc48011e7c16c1479,太平庄,交通设施,公交车站,黑龙江省,哈尔滨市,道里区,335路,,0,0,126.205101,45.639954,,,http://map.baidu.com/,,,,,,,,,,,,,,,,,,,,0
56c56dcc3b7eac45100daa72,双庙子临时站,交通设施,公交车站,黑龙江省,哈尔滨市,道里区,335路,,0,0,126.227143,45.642208,,,http://map.baidu.com/,,,,,,,,,,,,,,,,,,,,0
5a125f4a8bc42d1c51e5c52a,哈尔滨太平国际机场,交通设施,公交车站,黑龙江省,哈尔滨市,道里区,哈尔滨机场大庆线;哈尔滨机场佳木斯线;哈尔滨机场七台河线;哈尔滨机场齐齐哈尔线;机场大巴4号线;机场大巴哈站北广场线;机场大巴融创线;机场快线牡丹江线,,0,0,126.24621,45.628944,,,http://map.baidu.com/,,,,,,,,,,,,,,,,,,,,0
c68401cb96ae8306b31e3603,哈尔滨太平国际机场,交通设施,公交车站,黑龙江省,哈尔滨市,道里区,机场穿梭车,,0,0,126.246437,45.628867,,,http://map.baidu.com/,,,,,,,,,,,,,,,,,,,,0
a9d26c7e536d7097b64f54e9,哈尔滨太平国际机场,交通设施,公交车站,黑龙江省,哈尔滨市,道里区,机场穿梭车,,0,0,126.246437,45.628867,,,http://map.baidu.com/,,,,,,,,,,,,,,,,,,,,0
56ccf6b65de01c147fc87627,哈尔滨太平国际机场,交通设施,公交车站,黑龙江省,哈尔滨市,道里区,哈尔滨机场大庆线;哈尔滨机场佳木斯线;哈尔滨机场齐齐哈尔线;哈尔滨太平机场巴士;机场快线牡丹江线,,0,0,126.246471,45.629169,,,http://map.baidu.com/,,,,,,,,,,,,,,,,,,,,0
b371087221ea4d9db4265591,哈尔滨太平国际机场,交通设施,公交车站,黑龙江省,哈尔滨市,道里区,机场大巴1号线;机场大巴2号线;机场大巴3号线;机场大巴快线,,0,0,126.246651,45.629323,,,http://map.baidu.com/,,,,,,,,,,,,,,,,,,,,0
8b79c9856dc19678f11937bb,双庙子临时站,交通设施,公交车站,黑龙江省,哈尔滨市,道里区,335路,,0,0,126.227142,45.642208,,,http://map.baidu.com/,,,,,,,,,,,,,,,,,,,,0
0db7d95f6a82e35a96031933,双庙子,交通设施,公交车站,黑龙江省,哈尔滨市,道里区,335路,,0,0,126.231606,45.642524,,,http://map.baidu.com/,,,,,,,,,,,,,,,,,,,,0
5125ccaa8c122ac0b04c49c4,哈尔滨太平国际机场,交通设施,公交车站,黑龙江省,哈尔滨市,道里区,哈尔滨机场大庆线;哈尔滨机场佳木斯线;哈尔滨机场七台河线;哈尔滨机场齐齐哈尔线;哈尔滨太平机场巴士;机场大巴1号线;机场大巴2号线;机场大巴3号线;机场大巴4号线;机场大巴哈站北广场线;机场大巴快线;机场大巴融创线;机场快线牡丹江线,,0,0,126.24642,45.629125,,,http://map.baidu.com/,,,,,,,,,,,,,,,,,,,,0
8629a0621521ff0704fef563,双庙子临时站,交通设施,公交车站,黑龙江省,哈尔滨市,道里区,335路,,0,0,126.227144,45.642208,,,http://map.baidu.com/,,,,,,,,,,,,,,,,,,,,0
c762df795d968542b11e3687,先富小学,交通设施,公交车站,黑龙江省,哈尔滨市,道里区,335路,,0,0,126.237309,45.644389,,,http://map.baidu.com/,,,,,,,,,,,,,,,,,,,,0
b144487cd4f628d0c056aca1,哈尔滨机场,交通设施,公交车站,黑龙江省,哈尔滨市,道里区,哈尔滨机场七台河线,,0,0,126.259823,45.637214,,,http://map.baidu.com/,,,,,,,,,,,,,,,,,,,,0
5e696782996af752fa42b240,哈尔滨机场,交通设施,公交车站,黑龙江省,哈尔滨市,道里区,哈尔滨机场七台河线,,0,0,126.259823,45.637214,,,http://map.baidu.com/,,,,,,,,,,,,,,,,,,,,0
b371087221ea4d9db4265591,哈尔滨太平国际机场,交通设施,公交车站,黑龙江省,哈尔滨市,道里区,机场大巴1号线;机场大巴2号线;机场大巴3号线;机场大巴快线,,0,0,126.246651,45.629323,,,http://map.baidu.com/,,,,,,,,,,,,,,,,,,,,0
56ccf6b65de01c147fc87627,哈尔滨太平国际机场,交通设施,公交车站,黑龙江省,哈尔滨市,道里区,哈尔滨机场大庆线;哈尔滨机场佳木斯线;哈尔滨机场齐齐哈尔线;哈尔滨太平机场巴士;机场快线牡丹江线,,0,0,126.246471,45.629169,,,http://map.baidu.com/,,,,,,,,,,,,,,,,,,,,0
c68401cb96ae8306b31e3603,哈尔滨太平国际机场,交通设施,公交车站,黑龙江省,哈尔滨市,道里区,机场穿梭车,,0,0,126.246437,45.628867,,,http://map.baidu.com/,,,,,,,,,,,,,,,,,,,,0
a9d26c7e536d7097b64f54e9,哈尔滨太平国际机场,交通设施,公交车站,黑龙江省,哈尔滨市,道里区,机场穿梭车,,0,0,126.246437,45.628867,,,http://map.baidu.com/,,,,,,,,,,,,,,,,,,,,0
5125ccaa8c122ac0b04c49c4,哈尔滨太平国际机场,交通设施,公交车站,黑龙江省,哈尔滨市,道里区,哈尔滨机场大庆线;哈尔滨机场佳木斯线;哈尔滨机场七台河线;哈尔滨机场齐齐哈尔线;哈尔滨太平机场巴士;机场大巴1号线;机场大巴2号线;机场大巴3号线;机场大巴4号线;机场大巴哈站北广场线;机场大巴快线;机场大巴融创线;机场快线牡丹江线,,0,0,126.24642,45.629125,,,http://map.baidu.com/,,,,,,,,,,,,,,,,,,,,0
b3ba86bb5592f671e31103ec,闫家岗农场医院,交通设施,公交车站,黑龙江省,哈尔滨市,道里区,383路,,0,0,126.319056,45.638545,,,http://map.baidu.com/,,,,,,,,,,,,,,,,,,,,0
e086a0449244d218eaf85384,闫家岗,交通设施,公交车站,黑龙江省,哈尔滨市,道里区,383路,,0,0,126.319084,45.638165,,,http://map.baidu.com/,,,,,,,,,,,,,,,,,,,,0
79daa776ee036f2f43afe6ae,七号楼,交通设施,公交车站,黑龙江省,哈尔滨市,道里区,383路,,0,0,126.325509,45.636888,,,http://map.baidu.com/,,,,,,,,,,,,,,,,,,,,0
ffa6bb6f6b7d0c4128b97ce1,荷花池,交通设施,公交车站,黑龙江省,哈尔滨市,道里区,383路,,0,0,126.323046,45.636186,,,http://map.baidu.com/,,,,,,,,,,,,,,,,,,,,0
985d1adf30bbc7f11c3894c0,7号楼,交通设施,公交车站,黑龙江省,哈尔滨市,道里区,383路,,0,0,126.325509,45.636888,,,http://map.baidu.com/,,,,,,,,,,,,,,,,,,,,0
ddccbd24b2f62dad430245ea,闫家岗农场,交通设施,公交车站,黑龙江省,哈尔滨市,道里区,383路,,0,0,126.321387,45.637564,,,http://map.baidu.com/,,,,,,,,,,,,,,,,,,,,0
db6351be54e4358f33169bfe,闫家岗农场医院,交通设施,公交车站,黑龙江省,哈尔滨市,道里区,383路,,0,0,126.319056,45.638545,,,http://map.baidu.com/,,,,,,,,,,,,,,,,,,,,0
3b2ca8e527547de749fc8df4,道北食杂店,交通设施,公交车站,黑龙江省,哈尔滨市,道里区,383路,,0,0,126.333191,45.639014,,,http://map.baidu.com/,,,,,,,,,,,,,,,,,,,,0
a225774a78b706e74bcc4a4e,温家窑,交通设施,公交车站,黑龙江省,哈尔滨市,道里区,335路;383路,,0,0,126.34529,45.642236,,,http://map.baidu.com/,,,,,,,,,,,,,,,,,,,,0
bc0525d75a1ceee5aeb22aaf,板厂道口,交通设施,公交车站,黑龙江省,哈尔滨市,道里区,383路,,0,0,126.336252,45.639764,,,http://map.baidu.com/,,,,,,,,,,,,,,,,,,,,0
8927065c134a92d8471a32f0,水田道口,交通设施,公交车站,黑龙江省,哈尔滨市,道里区,335路;383路,,0,0,126.357413,45.645557,,,http://map.baidu.com/,,,,,,,,,,,,,,,,,,,,0
fd71bafe580e6ccb7c29bda1,道里区敬老院,交通设施,公交车站,黑龙江省,哈尔滨市,道里区,335路;383路,,0,0,126.350403,45.64354,,,http://map.baidu.com/,,,,,,,,,,,,,,,,,,,,0
3a4801e04e48e84d9ff77945,道里区敬老院,交通设施,公交车站,黑龙江省,哈尔滨市,道里区,335路;383路,,0,0,126.350745,45.643692,,,http://map.baidu.com/,,,,,,,,,,,,,,,,,,,,0
c06e175f979b383f8bf15df2,板厂道口,交通设施,公交车站,黑龙江省,哈尔滨市,道里区,383路,,0,0,126.33702,45.639963,,,http://map.baidu.com/,,,,,,,,,,,,,,,,,,,,0
07992dcc1c03bcde71210bd9,道里区敬老院,交通设施,公交车站,黑龙江省,哈尔滨市,道里区,335路;383路,,0,0,126.351087,45.643843,,,http://map.baidu.com/,,,,,,,,,,,,,,,,,,,,0
cd151042567c82fd246e98ca,民主村,交通设施,公交车站,黑龙江省,哈尔滨市,道里区,345路民主村支线,,0,0,126.41511,45.63404,,,http://map.baidu.com/,,,,,,,,,,,,,,,,,,,,0
581f678568318ec071455b16,葡萄园,交通设施,公交车站,黑龙江省,哈尔滨市,道里区,345路,,0,0,126.437494,45.623085,,,http://map.baidu.com/,,,,,,,,,,,,,,,,,,,,0
b6d17cb3ae0903b8a7da39a8,宏望饲料,交通设施,公交车站,黑龙江省,哈尔滨市,道里区,345路,,0,0,126.443735,45.625983,,,http://map.baidu.com/,,,,,,,,,,,,,,,,,,,,0
fffc2a7bf7c98f57d22dd681,蒋化屯,交通设施,公交车站,黑龙江省,哈尔滨市,道里区,345路,,0,0,126.452047,45.62985,,,http://map.baidu.com/,,,,,,,,,,,,,,,,,,,,0
43b3abec871f400728201ac5,油坊道口,交通设施,公交车站,黑龙江省,哈尔滨市,道里区,362路,,0,0,126.459499,45.629021,,,http://map.baidu.com/,,,,,,,,,,,,,,,,,,,,0
1e36daa416077dc02bb97c30,蒋化,交通设施,公交车站,黑龙江省,哈尔滨市,道里区,345路;362路,,0,0,126.45827,45.632651,,,http://map.baidu.com/,,,,,,,,,,,,,,,,,,,,0
b65d61895958d22d3904b1e0,蒋化,交通设施,公交车站,黑龙江省,哈尔滨市,道里区,345路,,0,0,126.45809,45.632823,,,http://map.baidu.com/,,,,,,,,,,,,,,,,,,,,0
b8bee3aec9d80b8ea5da3965,蒋化,交通设施,公交车站,黑龙江省,哈尔滨市,道里区,345路,,0,0,126.458105,45.632832,,,http://map.baidu.com/,,,,,,,,,,,,,,,,,,,,0
a4c260780f65cb15f8dc850c,十二户,交通设施,公交车站,黑龙江省,哈尔滨市,道里区,362路,,0,0,126.460621,45.625289,,,http://map.baidu.com/,,,,,,,,,,,,,,,,,,,,0
6e112be92f101394d23ce33f,泰山岗屯,交通设施,公交车站,黑龙江省,哈尔滨市,道里区,345路,,0,0,126.426496,45.618311,,,http://map.baidu.com/,,,,,,,,,,,,,,,,,,,,0
2d7fdef7a9db75aa31870af3,蒋化屯,交通设施,公交车站,黑龙江省,哈尔滨市,道里区,345路,,0,0,126.452059,45.629856,,,http://map.baidu.com/,,,,,,,,,,,,,,,,,,,,0
6083f23746e779b1fea778c4,二手车市场,交通设施,公交车站,黑龙江省,哈尔滨市,道里区,345路;362路,,0,0,126.457557,45.635961,,,http://map.baidu.com/,,,,,,,,,,,,,,,,,,,,0
4a42d3da51e16902f32d83f1,夹沟村,交通设施,公交车站,黑龙江省,哈尔滨市,道里区,345路民主村支线,,0,0,126.421882,45.640014,,,http://map.baidu.com/,,,,,,,,,,,,,,,,,,,,0
9591cab601130d2f1ef74dc3,泰山岗屯,交通设施,公交车站,黑龙江省,哈尔滨市,道里区,345路,,0,0,126.426337,45.618259,,,http://map.baidu.com/,,,,,,,,,,,,,,,,,,,,0
e9a76226d6f579b8873304ca,新榆北一路,交通设施,公交车站,黑龙江省,哈尔滨市,道里区,345路;362路,,0,0,126.45629,45.640658,,,http://map.baidu.com/,,,,,,,,,,,,,,,,,,,,0
43b3abec871f400728201ac5,油坊道口,交通设施,公交车站,黑龙江省,哈尔滨市,道里区,362路,,0,0,126.459499,45.629021,,,http://map.baidu.com/,,,,,,,,,,,,,,,,,,,,0
1e36daa416077dc02bb97c30,蒋化,交通设施,公交车站,黑龙江省,哈尔滨市,道里区,345路;362路,,0,0,126.45827,45.632651,,,http://map.baidu.com/,,,,,,,,,,,,,,,,,,,,0
b8bee3aec9d80b8ea5da3965,蒋化,交通设施,公交车站,黑龙江省,哈尔滨市,道里区,345路,,0,0,126.458105,45.632832,,,http://map.baidu.com/,,,,,,,,,,,,,,,,,,,,0
b65d61895958d22d3904b1e0,蒋化,交通设施,公交车站,黑龙江省,哈尔滨市,道里区,345路,,0,0,126.45809,45.632823,,,http://map.baidu.com/,,,,,,,,,,,,,,,,,,,,0
a4c260780f65cb15f8dc850c,十二户,交通设施,公交车站,黑龙江省,哈尔滨市,道里区,362路,,0,0,126.460621,45.625289,,,http://map.baidu.com/,,,,,,,,,,,,,,,,,,,,0
ed761f9076792d137bf7960c,五一村,交通设施,公交车站,黑龙江省,哈尔滨市,道里区,369路五一村支线,,0,0,126.497357,45.639804,,,http://map.baidu.com/,,,,,,,,,,,,,,,,,,,,0
a66c768e97050d5e343a71be,中北纸箱厂,交通设施,公交车站,黑龙江省,哈尔滨市,道里区,369路五一村支线,,0,0,126.496955,45.642869,,,http://map.baidu.com/,,,,,,,,,,,,,,,,,,,,0
88bbcd805e33e4014bcc4a70,五四屯,交通设施,公交车站,黑龙江省,哈尔滨市,道里区,382路,,0,0,126.525124,45.625975,,,http://map.baidu.com/,,,,,,,,,,,,,,,,,,,,0
e3aa725b0c0b540715c8f695,三姓屯,交通设施,公交车站,黑龙江省,哈尔滨市,道里区,382路,,0,0,126.527291,45.631217,,,http://map.baidu.com/,,,,,,,,,,,,,,,,,,,,0
558f1497221cee9ce60738ed,三姓屯,交通设施,公交车站,黑龙江省,哈尔滨市,道里区,382路,,0,0,126.528046,45.631517,,,http://map.baidu.com/,,,,,,,,,,,,,,,,,,,,0
5365799ae24abf1243afe670,五四屯,交通设施,公交车站,黑龙江省,哈尔滨市,南岗区,382路,,0,0,126.523598,45.622279,,,http://map.baidu.com/,,,,,,,,,,,,,,,,,,,,0
8046de6afaf5ae4edeee8b60,三姓屯,交通设施,公交车站,黑龙江省,哈尔滨市,道里区,382路,,0,0,126.5288,45.631817,,,http://map.baidu.com/,,,,,,,,,,,,,,,,,,,,0
70cea5e742da901507026f91,五四屯,交通设施,公交车站,黑龙江省,哈尔滨市,南岗区,382路,,0,0,126.524361,45.624127,,,http://map.baidu.com/,,,,,,,,,,,,,,,,,,,,0
0c37c75e8f43df9716c905b2,力源砖厂,交通设施,公交车站,黑龙江省,哈尔滨市,南岗区,382路,,0,0,126.530148,45.63813,,,http://map.baidu.com/,,,,,,,,,,,,,,,,,,,,0
8933e93a6e19e427f4e73bcc,力源砖厂,交通设施,公交车站,黑龙江省,哈尔滨市,南岗区,382路,,0,0,126.529841,45.637385,,,http://map.baidu.com/,,,,,,,,,,,,,,,,,,,,0
8890297a5b317549d2ff23b1,力源砖厂,交通设施,公交车站,黑龙江省,哈尔滨市,南岗区,382路,,0,0,126.530456,45.638875,,,http://map.baidu.com/,,,,,,,,,,,,,,,,,,,,0
91f2c9d6564b2141f33cba20,前兴隆,交通设施,公交车站,黑龙江省,哈尔滨市,南岗区,381路,,0,0,126.556653,45.630281,,,http://map.baidu.com/,,,,,,,,,,,,,,,,,,,,0
0c5e261bb21ca0a08bf15de1,前兴隆道口,交通设施,公交车站,黑龙江省,哈尔滨市,南岗区,381路,,0,0,126.554968,45.635572,,,http://map.baidu.com/,,,,,,,,,,,,,,,,,,,,0
1950d59096894b563310afd6,黑龙江对外经济学院,交通设施,公交车站,黑龙江省,哈尔滨市,南岗区,381路,,0,0,126.557416,45.639312,,,http://map.baidu.com/,,,,,,,,,,,,,,,,,,,,0
fcff217766f99ee0b320a86b,新星街公交首末站,交通设施,公交车站,黑龙江省,哈尔滨市,平房区,348路,,0,0,126.619888,45.612597,,,http://map.baidu.com/,,,,,,,,,,,,,,,,,,,,0
0f5662a722351d6c343a71fc,正黄二屯,交通设施,公交车站,黑龙江省,哈尔滨市,香坊区,253路正黄二屯支线,,0,0,126.597789,45.627012,,,http://map.baidu.com/,,,,,,,,,,,,,,,,,,,,0
976326bd33f0243521f01734,朝阳二小,交通设施,公交车站,黑龙江省,哈尔滨市,香坊区,253路正黄二屯支线,,0,0,126.600519,45.624971,,,http://map.baidu.com/,,,,,,,,,,,,,,,,,,,,0
3645c0a20bf200580782c230,一〇二国道,交通设施,公交车站,黑龙江省,哈尔滨市,香坊区,253路正黄二屯支线,,0,0,126.607697,45.621841,,,http://map.baidu.com/,,,,,,,,,,,,,,,,,,,,0
8e0e9dca4bed55b31df74d3e,平安供销社,交通设施,公交车站,黑龙江省,哈尔滨市,香坊区,253路正黄二屯支线,,0,0,126.598867,45.626013,,,http://map.baidu.com/,,,,,,,,,,,,,,,,,,,,0
ab0c4f16031d94ee7f29bd9b,一〇二国道,交通设施,公交车站,黑龙江省,哈尔滨市,香坊区,253路正黄二屯支线,,0,0,126.607666,45.621857,,,http://map.baidu.com/,,,,,,,,,,,,,,,,,,,,0
8c22c4287a7420e9250bd079,新平街,交通设施,公交车站,黑龙江省,哈尔滨市,香坊区,253路正黄二屯支线,,0,0,126.61365,45.617854,,,http://map.baidu.com/,,,,,,,,,,,,,,,,,,,,0
84b48fec4965b51242afe648,新平街,交通设施,公交车站,黑龙江省,哈尔滨市,香坊区,253路正黄二屯支线,,0,0,126.613553,45.617793,,,http://map.baidu.com/,,,,,,,,,,,,,,,,,,,,0
2001624e41902e912afc480b,一〇二国道,交通设施,公交车站,黑龙江省,哈尔滨市,香坊区,253路正黄二屯支线,,0,0,126.607729,45.621824,,,http://map.baidu.com/,,,,,,,,,,,,,,,,,,,,0
422ae9bf018c44b625d2bb81,新平街,交通设施,公交车站,黑龙江省,哈尔滨市,平房区,253路正黄二屯支线;361路;361路工农支线,,0,0,126.620036,45.614747,,,http://map.baidu.com/,,,,,,,,,,,,,,,,,,,,0
1975830da73a6acb58109387,松花路(博能),交通设施,公交车站,黑龙江省,哈尔滨市,香坊区,253路正黄二屯支线,,0,0,126.61208,45.613976,,,http://map.baidu.com/,,,,,,,,,,,,,,,,,,,,0
e91b8ff67119ad48ce04efcb,固泰电子,交通设施,公交车站,黑龙江省,哈尔滨市,香坊区,343路,,0,0,126.651105,45.626505,,,http://map.baidu.com/,,,,,,,,,,,,,,,,,,,,0
5633584a8d1788696040a933,老五屯,交通设施,公交车站,黑龙江省,哈尔滨市,香坊区,343路,,0,0,126.644462,45.623581,,,http://map.baidu.com/,,,,,,,,,,,,,,,,,,,,0
769ce56f14888249715e80ff,固泰电子,交通设施,公交车站,黑龙江省,哈尔滨市,香坊区,253路楼上村德邦支线;253路楼上村支线;253路新华德邦支线;253路新华西闵家支线;253路正黄二屯支线;343路,,0,0,126.650929,45.62656,,,http://map.baidu.com/,,,,,,,,,,,,,,,,,,,,0
f69b21debb9e5898120daa94,大连路(哈平西路口),交通设施,公交车站,黑龙江省,哈尔滨市,香坊区,220路支线,,0,0,126.652047,45.624771,,,http://map.baidu.com/,,,,,,,,,,,,,,,,,,,,0
8fdf3e73048bc8ac4251c07b,奥禹冰壶,交通设施,公交车站,黑龙江省,哈尔滨市,香坊区,253路楼上村德邦支线;253路楼上村支线;253路新华德邦支线;253路新华西闵家支线;253路正黄二屯支线,,0,0,126.655606,45.631394,,,http://map.baidu.com/,,,,,,,,,,,,,,,,,,,,0
da52235503a5bc5cbc484232,新五屯,交通设施,公交车站,黑龙江省,哈尔滨市,香坊区,220路;343路,,0,0,126.634118,45.641308,,,http://map.baidu.com/,,,,,,,,,,,,,,,,,,,,0
8c37d3fd50181a8743afe6dd,哈平西路(征仪南路口),交通设施,公交车站,黑龙江省,哈尔滨市,香坊区,220路支线,,0,0,126.659713,45.628162,,,http://map.baidu.com/,,,,,,,,,,,,,,,,,,,,0
5d1eb910523dbe86b6147f89,征仪南路(哈平西路口),交通设施,公交车站,黑龙江省,哈尔滨市,香坊区,348路,,0,0,126.659985,45.627291,,,http://map.baidu.com/,,,,,,,,,,,,,,,,,,,,0
768532a3d32c309002294f91,征仪南路(哈平西路口),交通设施,公交车站,黑龙江省,哈尔滨市,香坊区,348路,,0,0,126.66012,45.627151,,,http://map.baidu.com/,,,,,,,,,,,,,,,,,,,,0
9109c774606043710482c20f,渤海路(地铁站口),交通设施,公交车站,黑龙江省,哈尔滨市,香坊区,哈南新区环线2路,,0,0,126.655294,45.621434,,,http://map.baidu.com/,,,,,,,,,,,,,,,,,,,,0
6536e7e01b230e62e215f9af,渤海路(地铁站口),交通设施,公交车站,黑龙江省,哈尔滨市,香坊区,哈南新区环线2路,,0,0,126.655166,45.621396,,,http://map.baidu.com/,,,,,,,,,,,,,,,,,,,,0
34bce43673033c35a31de900,渤海路,交通设施,公交车站,黑龙江省,哈尔滨市,平房区,220路;220路支线;253路楼上村德邦支线;253路楼上村支线;253路新华德邦支线;253路新华西闵家支线;253路正黄二屯支线;338路;343路;371路;371路区间;哈南新区环线2路,,0,0,126.64976,45.620569,,,http://map.baidu.com/,,,,,,,,,,,,,,,,,,,,0
50b88ca507036d7c81a12e69,医大药业,交通设施,公交车站,黑龙江省,哈尔滨市,香坊区,348路,,0,0,126.661892,45.624344,,,http://map.baidu.com/,,,,,,,,,,,,,,,,,,,,0
e3d228c59c08fbfa6f47600e,平顺街,交通设施,公交车站,黑龙江省,哈尔滨市,香坊区,220路,,0,0,126.639309,45.628304,,,http://map.baidu.com/,,,,,,,,,,,,,,,,,,,,0
da2a2e863c04f4d679dbd212,大连路(哈平西路口),交通设施,公交车站,黑龙江省,哈尔滨市,香坊区,220路支线,,0,0,126.651836,45.624955,,,http://map.baidu.com/,,,,,,,,,,,,,,,,,,,,0
2e6c39086f7397bf932ca33b,双拥路,交通设施,公交车站,黑龙江省,哈尔滨市,平房区,220路;220路支线;253路楼上村德邦支线;253路楼上村支线;253路新华德邦支线;253路新华西闵家支线;253路正黄二屯支线;338路;343路;371路,,0,0,126.648158,45.616034,,,http://map.baidu.com/,,,,,,,,,,,,,,,,,,,,0
5ba972c19821ba6aafee7ab3,大连路(哈平西路口),交通设施,公交车站,黑龙江省,哈尔滨市,香坊区,220路支线,,0,0,126.652258,45.624587,,,http://map.baidu.com/,,,,,,,,,,,,,,,,,,,,0
67aa1a50c5c6a4d488b988c7,通用液压厂,交通设施,公交车站,黑龙江省,哈尔滨市,香坊区,220路,,0,0,126.639049,45.630789,,,http://map.baidu.com/,,,,,,,,,,,,,,,,,,,,0
4f37ea45d521c76e0c0e6bc1,九三油脂集团,交通设施,公交车站,黑龙江省,哈尔滨市,香坊区,220路支线;338路;365路九三油脂支线;371路;371路区间,,0,0,126.671716,45.632773,,,http://map.baidu.com/,,,,,,,,,,,,,,,,,,,,0
a43a9a1a0ef8d6e9118824f0,烟台路(珍宝岛药业),交通设施,公交车站,黑龙江省,哈尔滨市,香坊区,338路;371路;371路区间;哈南新区环线2路,,0,0,126.659941,45.622836,,,http://map.baidu.com/,,,,,,,,,,,,,,,,,,,,0
0f627b2efb05a737cae33ca7,朝阳四校,交通设施,公交车站,黑龙江省,哈尔滨市,香坊区,220路,,0,0,126.641287,45.62583,,,http://map.baidu.com/,,,,,,,,,,,,,,,,,,,,0
55010dfa3847c3c7d72ce265,渤海路,交通设施,公交车站,黑龙江省,哈尔滨市,平房区,220路;343路,,0,0,126.64588,45.619732,,,http://map.baidu.com/,,,,,,,,,,,,,,,,,,,,0
419e4868ec456d29dc1e52e1,松花路(中国云谷),交通设施,公交车站,黑龙江省,哈尔滨市,香坊区,348路,,0,0,126.655962,45.634396,,,http://map.baidu.com/,,,,,,,,,,,,,,,,,,,,0
fb51cd4085384cdc32870a03,中国云谷,交通设施,公交车站,黑龙江省,哈尔滨市,香坊区,220路,,0,0,126.64168,45.632345,,,http://map.baidu.com/,,,,,,,,,,,,,,,,,,,,0
261a6d09d51ab6ba343a7125,双拥路,交通设施,公交车站,黑龙江省,哈尔滨市,平房区,348路,,0,0,126.649663,45.613639,,,http://map.baidu.com/,,,,,,,,,,,,,,,,,,,,0
19404e6caac7b10f9de3210b,哈平西路(征仪南路口),交通设施,公交车站,黑龙江省,哈尔滨市,香坊区,220路支线,,0,0,126.658814,45.627954,,,http://map.baidu.com/,,,,,,,,,,,,,,,,,,,,0
96e03713ae87e60230169bd2,威海路,交通设施,公交车站,黑龙江省,哈尔滨市,香坊区,338路;371路;371路区间,,0,0,126.668277,45.625457,,,http://map.baidu.com/,,,,,,,,,,,,,,,,,,,,0
60822dfec95b21aec056ac30,渤海路,交通设施,公交车站,黑龙江省,哈尔滨市,香坊区,220路支线;338路;371路,,0,0,126.653441,45.620881,,,http://map.baidu.com/,,,,,,,,,,,,,,,,,,,,0
86cae3a238a792253010af04,渤海路,交通设施,公交车站,黑龙江省,哈尔滨市,香坊区,338路;371路;371路区间;哈南新区环线2路,,0,0,126.655422,45.621473,,,http://map.baidu.com/,,,,,,,,,,,,,,,,,,,,0
b24e52530b6f7664774ff182,义发源,交通设施,公交车站,黑龙江省,哈尔滨市,香坊区,220路支线;338路;371路;371路区间,,0,0,126.668286,45.63975,,,http://map.baidu.com/,,,,,,,,,,,,,,,,,,,,0
05f419c49830561d26d2bb4e,大连三路,交通设施,公交车站,黑龙江省,哈尔滨市,平房区,253路楼上村德邦支线;253路楼上村支线;253路新华德邦支线;253路新华西闵家支线;253路正黄二屯支线,,0,0,126.647706,45.621223,,,http://map.baidu.com/,,,,,,,,,,,,,,,,,,,,0
7b8003b58daa964ca2d2306d,中国云谷,交通设施,公交车站,黑龙江省,哈尔滨市,香坊区,220路,,0,0,126.641631,45.63242,,,http://map.baidu.com/,,,,,,,,,,,,,,,,,,,,0
9016b2ad9290a592c056acc1,渤海路,交通设施,公交车站,黑龙江省,哈尔滨市,平房区,220路;253路楼上村德邦支线;253路楼上村支线;253路新华德邦支线;253路新华西闵家支线;253路正黄二屯支线;343路,,0,0,126.645541,45.620111,,,http://map.baidu.com/,,,,,,,,,,,,,,,,,,,,0
1b67eb5001c0657ce01103f1,省报印务中心,交通设施,公交车站,黑龙江省,哈尔滨市,香坊区,343路;348路,,0,0,126.648561,45.638456,,,http://map.baidu.com/,,,,,,,,,,,,,,,,,,,,0
cd24c9138ae146aabd484230,中国云谷,交通设施,公交车站,黑龙江省,哈尔滨市,香坊区,220路,,0,0,126.64168,45.632345,,,http://map.baidu.com/,,,,,,,,,,,,,,,,,,,,0
23bedaf7ec9467c143ab9a9e,渤海路,交通设施,公交车站,黑龙江省,哈尔滨市,香坊区,220路支线,,0,0,126.653382,45.620863,,,http://map.baidu.com/,,,,,,,,,,,,,,,,,,,,0
6bbdfc9e4f1c5495d6b74edb,长安集团,交通设施,公交车站,黑龙江省,哈尔滨市,香坊区,220路;343路,,0,0,126.639,45.636296,,,http://map.baidu.com/,,,,,,,,,,,,,,,,,,,,0
9a313182bad8c4682cb908a1,征仪南路(哈平西路口),交通设施,公交车站,黑龙江省,哈尔滨市,香坊区,348路,,0,0,126.65985,45.627432,,,http://map.baidu.com/,,,,,,,,,,,,,,,,,,,,0
54d397609a475d69f60e7717,哈平西路(征仪南路口),交通设施,公交车站,黑龙江省,哈尔滨市,香坊区,220路支线,,0,0,126.660613,45.62837,,,http://map.baidu.com/,,,,,,,,,,,,,,,,,,,,0
e96a496ea1ee78e232169b00,新疆大街,交通设施,公交车站,黑龙江省,哈尔滨市,平房区,210路;220路;253路楼上村德邦支线;253路楼上村支线;253路新华德邦支线;253路新华西闵家支线;253路正黄二屯支线;338路;338路二道沟环线;348路;361路;361路工农支线;361路马家沟支线;361路叶家支线;370路;370路金星村支线;370路区间;370路望哈支线;370路徐家支线;371路;399路;399路夜班车;399路支线,,0,0,126.639883,45.611738,,,http://map.baidu.com/,,,,,,,,,,,,,,,,,,,,0
e211073b20bb2563ed74f8cd,医大药业,交通设施,公交车站,黑龙江省,哈尔滨市,香坊区,348路,,0,0,126.661862,45.624239,,,http://map.baidu.com/,,,,,,,,,,,,,,,,,,,,0
c8da936f7220bfcf5abbbcb7,香悦蓝天下小区,交通设施,公交车站,黑龙江省,哈尔滨市,平房区,210路;348路;哈南新区环线2路,,0,0,126.659063,45.612478,,,http://map.baidu.com/,,,,,,,,,,,,,,,,,,,,0
69b3a283f77bb1541029359f,双拥路,交通设施,公交车站,黑龙江省,哈尔滨市,平房区,348路,,0,0,126.649667,45.613549,,,http://map.baidu.com/,,,,,,,,,,,,,,,,,,,,0
ffe552653ec54c1a0289722a,双拥路,交通设施,公交车站,黑龙江省,哈尔滨市,平房区,348路,,0,0,126.649659,45.613729,,,http://map.baidu.com/,,,,,,,,,,,,,,,,,,,,0
7b9ee7bf9272def9931fc9cd,七三一罪证陈列馆,交通设施,公交车站,黑龙江省,哈尔滨市,平房区,210路;253路楼上村德邦支线;253路楼上村支线;253路新华德邦支线;253路新华西闵家支线;253路正黄二屯支线;399路支线,,0,0,126.646196,45.613781,,,http://map.baidu.com/,,,,,,,,,,,,,,,,,,,,0
d8c26afa7afa49270f0e6b3e,统一公司,交通设施,公交车站,黑龙江省,哈尔滨市,香坊区,338路;371路;371路区间,,0,0,126.672546,45.627139,,,http://map.baidu.com/,,,,,,,,,,,,,,,,,,,,0
ce295129a8017afa8bfc06be,宏发,交通设施,公交车站,黑龙江省,哈尔滨市,香坊区,338路二道沟环线,,0,0,126.690352,45.625478,,,http://map.baidu.com/,,,,,,,,,,,,,,,,,,,,0
a03ea0175e19254793114cac,新疆东路(杭州路口),交通设施,公交车站,黑龙江省,哈尔滨市,香坊区,338路二道沟环线,,0,0,126.686056,45.629398,,,http://map.baidu.com/,,,,,,,,,,,,,,,,,,,,0
acb116b75c658ef13517dcfd,一路顺,交通设施,公交车站,黑龙江省,哈尔滨市,香坊区,338路二道沟环线,,0,0,126.690253,45.627571,,,http://map.baidu.com/,,,,,,,,,,,,,,,,,,,,0
917dc1ce88a93663bb17e76b,新疆东路(杭州路口),交通设施,公交车站,黑龙江省,哈尔滨市,香坊区,338路二道沟环线;399路支线,,0,0,126.685664,45.629215,,,http://map.baidu.com/,,,,,,,,,,,,,,,,,,,,0
c0ad9227be8f6f14a3d23013,杭州路(新疆东路口),交通设施,公交车站,黑龙江省,哈尔滨市,香坊区,399路支线,,0,0,126.685265,45.629626,,,http://map.baidu.com/,,,,,,,,,,,,,,,,,,,,0
a6ed4f6d2b612b89a21de91a,米旗食品,交通设施,公交车站,黑龙江省,哈尔滨市,香坊区,338路二道沟环线;399路支线,,0,0,126.683349,45.626941,,,http://map.baidu.com/,,,,,,,,,,,,,,,,,,,,0
4ac17677208d6456f7e73b51,正阳物流园,交通设施,公交车站,黑龙江省,哈尔滨市,平房区,371路区间;哈南新区环线1路;哈南新区环线2路,,0,0,126.689942,45.619458,,,http://map.baidu.com/,,,,,,,,,,,,,,,,,,,,0
b5278b6a8052ad719122e056,正阳家电,交通设施,公交车站,黑龙江省,哈尔滨市,平房区,哈南新区环线2路,,0,0,126.685746,45.617953,,,http://map.baidu.com/,,,,,,,,,,,,,,,,,,,,0
8a660a5df287b185a8f0cdb1,统一公司,交通设施,公交车站,黑龙江省,哈尔滨市,香坊区,338路;371路;371路区间,,0,0,126.674647,45.627874,,,http://map.baidu.com/,,,,,,,,,,,,,,,,,,,,0
3ed526a0dcca9e37cac3dbf4,正阳物流园,交通设施,公交车站,黑龙江省,哈尔滨市,平房区,371路区间;哈南新区环线1路;哈南新区环线2路,,0,0,126.689977,45.61948,,,http://map.baidu.com/,,,,,,,,,,,,,,,,,,,,0
4f37ea45d521c76e0c0e6bc1,九三油脂集团,交通设施,公交车站,黑龙江省,哈尔滨市,香坊区,220路支线;338路;365路九三油脂支线;371路;371路区间,,0,0,126.671716,45.632773,,,http://map.baidu.com/,,,,,,,,,,,,,,,,,,,,0
c419fee540ca360e9ee321c7,麦肯食品,交通设施,公交车站,黑龙江省,哈尔滨市,香坊区,371路区间,,0,0,126.677754,45.623086,,,http://map.baidu.com/,,,,,,,,,,,,,,,,,,,,0
27ee17807f79f0c4c72ba1b5,富民村(二道沟),交通设施,公交车站,黑龙江省,哈尔滨市,香坊区,338路二道沟环线,,0,0,126.687568,45.625147,,,http://map.baidu.com/,,,,,,,,,,,,,,,,,,,,0
4118a8c446cbddb3bbdf8f39,艾瑞公司,交通设施,公交车站,黑龙江省,哈尔滨市,平房区,哈南新区环线2路,,0,0,126.67672,45.614952,,,http://map.baidu.com/,,,,,,,,,,,,,,,,,,,,0
60cafe2991dede22266e98dd,中国飞龙,交通设施,公交车站,黑龙江省,哈尔滨市,平房区,哈南新区环线2路,,0,0,126.68157,45.616539,,,http://map.baidu.com/,,,,,,,,,,,,,,,,,,,,0
265c6ef0f4a7335e5e0d022f,朝阳小学,交通设施,公交车站,黑龙江省,哈尔滨市,香坊区,365路九三油脂支线;399路支线,,0,0,126.680433,45.64049,,,http://map.baidu.com/,,,,,,,,,,,,,,,,,,,,0
abbc73912275abede5e96552,九三油脂,交通设施,公交车站,黑龙江省,哈尔滨市,香坊区,399路支线,,0,0,126.677948,45.633408,,,http://map.baidu.com/,,,,,,,,,,,,,,,,,,,,0
dca43ac28d16422631870a3c,麦肯食品,交通设施,公交车站,黑龙江省,哈尔滨市,香坊区,338路二道沟环线;371路区间;399路支线,,0,0,126.677519,45.623397,,,http://map.baidu.com/,,,,,,,,,,,,,,,,,,,,0
e038763b7439f8de0a5cb38d,哈平东路(温州路口),交通设施,公交车站,黑龙江省,哈尔滨市,香坊区,365路九三油脂支线,,0,0,126.682649,45.635499,,,http://map.baidu.com/,,,,,,,,,,,,,,,,,,,,0
135c7d0e93ff0c7ef03cbab3,温州路(哈平东路口),交通设施,公交车站,黑龙江省,哈尔滨市,香坊区,365路九三油脂支线;399路支线,,0,0,126.682808,45.635857,,,http://map.baidu.com/,,,,,,,,,,,,,,,,,,,,0
2a89b448f60575be2bd7ab58,温州路(哈平东路口),交通设施,公交车站,黑龙江省,哈尔滨市,香坊区,365路九三油脂支线;399路支线,,0,0,126.682835,45.635873,,,http://map.baidu.com/,,,,,,,,,,,,,,,,,,,,0
bec35ba9f0db607543afe609,艾瑞公司,交通设施,公交车站,黑龙江省,哈尔滨市,平房区,哈南新区环线2路,,0,0,126.676394,45.614847,,,http://map.baidu.com/,,,,,,,,,,,,,,,,,,,,0
46e3f2a6c5c87565f8dc859a,哈平东路(杭州路口),交通设施,公交车站,黑龙江省,哈尔滨市,香坊区,365路九三油脂支线,,0,0,126.678066,45.633923,,,http://map.baidu.com/,,,,,,,,,,,,,,,,,,,,0
3e76ecb76521d757c7f02596,哈平东路(杭州路口),交通设施,公交车站,黑龙江省,哈尔滨市,香坊区,365路九三油脂支线,,0,0,126.678113,45.634001,,,http://map.baidu.com/,,,,,,,,,,,,,,,,,,,,0
9d5f2559f9c312fd5d0d0241,杭州路(新疆东路口),交通设施,公交车站,黑龙江省,哈尔滨市,香坊区,399路支线,,0,0,126.685265,45.629626,,,http://map.baidu.com/,,,,,,,,,,,,,,,,,,,,0
6a7a10fc85ec441fa2046405,新疆东路(杭州路口),交通设施,公交车站,黑龙江省,哈尔滨市,香坊区,399路支线,,0,0,126.685273,45.629031,,,http://map.baidu.com/,,,,,,,,,,,,,,,,,,,,0
b9b6b4268d7d3ad7354aaed4,青岛路(东海路口),交通设施,公交车站,黑龙江省,哈尔滨市,平房区,371路区间,,0,0,126.680344,45.619096,,,http://map.baidu.com/,,,,,,,,,,,,,,,,,,,,0
6ed1f791a8cd5ffddf1e52fe,麦芽厂,交通设施,公交车站,黑龙江省,哈尔滨市,香坊区,365路九三油脂支线,,0,0,126.688064,45.641835,,,http://map.baidu.com/,,,,,,,,,,,,,,,,,,,,0
b081513a01dd83501894c6f2,温州路(松花路口),交通设施,公交车站,黑龙江省,哈尔滨市,香坊区,365路九三油脂支线;399路支线,,0,0,126.68046,45.640542,,,http://map.baidu.com/,,,,,,,,,,,,,,,,,,,,0
01b72bb4c0e673b90a1cc733,威海路新疆东路,交通设施,公交车站,黑龙江省,哈尔滨市,香坊区,哈南新区环线2路,,0,0,126.671576,45.620877,,,http://map.baidu.com/,,,,,,,,,,,,,,,,,,,,0
fbafb920e40006dbd1f49e20,威海路新疆东路,交通设施,公交车站,黑龙江省,哈尔滨市,香坊区,哈南新区环线2路,,0,0,126.671576,45.620877,,,http://map.baidu.com/,,,,,,,,,,,,,,,,,,,,0
5563fb5041305a2dd7851feb,新疆东路(威海路口),交通设施,公交车站,黑龙江省,哈尔滨市,香坊区,338路二道沟环线;371路区间;399路支线,,0,0,126.671832,45.621495,,,http://map.baidu.com/,,,,,,,,,,,,,,,,,,,,0
96e03713ae87e60230169bd2,威海路,交通设施,公交车站,黑龙江省,哈尔滨市,香坊区,338路;371路;371路区间,,0,0,126.668277,45.625457,,,http://map.baidu.com/,,,,,,,,,,,,,,,,,,,,0
7abf5436861af5d5dbd8917d,哈平西路(青岛一路口),交通设施,公交车站,黑龙江省,哈尔滨市,香坊区,220路支线,,0,0,126.668576,45.630877,,,http://map.baidu.com/,,,,,,,,,,,,,,,,,,,,0
833da24fd33d41fef942b2fc,威海路(新疆东路口),交通设施,公交车站,黑龙江省,哈尔滨市,香坊区,338路二道沟环线;371路区间;399路支线;哈南新区环线2路,,0,0,126.670272,45.621244,,,http://map.baidu.com/,,,,,,,,,,,,,,,,,,,,0
3a104d060ddfc0850a5cb316,威海路(东海路口),交通设施,公交车站,黑龙江省,哈尔滨市,平房区,哈南新区环线2路,,0,0,126.674025,45.617033,,,http://map.baidu.com/,,,,,,,,,,,,,,,,,,,,0
e92762207381ff4b1df74de9,新疆东路(威海路口),交通设施,公交车站,黑龙江省,哈尔滨市,香坊区,338路二道沟环线;371路区间;399路支线;哈南新区环线2路,,0,0,126.671052,45.621369,,,http://map.baidu.com/,,,,,,,,,,,,,,,,,,,,0
63fb26859547af2c336212ef,富民村口,交通设施,公交车站,黑龙江省,哈尔滨市,香坊区,338路二道沟环线,,0,0,126.685157,45.625074,,,http://map.baidu.com/,,,,,,,,,,,,,,,,,,,,0
a4cde2b6070529e92eb17eb0,中国飞龙,交通设施,公交车站,黑龙江省,哈尔滨市,平房区,哈南新区环线2路,,0,0,126.681493,45.616512,,,http://map.baidu.com/,,,,,,,,,,,,,,,,,,,,0
4f8fcb15b8fca9bdb35c6a92,东升敬老院,交通设施,公交车站,黑龙江省,哈尔滨市,香坊区,365路九三油脂支线,,0,0,126.70222,45.641482,,,http://map.baidu.com/,,,,,,,,,,,,,,,,,,,,0
d8c26afa7afa49270f0e6b3e,统一公司,交通设施,公交车站,黑龙江省,哈尔滨市,香坊区,338路;371路;371路区间,,0,0,126.672546,45.627139,,,http://map.baidu.com/,,,,,,,,,,,,,,,,,,,,0
d18d0fc359ade4463b221ccd,温州路(哈平东路口),交通设施,公交车站,黑龙江省,哈尔滨市,香坊区,399路支线,,0,0,126.682753,45.635825,,,http://map.baidu.com/,,,,,,,,,,,,,,,,,,,,0
f02665af2b86d8af2902e194,东升村委会,交通设施,公交车站,黑龙江省,哈尔滨市,香坊区,365路九三油脂支线,,0,0,126.709653,45.641674,,,http://map.baidu.com/,,,,,,,,,,,,,,,,,,,,0
9031e78ae255a0c6950319e3,哈平东路(温州路口),交通设施,公交车站,黑龙江省,哈尔滨市,香坊区,365路九三油脂支线,,0,0,126.682649,45.635499,,,http://map.baidu.com/,,,,,,,,,,,,,,,,,,,,0
0dc67a75509e139a1e1d1146,哈平东路(杭州路口),交通设施,公交车站,黑龙江省,哈尔滨市,香坊区,365路九三油脂支线,,0,0,126.678019,45.633845,,,http://map.baidu.com/,,,,,,,,,,,,,,,,,,,,0
75ffe33c6ace497387154119,哈平西路(青岛一路口),交通设施,公交车站,黑龙江省,哈尔滨市,香坊区,220路支线,,0,0,126.669166,45.631124,,,http://map.baidu.com/,,,,,,,,,,,,,,,,,,,,0
afa1bd002d150a0c4bcc4acb,哈平西路(青岛一路口),交通设施,公交车站,黑龙江省,哈尔滨市,香坊区,220路支线,,0,0,126.667986,45.63063,,,http://map.baidu.com/,,,,,,,,,,,,,,,,,,,,0
ff4a1fe316f4b18cad31e5fa,温州路(松花路口),交通设施,公交车站,黑龙江省,哈尔滨市,香坊区,365路九三油脂支线,,0,0,126.680488,45.640593,,,http://map.baidu.com/,,,,,,,,,,,,,,,,,,,,0
a3908027a4a276832b06ceb2,黎明村,交通设施,公交车站,黑龙江省,哈尔滨市,平房区,333路,,0,0,126.731746,45.616969,,,http://map.baidu.com/,,,,,,,,,,,,,,,,,,,,0
c69bb156c396b15114c8f6e5,新盛村,交通设施,公交车站,黑龙江省,哈尔滨市,平房区,333路,,0,0,126.746785,45.6276,,,http://map.baidu.com/,,,,,,,,,,,,,,,,,,,,0
4857b4c84e75cb9ad0ff2316,章滨道口,交通设施,公交车站,黑龙江省,哈尔滨市,平房区,333路,,0,0,126.746997,45.620443,,,http://map.baidu.com/,,,,,,,,,,,,,,,,,,,,0
10ad97a4c8cfe2c5932ca39a,章滨道口,交通设施,公交车站,黑龙江省,哈尔滨市,平房区,333路,,0,0,126.74709,45.620481,,,http://map.baidu.com/,,,,,,,,,,,,,,,,,,,,0
c3cb81deeb5276efd32dd6af,桥头道口,交通设施,公交车站,黑龙江省,哈尔滨市,平房区,333路,,0,0,126.736026,45.6177,,,http://map.baidu.com/,,,,,,,,,,,,,,,,,,,,0
c74679437e162d722bd7ab32,夏家崴子,交通设施,公交车站,黑龙江省,哈尔滨市,平房区,333路,,0,0,126.720095,45.615461,,,http://map.baidu.com/,,,,,,,,,,,,,,,,,,,,0
c6c017bb62f5832ebb17e784,章滨道口,交通设施,公交车站,黑龙江省,哈尔滨市,平房区,333路,,0,0,126.747182,45.620518,,,http://map.baidu.com/,,,,,,,,,,,,,,,,,,,,0
c7a88da4799c1c939ff77920,黎明村站台,交通设施,公交车站,黑龙江省,哈尔滨市,平房区,333路,,0,0,126.731672,45.616894,,,http://map.baidu.com/,,,,,,,,,,,,,,,,,,,,0
e98c22ebdd20ab7445e2740a,黎明村,交通设施,公交车站,黑龙江省,哈尔滨市,平房区,333路,,0,0,126.731746,45.616969,,,http://map.baidu.com/,,,,,,,,,,,,,,,,,,,,0
4e77e2a018aea70e0782c20b,昆仑花园,交通设施,公交车站,黑龙江省,哈尔滨市,平房区,333路,,0,0,126.742838,45.619002,,,http://map.baidu.com/,,,,,,,,,,,,,,,,,,,,0
e9d6607053f307b9d4851fc4,黎明村头,交通设施,公交车站,黑龙江省,哈尔滨市,平房区,333路,,0,0,126.72623,45.616273,,,http://map.baidu.com/,,,,,,,,,,,,,,,,,,,,0
5b57f296605e585252e5c59d,黎明村头,交通设施,公交车站,黑龙江省,哈尔滨市,平房区,333路,,0,0,126.726263,45.616244,,,http://map.baidu.com/,,,,,,,,,,,,,,,,,,,,0
37289b0e9e5c4e423c9a5ed8,黎明村头,交通设施,公交车站,黑龙江省,哈尔滨市,平房区,333路,,0,0,126.726295,45.616216,,,http://map.baidu.com/,,,,,,,,,,,,,,,,,,,,0
88958f2513c3af56871541c8,建设村,交通设施,公交车站,黑龙江省,哈尔滨市,阿城区,337路;郊7路,,0,0,126.825472,45.630576,,,http://map.baidu.com/,,,,,,,,,,,,,,,,,,,,0
1fd6c14b8df01fe973210b8a,新华乡,交通设施,公交车站,黑龙江省,哈尔滨市,阿城区,337路;郊7路,,0,0,126.829759,45.62958,,,http://map.baidu.com/,,,,,,,,,,,,,,,,,,,,0
267000ba9a02b5459122e04c,秋林里道斯食品厂,交通设施,公交车站,黑龙江省,哈尔滨市,阿城区,337路;郊7路,,0,0,126.817877,45.634613,,,http://map.baidu.com/,,,,,,,,,,,,,,,,,,,,0
44c5326b03848f8aca291510,亚泰水泥厂,交通设施,公交车站,黑龙江省,哈尔滨市,阿城区,337路;郊7路,,0,0,126.811745,45.639228,,,http://map.baidu.com/,,,,,,,,,,,,,,,,,,,,0
207415eaa62e49ed8bdb7371,胜新村,交通设施,公交车站,黑龙江省,哈尔滨市,阿城区,603路,,0,0,126.988716,45.631344,,,http://map.baidu.com/,,,,,,,,,,,,,,,,,,,,0
ad14056d6c238da1c03644af,三家子屯,交通设施,公交车站,黑龙江省,哈尔滨市,阿城区,603路,,0,0,126.996453,45.622735,,,http://map.baidu.com/,,,,,,,,,,,,,,,,,,,,0
1e2cdbff0ad8bf19abf72936,徐家道口,交通设施,公交车站,黑龙江省,哈尔滨市,道里区,335路,,0,0,126.275974,45.652496,,,http://map.baidu.com/,,,,,,,,,,,,,,,,,,,,0
e30491b49502bebacafa5f6c,白家岗,交通设施,公交车站,黑龙江省,哈尔滨市,道里区,335路,,0,0,126.292298,45.656414,,,http://map.baidu.com/,,,,,,,,,,,,,,,,,,,,0
cd99976da0fce8a7260bd0d1,八里堡,交通设施,公交车站,黑龙江省,哈尔滨市,道里区,335路,,0,0,126.305968,45.659349,,,http://map.baidu.com/,,,,,,,,,,,,,,,,,,,,0
ae8600a5a220bcbdc9291558,八里堡临时站,交通设施,公交车站,黑龙江省,哈尔滨市,道里区,335路,,0,0,126.300808,45.658239,,,http://map.baidu.com/,,,,,,,,,,,,,,,,,,,,0
af7ba79c2a540c5c128824f4,新立屯,交通设施,公交车站,黑龙江省,哈尔滨市,道里区,335路,,0,0,126.32163,45.656067,,,http://map.baidu.com/,,,,,,,,,,,,,,,,,,,,0
bc4192a6a492dd167ec876cf,八里堡临时站,交通设施,公交车站,黑龙江省,哈尔滨市,道里区,335路,,0,0,126.300808,45.658239,,,http://map.baidu.com/,,,,,,,,,,,,,,,,,,,,0
04fb6aca1276489e32f71d63,八里堡临时站,交通设施,公交车站,黑龙江省,哈尔滨市,道里区,335路,,0,0,126.300808,45.658239,,,http://map.baidu.com/,,,,,,,,,,,,,,,,,,,,0
e30491b49502bebacafa5f6c,白家岗,交通设施,公交车站,黑龙江省,哈尔滨市,道里区,335路,,0,0,126.292298,45.656414,,,http://map.baidu.com/,,,,,,,,,,,,,,,,,,,,0
e1432f95b620b595adcb66f8,万家劳教所,交通设施,公交车站,黑龙江省,哈尔滨市,道里区,341路,,0,0,126.353097,45.670681,,,http://map.baidu.com/,,,,,,,,,,,,,,,,,,,,0
49597733577692b69a005032,水田农场,交通设施,公交车站,黑龙江省,哈尔滨市,道里区,341路,,0,0,126.351185,45.667993,,,http://map.baidu.com/,,,,,,,,,,,,,,,,,,,,0
ebeccf4c99d8bf98b45f1ec3,家属楼,交通设施,公交车站,黑龙江省,哈尔滨市,道里区,335路;383路,,0,0,126.362079,45.646579,,,http://map.baidu.com/,,,,,,,,,,,,,,,,,,,,0
92ce3ad9ec23b5b98f55ecc5,后胡家,交通设施,公交车站,黑龙江省,哈尔滨市,道里区,335路;383路,,0,0,126.361934,45.646605,,,http://map.baidu.com/,,,,,,,,,,,,,,,,,,,,0
3c2273b28135a4819e9d68c1,小北屯,交通设施,公交车站,黑龙江省,哈尔滨市,道里区,335路;383路,,0,0,126.366047,45.647443,,,http://map.baidu.com/,,,,,,,,,,,,,,,,,,,,0
8927065c134a92d8471a32f0,水田道口,交通设施,公交车站,黑龙江省,哈尔滨市,道里区,335路;383路,,0,0,126.357413,45.645557,,,http://map.baidu.com/,,,,,,,,,,,,,,,,,,,,0
1162956b032d432e3904b191,万家大队,交通设施,公交车站,黑龙江省,哈尔滨市,道里区,341路,,0,0,126.36538,45.678276,,,http://map.baidu.com/,,,,,,,,,,,,,,,,,,,,0
83da48503d35c129591093ce,前肖家道口,交通设施,公交车站,黑龙江省,哈尔滨市,道里区,335路,,0,0,126.370832,45.648396,,,http://map.baidu.com/,,,,,,,,,,,,,,,,,,,,0
0c6bcbd55a9b06032b11d1eb,前肖家道口,交通设施,公交车站,黑龙江省,哈尔滨市,道里区,335路,,0,0,126.370698,45.648314,,,http://map.baidu.com/,,,,,,,,,,,,,,,,,,,,0
4aed7026861ed13fd3ff23f1,前肖道口,交通设施,公交车站,黑龙江省,哈尔滨市,道里区,335路;383路,,0,0,126.370965,45.648478,,,http://map.baidu.com/,,,,,,,,,,,,,,,,,,,,0
6bde5b4d7f821379c7f0252b,后胡家,交通设施,公交车站,黑龙江省,哈尔滨市,道里区,335路;383路,,0,0,126.361788,45.646631,,,http://map.baidu.com/,,,,,,,,,,,,,,,,,,,,0
0ee6e50f9755b5219d82eae3,万家大队,交通设施,公交车站,黑龙江省,哈尔滨市,道里区,341路,,0,0,126.365204,45.678169,,,http://map.baidu.com/,,,,,,,,,,,,,,,,,,,,0
4199b5910963a543dbeced63,万通路口,交通设施,公交车站,黑龙江省,哈尔滨市,道里区,335路;383路,,0,0,126.385482,45.651129,,,http://map.baidu.com/,,,,,,,,,,,,,,,,,,,,0
83dd5deb6e11ed0bda2f2840,榆树林新道口,交通设施,公交车站,黑龙江省,哈尔滨市,道里区,335路;383路,,0,0,126.407904,45.655089,,,http://map.baidu.com/,,,,,,,,,,,,,,,,,,,,0
a805262da54339daf503b8fb,万通路口,交通设施,公交车站,黑龙江省,哈尔滨市,道里区,335路;383路,,0,0,126.385585,45.651109,,,http://map.baidu.com/,,,,,,,,,,,,,,,,,,,,0
b54b33c9842512da0bb93a57,万通路路口,交通设施,公交车站,黑龙江省,哈尔滨市,道里区,335路;383路,,0,0,126.385275,45.651169,,,http://map.baidu.com/,,,,,,,,,,,,,,,,,,,,0
1f3dea296ef1083ca2d23009,榆树村老道口,交通设施,公交车站,黑龙江省,哈尔滨市,道里区,335路;383路,,0,0,126.414889,45.656344,,,http://map.baidu.com/,,,,,,,,,,,,,,,,,,,,0
625863b67f0eedd6fca778b6,水利试验中心,交通设施,公交车站,黑龙江省,哈尔滨市,道里区,335路;383路,,0,0,126.390364,45.652021,,,http://map.baidu.com/,,,,,,,,,,,,,,,,,,,,0
01dd94e64c9c583e2b06ce06,红旗村,交通设施,公交车站,黑龙江省,哈尔滨市,道里区,335路;345路民主村支线;383路,,0,0,126.446745,45.658575,,,http://map.baidu.com/,,,,,,,,,,,,,,,,,,,,0
d27d9b9b0e6c6c9631870a97,红旗村,交通设施,公交车站,黑龙江省,哈尔滨市,道里区,335路;345路民主村支线;383路,,0,0,126.447141,45.658578,,,http://map.baidu.com/,,,,,,,,,,,,,,,,,,,,0
4f32cf28c941065cfb2213ca,红旗村,交通设施,公交车站,黑龙江省,哈尔滨市,道里区,335路;345路民主村支线;383路,,0,0,126.447537,45.658581,,,http://map.baidu.com/,,,,,,,,,,,,,,,,,,,,0
c202ed1f9301c5e328b97cef,北大荒养老中心(鑫鑫家园),交通设施,公交车站,黑龙江省,哈尔滨市,道里区,335路;345路民主村支线;383路,,0,0,126.43311,45.657568,,,http://map.baidu.com/,,,,,,,,,,,,,,,,,,,,0
f76cf1e24e33e5980b1cc76f,北大荒养老中心(鑫鑫家园),交通设施,公交车站,黑龙江省,哈尔滨市,道里区,335路;345路民主村支线;383路,,0,0,126.433159,45.657516,,,http://map.baidu.com/,,,,,,,,,,,,,,,,,,,,0
2c2f0893875c0dd0c909f026,北大荒养老中心(鑫鑫家园),交通设施,公交车站,黑龙江省,哈尔滨市,道里区,335路;345路民主村支线;383路,,0,0,126.433208,45.657465,,,http://map.baidu.com/,,,,,,,,,,,,,,,,,,,,0
018f3feaa0077a1a59bbbc4b,大赵家,交通设施,公交车站,黑龙江省,哈尔滨市,道里区,335路;345路;345路民主村支线;362路;383路,,0,0,126.451859,45.659144,,,http://map.baidu.com/,,,,,,,,,,,,,,,,,,,,0
92cf9c35cdaf7ca81b94c684,道班,交通设施,公交车站,黑龙江省,哈尔滨市,道里区,345路,,0,0,126.453712,45.649899,,,http://map.baidu.com/,,,,,,,,,,,,,,,,,,,,0
7ac9b25e888ec26803ff2d40,奔赛中学,交通设施,公交车站,黑龙江省,哈尔滨市,道里区,335路;345路民主村支线;383路,,0,0,126.428287,45.657207,,,http://map.baidu.com/,,,,,,,,,,,,,,,,,,,,0
c9cf915a246fb70cc17da221,后榆树道口,交通设施,公交车站,黑龙江省,哈尔滨市,道里区,335路;345路;345路民主村支线;362路;383路,,0,0,126.459513,45.659809,,,http://map.baidu.com/,,,,,,,,,,,,,,,,,,,,0
bfb1524ab713082d4c6d4673,佳汇二手车市场,交通设施,公交车站,黑龙江省,哈尔滨市,道里区,345路,,0,0,126.452551,45.65469,,,http://map.baidu.com/,,,,,,,,,,,,,,,,,,,,0
20e289d017e31a5f02ec0125,佳汇二手车市场,交通设施,公交车站,黑龙江省,哈尔滨市,道里区,345路,,0,0,126.452459,45.654801,,,http://map.baidu.com/,,,,,,,,,,,,,,,,,,,,0
70230c8395d940219ff77908,小赵家,交通设施,公交车站,黑龙江省,哈尔滨市,道里区,335路;383路,,0,0,126.423894,45.656892,,,http://map.baidu.com/,,,,,,,,,,,,,,,,,,,,0
876a67b278234786eb56fa15,后榆树,交通设施,公交车站,黑龙江省,哈尔滨市,道里区,335路;345路;345路民主村支线;362路;383路,,0,0,126.459828,45.659899,,,http://map.baidu.com/,,,,,,,,,,,,,,,,,,,,0
3764a8675d74186d8433043e,后榆树,交通设施,公交车站,黑龙江省,哈尔滨市,道里区,335路;345路;345路民主村支线;362路;383路,,0,0,126.460039,45.659959,,,http://map.baidu.com/,,,,,,,,,,,,,,,,,,,,0
aec2ff153c8e47166f4760b3,后榆树道口,交通设施,公交车站,黑龙江省,哈尔滨市,道里区,335路;345路;345路民主村支线;362路;383路,,0,0,126.459723,45.659869,,,http://map.baidu.com/,,,,,,,,,,,,,,,,,,,,0
24cd4b8b52aa7b3507fef50d,小赵家,交通设施,公交车站,黑龙江省,哈尔滨市,道里区,335路;345路民主村支线;383路,,0,0,126.424141,45.656659,,,http://map.baidu.com/,,,,,,,,,,,,,,,,,,,,0
c101009614dc012cdb131810,联丰饲料,交通设施,公交车站,黑龙江省,哈尔滨市,道里区,345路;362路,,0,0,126.454533,45.647115,,,http://map.baidu.com/,,,,,,,,,,,,,,,,,,,,0
698faf0bdefbc49eef74f86d,道班,交通设施,公交车站,黑龙江省,哈尔滨市,道里区,345路;362路,,0,0,126.45345,45.651116,,,http://map.baidu.com/,,,,,,,,,,,,,,,,,,,,0
5ef98df12d56a7892806ce8b,半步道,交通设施,公交车站,黑龙江省,哈尔滨市,道里区,335路;345路;345路民主村支线;362路;383路,,0,0,126.477056,45.667089,,,http://map.baidu.com/,,,,,,,,,,,,,,,,,,,,0
cc89c8d506e5b41b76e5b6dd,姜家,交通设施,公交车站,黑龙江省,哈尔滨市,道里区,335路;345路;345路民主村支线;362路;383路,,0,0,126.470228,45.663584,,,http://map.baidu.com/,,,,,,,,,,,,,,,,,,,,0
86ac4cb26faefb4f6d20b960,薛家,交通设施,公交车站,黑龙江省,哈尔滨市,道里区,335路;345路;345路民主村支线;362路;369路;369路五一村支线;383路;391路,,0,0,126.492615,45.675026,,,http://map.baidu.com/,,,,,,,,,,,,,,,,,,,,0
ab73a7694f6ff819a8175a05,二场,交通设施,公交车站,黑龙江省,哈尔滨市,道里区,369路五一村支线,,0,0,126.493292,45.661177,,,http://map.baidu.com/,,,,,,,,,,,,,,,,,,,,0
66834cbe3fa1fbd3118824eb,薛家田园小区,交通设施,公交车站,黑龙江省,哈尔滨市,道里区,335路;345路;345路民主村支线;362路;383路;391路,,0,0,126.485298,45.671316,,,http://map.baidu.com/,,,,,,,,,,,,,,,,,,,,0
c9cf915a246fb70cc17da221,后榆树道口,交通设施,公交车站,黑龙江省,哈尔滨市,道里区,335路;345路;345路民主村支线;362路;383路,,0,0,126.459513,45.659809,,,http://map.baidu.com/,,,,,,,,,,,,,,,,,,,,0
3764a8675d74186d8433043e,后榆树,交通设施,公交车站,黑龙江省,哈尔滨市,道里区,335路;345路;345路民主村支线;362路;383路,,0,0,126.460039,45.659959,,,http://map.baidu.com/,,,,,,,,,,,,,,,,,,,,0
876a67b278234786eb56fa15,后榆树,交通设施,公交车站,黑龙江省,哈尔滨市,道里区,335路;345路;345路民主村支线;362路;383路,,0,0,126.459828,45.659899,,,http://map.baidu.com/,,,,,,,,,,,,,,,,,,,,0
4de19cde9c2dae12e81e9758,新发红十字医院,交通设施,公交车站,黑龙江省,哈尔滨市,道里区,335路;345路;345路民主村支线;362路;383路;391路,,0,0,126.490436,45.673838,,,http://map.baidu.com/,,,,,,,,,,,,,,,,,,,,0
aec2ff153c8e47166f4760b3,后榆树道口,交通设施,公交车站,黑龙江省,哈尔滨市,道里区,335路;345路;345路民主村支线;362路;383路,,0,0,126.459723,45.659869,,,http://map.baidu.com/,,,,,,,,,,,,,,,,,,,,0
e93da41252135946deee8ba4,薛家批发市场,交通设施,公交车站,黑龙江省,哈尔滨市,道里区,335路;345路;345路民主村支线;362路;369路;369路五一村支线;383路;391路,,0,0,126.496149,45.676742,,,http://map.baidu.com/,,,,,,,,,,,,,,,,,,,,0
b536f587cf09a6fcf11937a0,薛家(二场道口),交通设施,公交车站,黑龙江省,哈尔滨市,道里区,362路;369路五一村支线,,0,0,126.493113,45.675183,,,http://map.baidu.com/,,,,,,,,,,,,,,,,,,,,0
7a2f68b36d5011b26d20b9f1,新企路,交通设施,公交车站,黑龙江省,哈尔滨市,道里区,369路五一村支线,,0,0,126.496791,45.670222,,,http://map.baidu.com/,,,,,,,,,,,,,,,,,,,,0
b554fa135b3626daeee4a550,二场道口,交通设施,公交车站,黑龙江省,哈尔滨市,道里区,369路五一村支线,,0,0,126.493446,45.674229,,,http://map.baidu.com/,,,,,,,,,,,,,,,,,,,,0
3eb098f93f425d7abb17e7db,新发红十字医院,交通设施,公交车站,黑龙江省,哈尔滨市,道里区,335路;345路;345路民主村支线;362路;383路;391路,,0,0,126.490434,45.673803,,,http://map.baidu.com/,,,,,,,,,,,,,,,,,,,,0
af39277ff6253c253717dc19,新发红十字医院,交通设施,公交车站,黑龙江省,哈尔滨市,道里区,362路,,0,0,126.490444,45.673976,,,http://map.baidu.com/,,,,,,,,,,,,,,,,,,,,0
92b5749cc875792d43024587,艺体街公交首末站,交通设施,公交车站,黑龙江省,哈尔滨市,南岗区,336路;363路;369路;381路;382路,,0,0,126.548915,45.666338,,,http://map.baidu.com/,,,,,,,,,,,,,,,,,,,,0
71f4084fc2553e65631c6712,新胜村,交通设施,公交车站,黑龙江省,哈尔滨市,南岗区,369路,,0,0,126.52882,45.669401,,,http://map.baidu.com/,,,,,,,,,,,,,,,,,,,,0
9818b3dabaf860c4a01de937,艺体街公交首末站,交通设施,公交车站,黑龙江省,哈尔滨市,南岗区,336路,,0,0,126.548255,45.665906,,,http://map.baidu.com/,,,,,,,,,,,,,,,,,,,,0
fee97833d89dbe5fbea240a9,艺体街公交首末站,交通设施,公交车站,黑龙江省,哈尔滨市,南岗区,363路;369路;381路;382路,,0,0,126.549179,45.666442,,,http://map.baidu.com/,,,,,,,,,,,,,,,,,,,,0
612790bb158f3d270869d946,松乐食杂,交通设施,公交车站,黑龙江省,哈尔滨市,南岗区,369路,,0,0,126.525609,45.669616,,,http://map.baidu.com/,,,,,,,,,,,,,,,,,,,,0
8fd0a96aba285f8dacee7a4b,东山,交通设施,公交车站,黑龙江省,哈尔滨市,南岗区,369路,,0,0,126.533776,45.668365,,,http://map.baidu.com/,,,,,,,,,,,,,,,,,,,,0
ee598e22e0696da98bfc063f,后兴隆,交通设施,公交车站,黑龙江省,哈尔滨市,南岗区,369路;382路,,0,0,126.541809,45.655129,,,http://map.baidu.com/,,,,,,,,,,,,,,,,,,,,0
6050449f5122785f631c67f8,后兴隆,交通设施,公交车站,黑龙江省,哈尔滨市,南岗区,369路,,0,0,126.544443,45.659378,,,http://map.baidu.com/,,,,,,,,,,,,,,,,,,,,0
fee9637a7f30964cddee8b2b,后兴隆,交通设施,公交车站,黑龙江省,哈尔滨市,南岗区,382路,,0,0,126.539976,45.652546,,,http://map.baidu.com/,,,,,,,,,,,,,,,,,,,,0
5844c62417db352395f08ced,第四道口,交通设施,公交车站,黑龙江省,哈尔滨市,南岗区,369路,,0,0,126.536165,45.666304,,,http://map.baidu.com/,,,,,,,,,,,,,,,,,,,,0
63d53721347e4e3b72210b3a,鑫岭食杂,交通设施,公交车站,黑龙江省,哈尔滨市,南岗区,369路,,0,0,126.523542,45.669827,,,http://map.baidu.com/,,,,,,,,,,,,,,,,,,,,0
040b7d3dbf562faa6f3e1b3e,华滨村,交通设施,公交车站,黑龙江省,哈尔滨市,南岗区,369路,,0,0,126.515359,45.67289,,,http://map.baidu.com/,,,,,,,,,,,,,,,,,,,,0
11ca3d5d3bd730a0adb22ac7,哈西骏赫城小区南门,交通设施,公交车站,黑龙江省,哈尔滨市,南岗区,381路,,0,0,126.548525,45.660812,,,http://map.baidu.com/,,,,,,,,,,,,,,,,,,,,0
ce4722c83e115a5963180994,哈西骏赫城小区南门,交通设施,公交车站,黑龙江省,哈尔滨市,南岗区,381路,,0,0,126.548524,45.660812,,,http://map.baidu.com/,,,,,,,,,,,,,,,,,,,,0
815a2e62ad70393a85420ebb,新胜修理部,交通设施,公交车站,黑龙江省,哈尔滨市,南岗区,369路,,0,0,126.520115,45.670298,,,http://map.baidu.com/,,,,,,,,,,,,,,,,,,,,0
fac97866f8b2a0f12d473363,四百米,交通设施,公交车站,黑龙江省,哈尔滨市,南岗区,369路,,0,0,126.547094,45.663905,,,http://map.baidu.com/,,,,,,,,,,,,,,,,,,,,0
e9a437f53853e4ac0bccdd0e,后兴隆,交通设施,公交车站,黑龙江省,哈尔滨市,南岗区,369路,,0,0,126.543978,45.659607,,,http://map.baidu.com/,,,,,,,,,,,,,,,,,,,,0
aba5c9fa8840623db5f42fdb,后兴隆,交通设施,公交车站,黑龙江省,哈尔滨市,南岗区,382路,,0,0,126.53884,45.648984,,,http://map.baidu.com/,,,,,,,,,,,,,,,,,,,,0
b1715fd6911a21e022f01735,哈西骏赫城小区南门,交通设施,公交车站,黑龙江省,哈尔滨市,南岗区,381路,,0,0,126.548527,45.660812,,,http://map.baidu.com/,,,,,,,,,,,,,,,,,,,,0
282ca1856d1318c19cec2b79,十七中分校,交通设施,公交车站,黑龙江省,哈尔滨市,南岗区,150路,,0,0,126.562134,45.660693,,,http://map.baidu.com/,,,,,,,,,,,,,,,,,,,,0
3df42310e4a33811b8bd6342,林业大学科技园,交通设施,公交车站,黑龙江省,哈尔滨市,南岗区,150路,,0,0,126.560773,45.661151,,,http://map.baidu.com/,,,,,,,,,,,,,,,,,,,,0
742482ef92aa6f0d102935e5,哈西骏赫城,交通设施,公交车站,黑龙江省,哈尔滨市,南岗区,150路;363路,,0,0,126.558491,45.662143,,,http://map.baidu.com/,,,,,,,,,,,,,,,,,,,,0
a75cfeebcedbd030a2a93464,四队,交通设施,公交车站,黑龙江省,哈尔滨市,南岗区,382路兴利村支线,,0,0,126.571361,45.667828,,,http://map.baidu.com/,,,,,,,,,,,,,,,,,,,,0
92b5749cc875792d43024587,艺体街公交首末站,交通设施,公交车站,黑龙江省,哈尔滨市,南岗区,336路;363路;369路;381路;382路,,0,0,126.548915,45.666338,,,http://map.baidu.com/,,,,,,,,,,,,,,,,,,,,0
60df4a04546dcf9ce5e96593,王岗镇政府,交通设施,公交车站,黑龙江省,哈尔滨市,南岗区,150路;363路,,0,0,126.557707,45.662401,,,http://map.baidu.com/,,,,,,,,,,,,,,,,,,,,0
057859acdaf0f8124e55477b,十七中分校,交通设施,公交车站,黑龙江省,哈尔滨市,南岗区,150路,,0,0,126.562134,45.660693,,,http://map.baidu.com/,,,,,,,,,,,,,,,,,,,,0
79ff1026ae22bd40047ce86c,王岗镇政府,交通设施,公交车站,黑龙江省,哈尔滨市,南岗区,150路,,0,0,126.556922,45.662659,,,http://map.baidu.com/,,,,,,,,,,,,,,,,,,,,0
b5a37db99d7ab49b8415417c,骏赫庄园小区,交通设施,公交车站,黑龙江省,哈尔滨市,南岗区,150路;363路,,0,0,126.554879,45.663465,,,http://map.baidu.com/,,,,,,,,,,,,,,,,,,,,0
7fa8b2cff2367831882fb518,骏赫庄园小区,交通设施,公交车站,黑龙江省,哈尔滨市,南岗区,150路,,0,0,126.554851,45.663535,,,http://map.baidu.com/,,,,,,,,,,,,,,,,,,,,0
2e6a29799960783d213bf24c,兴利村村委会,交通设施,公交车站,黑龙江省,哈尔滨市,南岗区,382路兴利村支线,,0,0,126.567776,45.666188,,,http://map.baidu.com/,,,,,,,,,,,,,,,,,,,,0
d9c1e6648e3caacaab175a9d,红河礼堂,交通设施,公交车站,黑龙江省,哈尔滨市,南岗区,382路兴利村支线,,0,0,126.563625,45.666994,,,http://map.baidu.com/,,,,,,,,,,,,,,,,,,,,0
c51a80444e5ef1b81288248b,四队,交通设施,公交车站,黑龙江省,哈尔滨市,南岗区,382路兴利村支线,,0,0,126.571361,45.667828,,,http://map.baidu.com/,,,,,,,,,,,,,,,,,,,,0
6ab7cb508c083c00591093ef,美馨家园,交通设施,公交车站,黑龙江省,哈尔滨市,南岗区,382路兴利村支线,,0,0,126.561125,45.668705,,,http://map.baidu.com/,,,,,,,,,,,,,,,,,,,,0
3361b580fc4121c686420e18,林业大学科技园,交通设施,公交车站,黑龙江省,哈尔滨市,南岗区,150路,,0,0,126.560793,45.661142,,,http://map.baidu.com/,,,,,,,,,,,,,,,,,,,,0
b60da34d60245bd21b11d595,哈西骏赫城小区,交通设施,公交车站,黑龙江省,哈尔滨市,南岗区,150路;363路,,0,0,126.553088,45.664217,,,http://map.baidu.com/,,,,,,,,,,,,,,,,,,,,0
6f0d6ea65ad9c9358d77273e,骏赫城小区东门,交通设施,公交车站,黑龙江省,哈尔滨市,南岗区,150路;363路,,0,0,126.551718,45.664718,,,http://map.baidu.com/,,,,,,,,,,,,,,,,,,,,0
bb2d2fc7502ea3bc71455be7,恒隆嘉园小区,交通设施,公交车站,黑龙江省,哈尔滨市,南岗区,369路,,0,0,126.552864,45.671039,,,http://map.baidu.com/,,,,,,,,,,,,,,,,,,,,0
3f84caa19ee4f1d8f7eafccc,金润葡萄园,交通设施,公交车站,黑龙江省,哈尔滨市,南岗区,381路,,0,0,126.560009,45.655879,,,http://map.baidu.com/,,,,,,,,,,,,,,,,,,,,0
df3225068f3bf56bbca2403f,恒隆嘉园小区,交通设施,公交车站,黑龙江省,哈尔滨市,南岗区,336路;363路;381路;382路,,0,0,126.553963,45.672391,,,http://map.baidu.com/,,,,,,,,,,,,,,,,,,,,0
4e59fcc9668d59d9ae080f5b,恒隆嘉园小区,交通设施,公交车站,黑龙江省,哈尔滨市,南岗区,336路;363路;369路;381路;382路,,0,0,126.553825,45.672347,,,http://map.baidu.com/,,,,,,,,,,,,,,,,,,,,0
d4e7533b7819ad9cf603b855,第三十七中学,交通设施,公交车站,黑龙江省,哈尔滨市,南岗区,336路;363路;369路;381路;382路,,0,0,126.551234,45.66903,,,http://map.baidu.com/,,,,,,,,,,,,,,,,,,,,0
860ebee893402bb609a8d4da,第三十七中学,交通设施,公交车站,黑龙江省,哈尔滨市,南岗区,336路;363路;369路;381路;382路,,0,0,126.551231,45.669171,,,http://map.baidu.com/,,,,,,,,,,,,,,,,,,,,0
befd0ee3efeb6cd1c17da29b,第三十七中学,交通设施,公交车站,黑龙江省,哈尔滨市,南岗区,336路;363路;369路;381路;382路,,0,0,126.551228,45.669313,,,http://map.baidu.com/,,,,,,,,,,,,,,,,,,,,0
e150b3c6f5333076f90cadc8,恒隆嘉园小区,交通设施,公交车站,黑龙江省,哈尔滨市,南岗区,336路;363路;369路;381路;382路,,0,0,126.553927,45.67263,,,http://map.baidu.com/,,,,,,,,,,,,,,,,,,,,0
f7f6e727882e401db8df8fb8,熙街生活广场,交通设施,公交车站,黑龙江省,哈尔滨市,南岗区,150路,,0,0,126.555873,45.675018,,,http://map.baidu.com/,,,,,,,,,,,,,,,,,,,,0
f8f91da344d2162aae080fcc,熙街生活广场,交通设施,公交车站,黑龙江省,哈尔滨市,南岗区,150路;336路;363路;369路;381路;382路,,0,0,126.556517,45.675681,,,http://map.baidu.com/,,,,,,,,,,,,,,,,,,,,0
5806466a768d0a34deee8bc0,熙街生活广场,交通设施,公交车站,黑龙江省,哈尔滨市,南岗区,336路;363路;369路;381路;382路,,0,0,126.557173,45.67663,,,http://map.baidu.com/,,,,,,,,,,,,,,,,,,,,0
11ca3d5d3bd730a0adb22ac7,哈西骏赫城小区南门,交通设施,公交车站,黑龙江省,哈尔滨市,南岗区,381路,,0,0,126.548525,45.660812,,,http://map.baidu.com/,,,,,,,,,,,,,,,,,,,,0
ce4722c83e115a5963180994,哈西骏赫城小区南门,交通设施,公交车站,黑龙江省,哈尔滨市,南岗区,381路,,0,0,126.548524,45.660812,,,http://map.baidu.com/,,,,,,,,,,,,,,,,,,,,0
c501429255646d0551e5c508,后兴隆,交通设施,公交车站,黑龙江省,哈尔滨市,南岗区,381路,,0,0,126.55688,45.657216,,,http://map.baidu.com/,,,,,,,,,,,,,,,,,,,,0
fee97833d89dbe5fbea240a9,艺体街公交首末站,交通设施,公交车站,黑龙江省,哈尔滨市,南岗区,363路;369路;381路;382路,,0,0,126.549179,45.666442,,,http://map.baidu.com/,,,,,,,,,,,,,,,,,,,,0
9818b3dabaf860c4a01de937,艺体街公交首末站,交通设施,公交车站,黑龙江省,哈尔滨市,南岗区,336路,,0,0,126.548255,45.665906,,,http://map.baidu.com/,,,,,,,,,,,,,,,,,,,,0
99bd76b45d0f4cbf38e4a6db,红星家园,交通设施,公交车站,黑龙江省,哈尔滨市,南岗区,98路;349路;369路;369路五一村支线;382路兴利村支线,,0,0,126.569525,45.677124,,,http://map.baidu.com/,,,,,,,,,,,,,,,,,,,,0
24dbc552a46acac30482c23c,骏赫庄园小区,交通设施,公交车站,黑龙江省,哈尔滨市,南岗区,150路,,0,0,126.554823,45.663604,,,http://map.baidu.com/,,,,,,,,,,,,,,,,,,,,0
fac97866f8b2a0f12d473363,四百米,交通设施,公交车站,黑龙江省,哈尔滨市,南岗区,369路,,0,0,126.547094,45.663905,,,http://map.baidu.com/,,,,,,,,,,,,,,,,,,,,0
ac890d85d3006b64fb2213e6,农垦小学,交通设施,公交车站,黑龙江省,哈尔滨市,南岗区,98路;349路;369路;369路五一村支线;382路兴利村支线,,0,0,126.564949,45.678928,,,http://map.baidu.com/,,,,,,,,,,,,,,,,,,,,0
4116fef920591efc51e5c588,后兴隆,交通设施,公交车站,黑龙江省,哈尔滨市,南岗区,381路,,0,0,126.556882,45.657216,,,http://map.baidu.com/,,,,,,,,,,,,,,,,,,,,0
68d37b93c895de082bb97c1e,后兴隆,交通设施,公交车站,黑龙江省,哈尔滨市,南岗区,381路,,0,0,126.556879,45.657217,,,http://map.baidu.com/,,,,,,,,,,,,,,,,,,,,0
12bdfce9e09ca1490bf5eb3e,敬老院道口,交通设施,公交车站,黑龙江省,哈尔滨市,南岗区,381路,,0,0,126.552981,45.658962,,,http://map.baidu.com/,,,,,,,,,,,,,,,,,,,,0
43971cf60697e4b8aeb22ae3,农业工程学院,交通设施,公交车站,黑龙江省,哈尔滨市,南岗区,336路;363路;369路;381路;382路,,0,0,126.55872,45.678258,,,http://map.baidu.com/,,,,,,,,,,,,,,,,,,,,0
37663cdbd6ddcec39403199f,哈西骏赫城小区,交通设施,公交车站,黑龙江省,哈尔滨市,南岗区,150路;363路,,0,0,126.552665,45.664469,,,http://map.baidu.com/,,,,,,,,,,,,,,,,,,,,0
e6e2a6677c58e3be631c67d4,哈西骏赫城小区,交通设施,公交车站,黑龙江省,哈尔滨市,南岗区,150路;363路,,0,0,126.551718,45.664718,,,http://map.baidu.com/,,,,,,,,,,,,,,,,,,,,0
b1715fd6911a21e022f01735,哈西骏赫城小区南门,交通设施,公交车站,黑龙江省,哈尔滨市,南岗区,381路,,0,0,126.548527,45.660812,,,http://map.baidu.com/,,,,,,,,,,,,,,,,,,,,0
e9a437f53853e4ac0bccdd0e,后兴隆,交通设施,公交车站,黑龙江省,哈尔滨市,南岗区,369路,,0,0,126.543978,45.659607,,,http://map.baidu.com/,,,,,,,,,,,,,,,,,,,,0
3717600a7adf8a54c91b9577,靠山屯,交通设施,公交车站,黑龙江省,哈尔滨市,南岗区,98路;369路;369路房身沟支线/68路房身沟支线;369路五一村支线,,0,0,126.603793,45.669216,,,http://map.baidu.com/,,,,,,,,,,,,,,,,,,,,0
a7cf18ed7f3aa7079222e0fd,小南沟,交通设施,公交车站,黑龙江省,哈尔滨市,南岗区,369路小南沟支线,,0,0,126.611929,45.659941,,,http://map.baidu.com/,,,,,,,,,,,,,,,,,,,,0
72c7b9cb713aad5a912ca300,靠山村,交通设施,公交车站,黑龙江省,哈尔滨市,南岗区,369路房身沟支线/68路房身沟支线,,0,0,126.605261,45.669476,,,http://map.baidu.com/,,,,,,,,,,,,,,,,,,,,0
a7d8b08abf6d9652100daa2f,光宇道口,交通设施,公交车站,黑龙江省,哈尔滨市,南岗区,369路房身沟支线/68路房身沟支线,,0,0,126.606742,45.671384,,,http://map.baidu.com/,,,,,,,,,,,,,,,,,,,,0
c083ca4abeef91816fa3cca0,靠山村卫生所,交通设施,公交车站,黑龙江省,哈尔滨市,南岗区,369路小南沟支线,,0,0,126.608087,45.658135,,,http://map.baidu.com/,,,,,,,,,,,,,,,,,,,,0
35060f4ba31af8ec1894c6f7,靠山村,交通设施,公交车站,黑龙江省,哈尔滨市,南岗区,369路房身沟支线/68路房身沟支线,,0,0,126.60526,45.669475,,,http://map.baidu.com/,,,,,,,,,,,,,,,,,,,,0
63e64a125657369eeb12e449,永胜村村口,交通设施,公交车站,黑龙江省,哈尔滨市,南岗区,369路小南沟支线,,0,0,126.615573,45.66228,,,http://map.baidu.com/,,,,,,,,,,,,,,,,,,,,0
ab1ca09bd5271a653f9a5ec9,工大附中,交通设施,公交车站,黑龙江省,哈尔滨市,南岗区,98路;369路;369路房身沟支线/68路房身沟支线;369路五一村支线,,0,0,126.617789,45.670241,,,http://map.baidu.com/,,,,,,,,,,,,,,,,,,,,0
5dba7f6ef37913fc0d3ddad8,三环路(学府路口),交通设施,公交车站,黑龙江省,哈尔滨市,南岗区,98路;369路;369路房身沟支线/68路房身沟支线;369路五一村支线,,0,0,126.621936,45.670557,,,http://map.baidu.com/,,,,,,,,,,,,,,,,,,,,0
ed7b6cdf9031965ee215f98f,三环路(学府路口),交通设施,公交车站,黑龙江省,哈尔滨市,南岗区,98路;369路;369路房身沟支线/68路房身沟支线;369路五一村支线,,0,0,126.622384,45.67074,,,http://map.baidu.com/,,,,,,,,,,,,,,,,,,,,0
0e22db780bde846272210b3a,朱山桥头,交通设施,公交车站,黑龙江省,哈尔滨市,南岗区,98路;369路;369路五一村支线,,0,0,126.596722,45.670043,,,http://map.baidu.com/,,,,,,,,,,,,,,,,,,,,0
60520153d16d521db54f54d7,糖业研究所,交通设施,公交车站,黑龙江省,哈尔滨市,南岗区,68路;104路;104路夜班车;114路;220路;343路;369路小南沟支线,,0,0,126.630495,45.665589,,,http://map.baidu.com/,,,,,,,,,,,,,,,,,,,,0
b79f5dd36d9bd0a17ec8767b,学府路(三环路口),交通设施,公交车站,黑龙江省,哈尔滨市,南岗区,68路;104路;104路夜班车;114路;220路,,0,0,126.629869,45.669033,,,http://map.baidu.com/,,,,,,,,,,,,,,,,,,,,0
6bae3f020229466117948e7a,学府路(三环路口),交通设施,公交车站,黑龙江省,哈尔滨市,南岗区,68路;104路;104路夜班车;114路;220路;369路小南沟支线,,0,0,126.62965,45.669144,,,http://map.baidu.com/,,,,,,,,,,,,,,,,,,,,0
a4f813a145838c6f441a32dc,学府路(三环路口),交通设施,公交车站,黑龙江省,哈尔滨市,南岗区,68路;104路;104路夜班车;114路;220路;369路小南沟支线,,0,0,126.629505,45.669219,,,http://map.baidu.com/,,,,,,,,,,,,,,,,,,,,0
60cf0f2813bf83c90f0a703d,糖业研究所,交通设施,公交车站,黑龙江省,哈尔滨市,南岗区,68路;114路;220路;343路,,0,0,126.630401,45.666564,,,http://map.baidu.com/,,,,,,,,,,,,,,,,,,,,0
a0687a728450d68cb6147f7b,光宇小学,交通设施,公交车站,黑龙江省,哈尔滨市,南岗区,369路房身沟支线/68路房身沟支线,,0,0,126.597839,45.67281,,,http://map.baidu.com/,,,,,,,,,,,,,,,,,,,,0
8868c790ee43ff0442d63e95,龙园,交通设施,公交车站,黑龙江省,哈尔滨市,香坊区,220路;343路,,0,0,126.632578,45.658859,,,http://map.baidu.com/,,,,,,,,,,,,,,,,,,,,0
92bb0208b29e7d9508f5eb6c,光宇道口,交通设施,公交车站,黑龙江省,哈尔滨市,南岗区,369路房身沟支线/68路房身沟支线,,0,0,126.606739,45.671385,,,http://map.baidu.com/,,,,,,,,,,,,,,,,,,,,0
b7ade82c6d5a3cf47adbd28d,朱山村,交通设施,公交车站,黑龙江省,哈尔滨市,南岗区,369路房身沟支线/68路房身沟支线,,0,0,126.591784,45.673725,,,http://map.baidu.com/,,,,,,,,,,,,,,,,,,,,0
d60f9d7798c1878e3a04b1af,糖业研究所,交通设施,公交车站,黑龙江省,哈尔滨市,南岗区,68路;104路;104路夜班车,,0,0,126.630589,45.665674,,,http://map.baidu.com/,,,,,,,,,,,,,,,,,,,,0
afedf1c2f1b7c56832f71da9,糖业研究所,交通设施,公交车站,黑龙江省,哈尔滨市,南岗区,104路;104路夜班车;114路;220路;343路;369路小南沟支线,,0,0,126.6304,45.665427,,,http://map.baidu.com/,,,,,,,,,,,,,,,,,,,,0
7e43fd3687d0a80eeaf853fe,三环路(学府路口),交通设施,公交车站,黑龙江省,哈尔滨市,南岗区,98路;369路;369路房身沟支线/68路房身沟支线;369路五一村支线,,0,0,126.622983,45.670984,,,http://map.baidu.com/,,,,,,,,,,,,,,,,,,,,0
c060b297967bb2891188247f,临时站,交通设施,公交车站,黑龙江省,哈尔滨市,香坊区,81路,,0,0,126.644332,45.668746,,,http://map.baidu.com/,,,,,,,,,,,,,,,,,,,,0
e872b166492c13167ab55cf8,临时站,交通设施,公交车站,黑龙江省,哈尔滨市,香坊区,81路,,0,0,126.644335,45.668746,,,http://map.baidu.com/,,,,,,,,,,,,,,,,,,,,0
3f80c86359683421b5147fce,三精制药,交通设施,公交车站,黑龙江省,哈尔滨市,香坊区,39路;218路区间/218路大站快车;220路支线;338路;371路;371路区间,,0,0,126.659838,45.662705,,,http://map.baidu.com/,,,,,,,,,,,,,,,,,,,,0
ec50773511f85efeb817e74a,征仪南路(学府东路口),交通设施,公交车站,黑龙江省,哈尔滨市,香坊区,348路,,0,0,126.649501,45.658112,,,http://map.baidu.com/,,,,,,,,,,,,,,,,,,,,0
f13b5308cf6e50de71455b9d,征仪南路(学府东路口),交通设施,公交车站,黑龙江省,哈尔滨市,香坊区,348路,,0,0,126.649633,45.658074,,,http://map.baidu.com/,,,,,,,,,,,,,,,,,,,,0
e4360d7b15c6307dd8131891,新发屯,交通设施,公交车站,黑龙江省,哈尔滨市,香坊区,39路;338路;371路,,0,0,126.66113,45.658532,,,http://map.baidu.com/,,,,,,,,,,,,,,,,,,,,0
9c5274cb15ba4085f02d8334,恒泰嘉园,交通设施,公交车站,黑龙江省,哈尔滨市,香坊区,39路;218路区间/218路大站快车;220路支线;338路;371路;371路区间,,0,0,126.657881,45.669127,,,http://map.baidu.com/,,,,,,,,,,,,,,,,,,,,0
c081a48349827fcb1b11d5ee,前进村,交通设施,公交车站,黑龙江省,哈尔滨市,香坊区,81路;348路,,0,0,126.643596,45.667612,,,http://map.baidu.com/,,,,,,,,,,,,,,,,,,,,0
ecb88b8067334662593ac8f6,哈南之星,交通设施,公交车站,黑龙江省,哈尔滨市,香坊区,218路区间/218路大站快车,,0,0,126.659168,45.662969,,,http://map.baidu.com/,,,,,,,,,,,,,,,,,,,,0
cac906efc4791cab03ec0118,新发屯,交通设施,公交车站,黑龙江省,哈尔滨市,香坊区,220路支线;371路区间,,0,0,126.661519,45.657165,,,http://map.baidu.com/,,,,,,,,,,,,,,,,,,,,0
29de8b1a527c5ed902ff2d33,新发屯,交通设施,公交车站,黑龙江省,哈尔滨市,香坊区,39路;220路支线;338路;348路;371路;371路区间,,0,0,126.65946,45.657036,,,http://map.baidu.com/,,,,,,,,,,,,,,,,,,,,0
030263d7a9d18cdc48cc4ad3,哈尔滨剑桥学院,交通设施,公交车站,黑龙江省,哈尔滨市,香坊区,39路;218路区间/218路大站快车;220路支线;338路;371路;371路区间,,0,0,126.660753,45.65954,,,http://map.baidu.com/,,,,,,,,,,,,,,,,,,,,0
598a70a49cc6fc831ce99969,哈尔滨剑桥学院,交通设施,公交车站,黑龙江省,哈尔滨市,香坊区,39路;220路支线;338路;371路;371路区间,,0,0,126.660324,45.660578,,,http://map.baidu.com/,,,,,,,,,,,,,,,,,,,,0
ade40ac83660a251a1a93427,哈尔滨剑桥学院,交通设施,公交车站,黑龙江省,哈尔滨市,香坊区,39路;218路区间/218路大站快车;220路支线;338路;371路;371路区间,,0,0,126.661039,45.658848,,,http://map.baidu.com/,,,,,,,,,,,,,,,,,,,,0
da79b013c079f3bc8f55eca7,临时站,交通设施,公交车站,黑龙江省,哈尔滨市,香坊区,81路,,0,0,126.644329,45.668745,,,http://map.baidu.com/,,,,,,,,,,,,,,,,,,,,0
5ac83cec4d66b8c9dbd89172,征仪南路(学府东路口),交通设施,公交车站,黑龙江省,哈尔滨市,香坊区,348路,,0,0,126.649765,45.658037,,,http://map.baidu.com/,,,,,,,,,,,,,,,,,,,,0
692bf0c72fb3ef0141024512,哈南综合枢纽站,交通设施,公交车站,黑龙江省,哈尔滨市,香坊区,39路,,0,0,126.6683,45.65283,,,http://map.baidu.com/,,,,,,,,,,,,,,,,,,,,0
154f28ae0aa9d681d0ff23fa,哈职业技术学院,交通设施,公交车站,黑龙江省,哈尔滨市,南岗区,39路;81路;218路区间/218路大站快车;220路支线;338路;371路;371路区间,,0,0,126.656893,45.673504,,,http://map.baidu.com/,,,,,,,,,,,,,,,,,,,,0
cce578e1dc2609461c3894d0,哈职业技术学院,交通设施,公交车站,黑龙江省,哈尔滨市,香坊区,39路;81路;218路区间/218路大站快车;220路支线;338路;371路;371路区间,,0,0,126.657056,45.673235,,,http://map.baidu.com/,,,,,,,,,,,,,,,,,,,,0
31e1b1d04ca29e9103ec0124,瓦盆窑,交通设施,公交车站,黑龙江省,哈尔滨市,香坊区,220路;343路,,0,0,126.639845,45.652628,,,http://map.baidu.com/,,,,,,,,,,,,,,,,,,,,0
60520153d16d521db54f54d7,糖业研究所,交通设施,公交车站,黑龙江省,哈尔滨市,南岗区,68路;104路;104路夜班车;114路;220路;343路;369路小南沟支线,,0,0,126.630495,45.665589,,,http://map.baidu.com/,,,,,,,,,,,,,,,,,,,,0
60cf0f2813bf83c90f0a703d,糖业研究所,交通设施,公交车站,黑龙江省,哈尔滨市,南岗区,68路;114路;220路;343路,,0,0,126.630401,45.666564,,,http://map.baidu.com/,,,,,,,,,,,,,,,,,,,,0
8868c790ee43ff0442d63e95,龙园,交通设施,公交车站,黑龙江省,哈尔滨市,香坊区,220路;343路,,0,0,126.632578,45.658859,,,http://map.baidu.com/,,,,,,,,,,,,,,,,,,,,0
a0dbea6b3faf2cae5fd4fe25,恒民玻璃公司,交通设施,公交车站,黑龙江省,哈尔滨市,南岗区,81路,,0,0,126.65198,45.670286,,,http://map.baidu.com/,,,,,,,,,,,,,,,,,,,,0
b79f5dd36d9bd0a17ec8767b,学府路(三环路口),交通设施,公交车站,黑龙江省,哈尔滨市,南岗区,68路;104路;104路夜班车;114路;220路,,0,0,126.629869,45.669033,,,http://map.baidu.com/,,,,,,,,,,,,,,,,,,,,0
6bae3f020229466117948e7a,学府路(三环路口),交通设施,公交车站,黑龙江省,哈尔滨市,南岗区,68路;104路;104路夜班车;114路;220路;369路小南沟支线,,0,0,126.62965,45.669144,,,http://map.baidu.com/,,,,,,,,,,,,,,,,,,,,0
15c478cb838483242efaa7a0,综合牧场,交通设施,公交车站,黑龙江省,哈尔滨市,香坊区,39路;220路支线;338路;371路;371路区间,,0,0,126.662565,45.653168,,,http://map.baidu.com/,,,,,,,,,,,,,,,,,,,,0
a25128fbf6e3fb440bf5eb03,征仪南路(兴凯路口),交通设施,公交车站,黑龙江省,哈尔滨市,香坊区,348路,,0,0,126.652133,45.644214,,,http://map.baidu.com/,,,,,,,,,,,,,,,,,,,,0
a4f813a145838c6f441a32dc,学府路(三环路口),交通设施,公交车站,黑龙江省,哈尔滨市,南岗区,68路;104路;104路夜班车;114路;220路;369路小南沟支线,,0,0,126.629505,45.669219,,,http://map.baidu.com/,,,,,,,,,,,,,,,,,,,,0
483b148a98e52837b23c8196,恒泰嘉园,交通设施,公交车站,黑龙江省,哈尔滨市,香坊区,39路;218路区间/218路大站快车;220路支线;338路;371路;371路区间,,0,0,126.657881,45.669127,,,http://map.baidu.com/,,,,,,,,,,,,,,,,,,,,0
d60f9d7798c1878e3a04b1af,糖业研究所,交通设施,公交车站,黑龙江省,哈尔滨市,南岗区,68路;104路;104路夜班车,,0,0,126.630589,45.665674,,,http://map.baidu.com/,,,,,,,,,,,,,,,,,,,,0
afedf1c2f1b7c56832f71da9,糖业研究所,交通设施,公交车站,黑龙江省,哈尔滨市,南岗区,104路;104路夜班车;114路;220路;343路;369路小南沟支线,,0,0,126.6304,45.665427,,,http://map.baidu.com/,,,,,,,,,,,,,,,,,,,,0
3f0891fdac7936191d1d1188,征仪南路(兴凯路路口),交通设施,公交车站,黑龙江省,哈尔滨市,香坊区,348路,,0,0,126.651938,45.643999,,,http://map.baidu.com/,,,,,,,,,,,,,,,,,,,,0
c0779214aca3abd22dfaa793,征仪南路(兴凯路口),交通设施,公交车站,黑龙江省,哈尔滨市,香坊区,348路,,0,0,126.652133,45.644214,,,http://map.baidu.com/,,,,,,,,,,,,,,,,,,,,0
c61e2a5275ecbf901811d5ed,团结村,交通设施,公交车站,黑龙江省,哈尔滨市,香坊区,365路东大坝支线;365路九三油脂支线,,0,0,126.696784,45.659327,,,http://map.baidu.com/,,,,,,,,,,,,,,,,,,,,0
d0564858ceb07bdc9cf779f8,团结村西站,交通设施,公交车站,黑龙江省,哈尔滨市,香坊区,365路东大坝支线;365路九三油脂支线,,0,0,126.691279,45.660734,,,http://map.baidu.com/,,,,,,,,,,,,,,,,,,,,0
de467b4a8c9854d66140a968,团结村,交通设施,公交车站,黑龙江省,哈尔滨市,香坊区,365路东大坝支线;365路九三油脂支线,,0,0,126.696784,45.659327,,,http://map.baidu.com/,,,,,,,,,,,,,,,,,,,,0
3782b044d2324dc7b5f42fdc,团结村,交通设施,公交车站,黑龙江省,哈尔滨市,香坊区,365路东大坝支线,,0,0,126.696775,45.659327,,,http://map.baidu.com/,,,,,,,,,,,,,,,,,,,,0
5f47c8b7d34d794746e274c7,杨家店屯,交通设施,公交车站,黑龙江省,哈尔滨市,香坊区,365路九三油脂支线,,0,0,126.697047,45.663798,,,http://map.baidu.com/,,,,,,,,,,,,,,,,,,,,0
1f13669017612659c9c3dbe4,腰大坝,交通设施,公交车站,黑龙江省,哈尔滨市,香坊区,365路东大坝支线;365路九三油脂支线,,0,0,126.712682,45.655801,,,http://map.baidu.com/,,,,,,,,,,,,,,,,,,,,0
cdbe532a903f0c87ce04ef5e,团结村委会,交通设施,公交车站,黑龙江省,哈尔滨市,香坊区,365路东大坝支线;365路九三油脂支线,,0,0,126.708518,45.656945,,,http://map.baidu.com/,,,,,,,,,,,,,,,,,,,,0
bc559450b0bb5c4ea7c75616,招呼站,交通设施,公交车站,黑龙江省,哈尔滨市,香坊区,333路,,0,0,126.752925,45.662294,,,http://map.baidu.com/,,,,,,,,,,,,,,,,,,,,0
5ea0faf3ef6ccb36db1318cf,招呼站,交通设施,公交车站,黑龙江省,哈尔滨市,香坊区,333路;337路;郊7路,,0,0,126.742681,45.676486,,,http://map.baidu.com/,,,,,,,,,,,,,,,,,,,,0
a7ff801736969db54f3a5944,招呼站,交通设施,公交车站,黑龙江省,哈尔滨市,香坊区,333路,,0,0,126.753135,45.659454,,,http://map.baidu.com/,,,,,,,,,,,,,,,,,,,,0
517b82d908c404d66d3e1b24,招呼站,交通设施,公交车站,黑龙江省,哈尔滨市,香坊区,333路,,0,0,126.753135,45.659454,,,http://map.baidu.com/,,,,,,,,,,,,,,,,,,,,0
9ed45f1b009d5ddd45572602,招呼站,交通设施,公交车站,黑龙江省,哈尔滨市,香坊区,333路;337路;郊7路,,0,0,126.742316,45.676551,,,http://map.baidu.com/,,,,,,,,,,,,,,,,,,,,0
996d9184ce18accac909f058,招呼站,交通设施,公交车站,黑龙江省,哈尔滨市,香坊区,337路;郊7路,,0,0,126.743406,45.676318,,,http://map.baidu.com/,,,,,,,,,,,,,,,,,,,,0
2e398dae759da90dcb213d41,招呼站,交通设施,公交车站,黑龙江省,哈尔滨市,香坊区,333路,,0,0,126.742327,45.676625,,,http://map.baidu.com/,,,,,,,,,,,,,,,,,,,,0
a4de231485f8f21c9fec2b81,吕家油坊,交通设施,公交车站,黑龙江省,哈尔滨市,香坊区,333路;337路;郊7路,,0,0,126.749436,45.673336,,,http://map.baidu.com/,,,,,,,,,,,,,,,,,,,,0
7b35d9bc1169e64c0869d908,吕家油坊道口,交通设施,公交车站,黑龙江省,哈尔滨市,香坊区,333路,,0,0,126.749314,45.674198,,,http://map.baidu.com/,,,,,,,,,,,,,,,,,,,,0
a4d9456922f829d7d8131836,高速桥洞口,交通设施,公交车站,黑龙江省,哈尔滨市,香坊区,333路,,0,0,126.752257,45.65167,,,http://map.baidu.com/,,,,,,,,,,,,,,,,,,,,0
fa299ab79f9ff0d11fe99977,三丰,交通设施,公交车站,黑龙江省,哈尔滨市,香坊区,333路;337路;郊7路,,0,0,126.736636,45.67816,,,http://map.baidu.com/,,,,,,,,,,,,,,,,,,,,0
1f13669017612659c9c3dbe4,腰大坝,交通设施,公交车站,黑龙江省,哈尔滨市,香坊区,365路东大坝支线;365路九三油脂支线,,0,0,126.712682,45.655801,,,http://map.baidu.com/,,,,,,,,,,,,,,,,,,,,0
a06d109dccc39857b11e369a,第六十六中学,交通设施,公交车站,黑龙江省,哈尔滨市,香坊区,337路;郊7路,,0,0,126.756083,45.672502,,,http://map.baidu.com/,,,,,,,,,,,,,,,,,,,,0
30183fbc324c139362685898,高速桥洞子,交通设施,公交车站,黑龙江省,哈尔滨市,香坊区,333路,,0,0,126.752264,45.651704,,,http://map.baidu.com/,,,,,,,,,,,,,,,,,,,,0
fcbb18209bc07dcecac3dbfd,东大坝,交通设施,公交车站,黑龙江省,哈尔滨市,香坊区,365路东大坝支线;365路九三油脂支线,,0,0,126.718027,45.651944,,,http://map.baidu.com/,,,,,,,,,,,,,,,,,,,,0
4373487aec6714fce115f9d2,高速桥洞口,交通设施,公交车站,黑龙江省,哈尔滨市,香坊区,333路,,0,0,126.752257,45.65167,,,http://map.baidu.com/,,,,,,,,,,,,,,,,,,,,0
f5ef754a810492ff7dc876da,高速桥洞子,交通设施,公交车站,黑龙江省,哈尔滨市,香坊区,333路,,0,0,126.752264,45.651704,,,http://map.baidu.com/,,,,,,,,,,,,,,,,,,,,0
9a39ed223011e7248ab9888a,第六十六中学,交通设施,公交车站,黑龙江省,哈尔滨市,香坊区,337路;郊7路,,0,0,126.756156,45.672441,,,http://map.baidu.com/,,,,,,,,,,,,,,,,,,,,0
b9c3e4ba125b0daeb75f1e20,第六十六中学,交通设施,公交车站,黑龙江省,哈尔滨市,香坊区,337路;郊7路,,0,0,126.75601,45.672563,,,http://map.baidu.com/,,,,,,,,,,,,,,,,,,,,0
4a71f57f7fc6a042740269d6,鞠家床子,交通设施,公交车站,黑龙江省,哈尔滨市,香坊区,337路;郊7路,,0,0,126.786344,45.663338,,,http://map.baidu.com/,,,,,,,,,,,,,,,,,,,,0
5f17ad8253febf14b64f54d1,招呼站,交通设施,公交车站,黑龙江省,哈尔滨市,香坊区,337路;郊7路,,0,0,126.765499,45.669728,,,http://map.baidu.com/,,,,,,,,,,,,,,,,,,,,0
a395b957513d9c8831870ae9,招呼站,交通设施,公交车站,黑龙江省,哈尔滨市,香坊区,337路;郊7路,,0,0,126.765605,45.669619,,,http://map.baidu.com/,,,,,,,,,,,,,,,,,,,,0
dd595ea6a69523afc4effb91,招呼站,交通设施,公交车站,黑龙江省,哈尔滨市,香坊区,333路;337路;郊7路,,0,0,126.763027,45.668198,,,http://map.baidu.com/,,,,,,,,,,,,,,,,,,,,0
a7ff801736969db54f3a5944,招呼站,交通设施,公交车站,黑龙江省,哈尔滨市,香坊区,333路,,0,0,126.753135,45.659454,,,http://map.baidu.com/,,,,,,,,,,,,,,,,,,,,0
bc559450b0bb5c4ea7c75616,招呼站,交通设施,公交车站,黑龙江省,哈尔滨市,香坊区,333路,,0,0,126.752925,45.662294,,,http://map.baidu.com/,,,,,,,,,,,,,,,,,,,,0
517b82d908c404d66d3e1b24,招呼站,交通设施,公交车站,黑龙江省,哈尔滨市,香坊区,333路,,0,0,126.753135,45.659454,,,http://map.baidu.com/,,,,,,,,,,,,,,,,,,,,0
eb6881fa0f2ae7d097ec8450,坝墙子屯,交通设施,公交车站,黑龙江省,哈尔滨市,香坊区,337路;郊7路,,0,0,126.769381,45.66857,,,http://map.baidu.com/,,,,,,,,,,,,,,,,,,,,0
d5194ed60ee00bbf3f9a5e89,临时站三,交通设施,公交车站,黑龙江省,哈尔滨市,香坊区,364路二环,,0,0,126.797289,45.670279,,,http://map.baidu.com/,,,,,,,,,,,,,,,,,,,,0
546bfd0fe519f158c52ba1ba,临时站三,交通设施,公交车站,黑龙江省,哈尔滨市,香坊区,364路二环,,0,0,126.797289,45.670279,,,http://map.baidu.com/,,,,,,,,,,,,,,,,,,,,0
bbea494339466cb0ca1b9566,万家村,交通设施,公交车站,黑龙江省,哈尔滨市,香坊区,364路万家支线,,0,0,126.799951,45.669721,,,http://map.baidu.com/,,,,,,,,,,,,,,,,,,,,0
7a3de2df86cc7c8b095cb32b,万家村,交通设施,公交车站,黑龙江省,哈尔滨市,香坊区,364路二环;364路万家支线,,0,0,126.799913,45.669729,,,http://map.baidu.com/,,,,,,,,,,,,,,,,,,,,0
a9560082108ca97e49fd3f58,坝墙子屯,交通设施,公交车站,黑龙江省,哈尔滨市,香坊区,337路;郊7路,,0,0,126.769556,45.668559,,,http://map.baidu.com/,,,,,,,,,,,,,,,,,,,,0
b0dd50d641fab23f5810939e,耿家店,交通设施,公交车站,黑龙江省,哈尔滨市,香坊区,337路;郊7路,,0,0,126.790746,45.661304,,,http://map.baidu.com/,,,,,,,,,,,,,,,,,,,,0
f18b9a0907ab61bdf8221399,坝墙子屯,交通设施,公交车站,黑龙江省,哈尔滨市,香坊区,337路;郊7路,,0,0,126.769207,45.668582,,,http://map.baidu.com/,,,,,,,,,,,,,,,,,,,,0
d040725f42aa0772d72ce293,孙家屯,交通设施,公交车站,黑龙江省,哈尔滨市,香坊区,337路;郊7路,,0,0,126.760153,45.671287,,,http://map.baidu.com/,,,,,,,,,,,,,,,,,,,,0
d5194ed60ee00bbf3f9a5e89,临时站三,交通设施,公交车站,黑龙江省,哈尔滨市,香坊区,364路二环,,0,0,126.797289,45.670279,,,http://map.baidu.com/,,,,,,,,,,,,,,,,,,,,0
546bfd0fe519f158c52ba1ba,临时站三,交通设施,公交车站,黑龙江省,哈尔滨市,香坊区,364路二环,,0,0,126.797289,45.670279,,,http://map.baidu.com/,,,,,,,,,,,,,,,,,,,,0
7a3de2df86cc7c8b095cb32b,万家村,交通设施,公交车站,黑龙江省,哈尔滨市,香坊区,364路二环;364路万家支线,,0,0,126.799913,45.669729,,,http://map.baidu.com/,,,,,,,,,,,,,,,,,,,,0
bbea494339466cb0ca1b9566,万家村,交通设施,公交车站,黑龙江省,哈尔滨市,香坊区,364路万家支线,,0,0,126.799951,45.669721,,,http://map.baidu.com/,,,,,,,,,,,,,,,,,,,,0
ca1b4b6ca3d870219de3215a,东方红村,交通设施,公交车站,黑龙江省,哈尔滨市,香坊区,337路;郊7路,,0,0,126.799456,45.652533,,,http://map.baidu.com/,,,,,,,,,,,,,,,,,,,,0
e893dc863a10eb710d0e6b4e,于排子屯,交通设施,公交车站,黑龙江省,哈尔滨市,阿城区,377路支线2,,0,0,126.840245,45.667873,,,http://map.baidu.com/,,,,,,,,,,,,,,,,,,,,0
dba2d8a1746308c143afe675,前许家屯,交通设施,公交车站,黑龙江省,哈尔滨市,香坊区,377路支线5,,0,0,126.861654,45.660629,,,http://map.baidu.com/,,,,,,,,,,,,,,,,,,,,0
05b5d922f3d50820e8e582bf,管家屯,交通设施,公交车站,黑龙江省,哈尔滨市,阿城区,377路支线2,,0,0,126.840691,45.672352,,,http://map.baidu.com/,,,,,,,,,,,,,,,,,,,,0
e893dc863a10eb710d0e6b4e,于排子屯,交通设施,公交车站,黑龙江省,哈尔滨市,阿城区,377路支线2,,0,0,126.840245,45.667873,,,http://map.baidu.com/,,,,,,,,,,,,,,,,,,,,0
5479b821e666acb626d2bbd2,御泉谷,交通设施,公交车站,黑龙江省,哈尔滨市,阿城区,377路支线3,,0,0,126.918071,45.674501,,,http://map.baidu.com/,,,,,,,,,,,,,,,,,,,,0
b64403e570dfadd721f017cb,伏尔加庄园,交通设施,公交车站,黑龙江省,哈尔滨市,香坊区,377路支线3,,0,0,126.902291,45.675983,,,http://map.baidu.com/,,,,,,,,,,,,,,,,,,,,0
44045cfadf1cd897f90cad19,唐家,交通设施,公交车站,黑龙江省,哈尔滨市,阿城区,603路,,0,0,126.955676,45.66568,,,http://map.baidu.com/,,,,,,,,,,,,,,,,,,,,0
571888bcdeac9781223bf25b,联合小学,交通设施,公交车站,黑龙江省,哈尔滨市,阿城区,603路,,0,0,126.966136,45.65535,,,http://map.baidu.com/,,,,,,,,,,,,,,,,,,,,0
ef88ee071819aebc7dc87648,闽南国际商贸城(伏尔加庄园道口),交通设施,公交车站,黑龙江省,哈尔滨市,阿城区,603路,,0,0,126.945163,45.678548,,,http://map.baidu.com/,,,,,,,,,,,,,,,,,,,,0
c1c9ae5805965bb096ca075d,平房,交通设施,公交车站,黑龙江省,哈尔滨市,阿城区,603路,,0,0,126.971934,45.649312,,,http://map.baidu.com/,,,,,,,,,,,,,,,,,,,,0
571888bcdeac9781223bf25b,联合小学,交通设施,公交车站,黑龙江省,哈尔滨市,阿城区,603路,,0,0,126.966136,45.65535,,,http://map.baidu.com/,,,,,,,,,,,,,,,,,,,,0
910ef0bf089271822cb17ec0,万家加油站,交通设施,公交车站,黑龙江省,哈尔滨市,道里区,341路,,0,0,126.371257,45.681828,,,http://map.baidu.com/,,,,,,,,,,,,,,,,,,,,0
2f035817b6cba6dc4f2fdf33,苏家,交通设施,公交车站,黑龙江省,哈尔滨市,道里区,341路,,0,0,126.392503,45.684625,,,http://map.baidu.com/,,,,,,,,,,,,,,,,,,,,0
4ccddba25129108af7eafc04,中安油坊,交通设施,公交车站,黑龙江省,哈尔滨市,道里区,341路,,0,0,126.404509,45.685329,,,http://map.baidu.com/,,,,,,,,,,,,,,,,,,,,0
6459b70283ad3be71329357a,中安道口,交通设施,公交车站,黑龙江省,哈尔滨市,道里区,341路,,0,0,126.408401,45.685784,,,http://map.baidu.com/,,,,,,,,,,,,,,,,,,,,0
1104403e7215ce8fadb22a81,万家电缆厂,交通设施,公交车站,黑龙江省,哈尔滨市,道里区,341路,,0,0,126.38353,45.684409,,,http://map.baidu.com/,,,,,,,,,,,,,,,,,,,,0
0828836eca21d233d92f2863,新发村,交通设施,公交车站,黑龙江省,哈尔滨市,道里区,341路,,0,0,126.420322,45.686242,,,http://map.baidu.com/,,,,,,,,,,,,,,,,,,,,0
b79a19c537b52cd06fa3cc2f,世轩塑料厂,交通设施,公交车站,黑龙江省,哈尔滨市,道里区,341路,,0,0,126.398599,45.684935,,,http://map.baidu.com/,,,,,,,,,,,,,,,,,,,,0
c9f95d90a601e679d813183f,环湖南路(环湖中路口),交通设施,公交车站,黑龙江省,哈尔滨市,道里区,341路长岭湖支线,,0,0,126.441642,45.699489,,,http://map.baidu.com/,,,,,,,,,,,,,,,,,,,,0
2e1a9a34d070695b9122e098,长岭湖客服中心,交通设施,公交车站,黑龙江省,哈尔滨市,道里区,341路长岭湖支线,,0,0,126.447223,45.699023,,,http://map.baidu.com/,,,,,,,,,,,,,,,,,,,,0
698a6131c6ed5b714acc4a07,十公里,交通设施,公交车站,黑龙江省,哈尔滨市,道里区,341路,,0,0,126.453085,45.690079,,,http://map.baidu.com/,,,,,,,,,,,,,,,,,,,,0
b952a32df93a76567bf79624,宫家,交通设施,公交车站,黑龙江省,哈尔滨市,道里区,341路,,0,0,126.449779,45.689288,,,http://map.baidu.com/,,,,,,,,,,,,,,,,,,,,0
9499d015eaea4912b7265511,庆丰(分区点),交通设施,公交车站,黑龙江省,哈尔滨市,道里区,341路,,0,0,126.436582,45.688335,,,http://map.baidu.com/,,,,,,,,,,,,,,,,,,,,0
424485785a029b6c9d9d683b,长岭湖公交停车场,交通设施,公交车站,黑龙江省,哈尔滨市,道里区,341路长岭湖支线,,0,0,126.43284,45.699423,,,http://map.baidu.com/,,,,,,,,,,,,,,,,,,,,0
3d7d36d0aba6e6cfeddfcaa8,环湖南路(环湖中路口),交通设施,公交车站,黑龙江省,哈尔滨市,道里区,341路长岭湖支线,,0,0,126.441582,45.699493,,,http://map.baidu.com/,,,,,,,,,,,,,,,,,,,,0
f5f7b3bf588cde542fe67b93,环湖南路(环湖中路口),交通设施,公交车站,黑龙江省,哈尔滨市,道里区,341路长岭湖支线,,0,0,126.441702,45.699484,,,http://map.baidu.com/,,,,,,,,,,,,,,,,,,,,0
f410d96f7a67d822e7e96577,长岭湖公交停车场,交通设施,公交车站,黑龙江省,哈尔滨市,道里区,341路长岭湖支线,,0,0,126.43284,45.699423,,,http://map.baidu.com/,,,,,,,,,,,,,,,,,,,,0
7f95c92437ce8aa35fd4feed,庆丰村,交通设施,公交车站,黑龙江省,哈尔滨市,道里区,341路,,0,0,126.442223,45.690057,,,http://map.baidu.com/,,,,,,,,,,,,,,,,,,,,0
a93ac62421bcd440a8f729a0,庆丰(分区点),交通设施,公交车站,黑龙江省,哈尔滨市,道里区,341路,,0,0,126.436886,45.688402,,,http://map.baidu.com/,,,,,,,,,,,,,,,,,,,,0
f89d238ab424e44df319375c,长岭湖公交停车场,交通设施,公交车站,黑龙江省,哈尔滨市,道里区,341路长岭湖支线,,0,0,126.43284,45.699423,,,http://map.baidu.com/,,,,,,,,,,,,,,,,,,,,0
260bd1ae52f29147b45f1ed7,庆丰(分区点),交通设施,公交车站,黑龙江省,哈尔滨市,道里区,341路,,0,0,126.436278,45.688268,,,http://map.baidu.com/,,,,,,,,,,,,,,,,,,,,0
b63773267d8699816c3e1bad,冰灯面业,交通设施,公交车站,黑龙江省,哈尔滨市,道里区,341路,,0,0,126.457118,45.692101,,,http://map.baidu.com/,,,,,,,,,,,,,,,,,,,,0
5fb31eedd7d37c0e120daa9a,三厂道口,交通设施,公交车站,黑龙江省,哈尔滨市,道里区,341路,,0,0,126.42851,45.686945,,,http://map.baidu.com/,,,,,,,,,,,,,,,,,,,,0
1fd358d714206066d13ce385,康乐园养老公寓,交通设施,公交车站,黑龙江省,哈尔滨市,道里区,341路,,0,0,126.461423,45.694383,,,http://map.baidu.com/,,,,,,,,,,,,,,,,,,,,0
0828836eca21d233d92f2863,新发村,交通设施,公交车站,黑龙江省,哈尔滨市,道里区,341路,,0,0,126.420322,45.686242,,,http://map.baidu.com/,,,,,,,,,,,,,,,,,,,,0
104505e7719791880f0e6b88,宫家路口,交通设施,公交车站,黑龙江省,哈尔滨市,道里区,341路长岭湖支线,,0,0,126.4553,45.698991,,,http://map.baidu.com/,,,,,,,,,,,,,,,,,,,,0
b45ba7e2da1688a25d0d02ce,五一新村,交通设施,公交车站,黑龙江省,哈尔滨市,道里区,341路五一村支线,,0,0,126.452152,45.705861,,,http://map.baidu.com/,,,,,,,,,,,,,,,,,,,,0
aacf879e953eb2809e9d68d1,五一村委会,交通设施,公交车站,黑龙江省,哈尔滨市,道里区,341路五一村支线,,0,0,126.445684,45.712007,,,http://map.baidu.com/,,,,,,,,,,,,,,,,,,,,0
511376664421e774cf06a488,建国村,交通设施,公交车站,黑龙江省,哈尔滨市,道里区,341路;341路长岭湖支线;341路五一村支线;369路,,0,0,126.48667,45.704539,,,http://map.baidu.com/,,,,,,,,,,,,,,,,,,,,0
c2fa6e995603b29ecf04efba,北朱队,交通设施,公交车站,黑龙江省,哈尔滨市,道里区,369路,,0,0,126.491311,45.685469,,,http://map.baidu.com/,,,,,,,,,,,,,,,,,,,,0
6f21b65430525d09d5b74e8f,辛家加油站,交通设施,公交车站,黑龙江省,哈尔滨市,道里区,341路,,0,0,126.469676,45.698915,,,http://map.baidu.com/,,,,,,,,,,,,,,,,,,,,0
2ecbbcdff6dfaaeb11882423,辛家,交通设施,公交车站,黑龙江省,哈尔滨市,道里区,341路,,0,0,126.466582,45.697112,,,http://map.baidu.com/,,,,,,,,,,,,,,,,,,,,0
461e2fb60d5cc128c4f50d7c,梁家村,交通设施,公交车站,黑龙江省,哈尔滨市,道里区,369路,,0,0,126.491103,45.689609,,,http://map.baidu.com/,,,,,,,,,,,,,,,,,,,,0
dfa4cd18e8507ac1c6effbc6,程湖路(环湖南路口),交通设施,公交车站,黑龙江省,哈尔滨市,道里区,341路长岭湖支线,,0,0,126.477829,45.705686,,,http://map.baidu.com/,,,,,,,,,,,,,,,,,,,,0
b379349827e3400ea4c75682,材料厂,交通设施,公交车站,黑龙江省,哈尔滨市,道里区,341路,,0,0,126.476285,45.701136,,,http://map.baidu.com/,,,,,,,,,,,,,,,,,,,,0
c966861a349f50b2b15c6a7e,北朱队,交通设施,公交车站,黑龙江省,哈尔滨市,道里区,369路,,0,0,126.491384,45.684468,,,http://map.baidu.com/,,,,,,,,,,,,,,,,,,,,0
85d5b7ebbc058e2137b06c95,环湖南路(环湖东路口),交通设施,公交车站,黑龙江省,哈尔滨市,道里区,341路长岭湖支线,,0,0,126.4706,45.70472,,,http://map.baidu.com/,,,,,,,,,,,,,,,,,,,,0
a547cbe5455a1324be4842a7,建国桥下,交通设施,公交车站,黑龙江省,哈尔滨市,道里区,341路;341路长岭湖支线;341路五一村支线,,0,0,126.492874,45.709587,,,http://map.baidu.com/,,,,,,,,,,,,,,,,,,,,0
7384a5217dff3966f7e73b06,北朱队,交通设施,公交车站,黑龙江省,哈尔滨市,道里区,369路,,0,0,126.491384,45.684468,,,http://map.baidu.com/,,,,,,,,,,,,,,,,,,,,0
07eed1d812577c142b3a9fb1,长岭湖东路口,交通设施,公交车站,黑龙江省,哈尔滨市,道里区,341路长岭湖支线;341路五一村支线,,0,0,126.482004,45.704874,,,http://map.baidu.com/,,,,,,,,,,,,,,,,,,,,0
0d37e39f3d504c91f90cad46,环湖南路,交通设施,公交车站,黑龙江省,哈尔滨市,道里区,341路五一村支线,,0,0,126.478539,45.706278,,,http://map.baidu.com/,,,,,,,,,,,,,,,,,,,,0
5935f564d8831c3578dbd254,程湖路(环湖南路口),交通设施,公交车站,黑龙江省,哈尔滨市,道里区,341路长岭湖支线,,0,0,126.477831,45.705687,,,http://map.baidu.com/,,,,,,,,,,,,,,,,,,,,0
aee4516daea4e680da2f2892,程湖路(环湖南路口),交通设施,公交车站,黑龙江省,哈尔滨市,道里区,341路长岭湖支线,,0,0,126.477826,45.705685,,,http://map.baidu.com/,,,,,,,,,,,,,,,,,,,,0
1fd358d714206066d13ce385,康乐园养老公寓,交通设施,公交车站,黑龙江省,哈尔滨市,道里区,341路,,0,0,126.461423,45.694383,,,http://map.baidu.com/,,,,,,,,,,,,,,,,,,,,0
09c8123c8bda64a8ddee8b7c,环湖北路口,交通设施,公交车站,黑龙江省,哈尔滨市,道里区,341路五一村支线,,0,0,126.473506,45.709781,,,http://map.baidu.com/,,,,,,,,,,,,,,,,,,,,0
3c0a91620d1d7ef4dbeced37,环湖南路(环湖东路口),交通设施,公交车站,黑龙江省,哈尔滨市,道里区,341路长岭湖支线,,0,0,126.470548,45.704687,,,http://map.baidu.com/,,,,,,,,,,,,,,,,,,,,0
57f8a8a1eab5ab9f9b68b4f6,环湖南路(环湖东路口),交通设施,公交车站,黑龙江省,哈尔滨市,道里区,341路长岭湖支线,,0,0,126.470653,45.704753,,,http://map.baidu.com/,,,,,,,,,,,,,,,,,,,,0
2cf093f393473dfa715e8055,绿野山庄度假村,交通设施,公交车站,黑龙江省,哈尔滨市,道里区,341路长岭湖支线,,0,0,126.466321,45.702177,,,http://map.baidu.com/,,,,,,,,,,,,,,,,,,,,0
b662eda07af2be0baf080f33,小三姓,交通设施,公交车站,黑龙江省,哈尔滨市,道里区,335路;345路;345路民主村支线;362路;369路五一村支线;383路;391路,,0,0,126.523065,45.690069,,,http://map.baidu.com/,,,,,,,,,,,,,,,,,,,,0
9400825a265034aabda24069,南湖路(青山路口),交通设施,公交车站,黑龙江省,哈尔滨市,道里区,90路;201路,,0,0,126.52469,45.697667,,,http://map.baidu.com/,,,,,,,,,,,,,,,,,,,,0
5e696ead287e55cef03cba16,南湖路(青山路口),交通设施,公交车站,黑龙江省,哈尔滨市,道里区,90路;201路,,0,0,126.524778,45.697638,,,http://map.baidu.com/,,,,,,,,,,,,,,,,,,,,0
791e38192e593075306212d1,易通驾校,交通设施,公交车站,黑龙江省,哈尔滨市,道里区,335路;345路;345路民主村支线;362路;369路五一村支线;383路;391路,,0,0,126.519652,45.688319,,,http://map.baidu.com/,,,,,,,,,,,,,,,,,,,,0
326256d2bd60ff90b6f42faa,易通驾校,交通设施,公交车站,黑龙江省,哈尔滨市,道里区,335路;345路;345路民主村支线;362路;369路五一村支线;383路;391路,,0,0,126.519639,45.688404,,,http://map.baidu.com/,,,,,,,,,,,,,,,,,,,,0
d2fecdd37554e6cccac3db7d,南湖路(天平路口),交通设施,公交车站,黑龙江省,哈尔滨市,道里区,90路,,0,0,126.529344,45.698088,,,http://map.baidu.com/,,,,,,,,,,,,,,,,,,,,0
14be658b8d4f84e8abf7294c,易通驾校,交通设施,公交车站,黑龙江省,哈尔滨市,道里区,335路;345路;345路民主村支线;362路;369路五一村支线;383路;391路,,0,0,126.519628,45.688476,,,http://map.baidu.com/,,,,,,,,,,,,,,,,,,,,0
d367c644f374155cd92f2843,中药二厂,交通设施,公交车站,黑龙江省,哈尔滨市,道里区,57路;90路,,0,0,126.531965,45.695579,,,http://map.baidu.com/,,,,,,,,,,,,,,,,,,,,0
dbd04df398ac1465cd04ef76,开发区道口,交通设施,公交车站,黑龙江省,哈尔滨市,道里区,335路;345路;345路民主村支线;362路;369路五一村支线;383路;391路,,0,0,126.531903,45.694493,,,http://map.baidu.com/,,,,,,,,,,,,,,,,,,,,0
72dfd46fb7663c1fd3ff23f1,开发区道口,交通设施,公交车站,黑龙江省,哈尔滨市,道里区,335路;345路;345路民主村支线;362路;369路五一村支线;383路;391路,,0,0,126.531562,45.694159,,,http://map.baidu.com/,,,,,,,,,,,,,,,,,,,,0
1b65ca5be034534c36b06c84,开发区道口,交通设施,公交车站,黑龙江省,哈尔滨市,道里区,335路;345路;345路民主村支线;362路;369路五一村支线;383路;391路,,0,0,126.531732,45.694326,,,http://map.baidu.com/,,,,,,,,,,,,,,,,,,,,0
c98131539e9ec44e3a04b189,胜利嘉园小区,交通设施,公交车站,黑龙江省,哈尔滨市,道里区,335路;345路;345路民主村支线;362路;369路五一村支线;383路;391路,,0,0,126.527697,45.692338,,,http://map.baidu.com/,,,,,,,,,,,,,,,,,,,,0
627e1468b7ea911f9b68b4c8,北环驾校,交通设施,公交车站,黑龙江省,哈尔滨市,道里区,140路;201路,,0,0,126.532685,45.699961,,,http://map.baidu.com/,,,,,,,,,,,,,,,,,,,,0
0e66143832c5775a081cc7b8,高新医院,交通设施,公交车站,黑龙江省,哈尔滨市,道里区,57路;90路;335路;345路;345路民主村支线;362路;369路五一村支线;383路;391路,,0,0,126.53417,45.695533,,,http://map.baidu.com/,,,,,,,,,,,,,,,,,,,,0
f8149391368a42635e17c39a,南湖路(青山路口),交通设施,公交车站,黑龙江省,哈尔滨市,道里区,90路;201路,,0,0,126.524603,45.697697,,,http://map.baidu.com/,,,,,,,,,,,,,,,,,,,,0
d06e5623c6cb4b2a601c672e,王家店,交通设施,公交车站,黑龙江省,哈尔滨市,道里区,57路;90路;335路;345路;345路民主村支线;362路;369路五一村支线;383路;391路,,0,0,126.539329,45.698105,,,http://map.baidu.com/,,,,,,,,,,,,,,,,,,,,0
21ea78fe15e3da5df4e73b8d,南湖路(天平路口),交通设施,公交车站,黑龙江省,哈尔滨市,道里区,90路,,0,0,126.529201,45.698033,,,http://map.baidu.com/,,,,,,,,,,,,,,,,,,,,0
17ad2889c1f4a9eb29d7aba0,南湖路(天平路口),交通设施,公交车站,黑龙江省,哈尔滨市,道里区,90路,,0,0,126.529487,45.698143,,,http://map.baidu.com/,,,,,,,,,,,,,,,,,,,,0
ac70b5f0d5246402ede4a585,中药二厂,交通设施,公交车站,黑龙江省,哈尔滨市,道里区,57路;90路,,0,0,126.532067,45.695662,,,http://map.baidu.com/,,,,,,,,,,,,,,,,,,,,0
b940291954778ef4471a32b9,第一工具制造公司,交通设施,公交车站,黑龙江省,哈尔滨市,道里区,140路,,0,0,126.518183,45.695873,,,http://map.baidu.com/,,,,,,,,,,,,,,,,,,,,0
311e1290a9c1d50faecb6629,完达山公司,交通设施,公交车站,黑龙江省,哈尔滨市,道里区,140路;201路,,0,0,126.535715,45.707649,,,http://map.baidu.com/,,,,,,,,,,,,,,,,,,,,0
792ae87c557fc482cd04ef76,世一堂,交通设施,公交车站,黑龙江省,哈尔滨市,道里区,369路五一村支线,,0,0,126.546095,45.688129,,,http://map.baidu.com/,,,,,,,,,,,,,,,,,,,,0
0e66143832c5775a081cc7b8,高新医院,交通设施,公交车站,黑龙江省,哈尔滨市,道里区,57路;90路;335路;345路;345路民主村支线;362路;369路五一村支线;383路;391路,,0,0,126.53417,45.695533,,,http://map.baidu.com/,,,,,,,,,,,,,,,,,,,,0
6202178cd76fbaebc909f022,华滨道口,交通设施,公交车站,黑龙江省,哈尔滨市,道里区,335路;345路;345路民主村支线;362路;369路;369路五一村支线;383路;391路,,0,0,126.513475,45.685348,,,http://map.baidu.com/,,,,,,,,,,,,,,,,,,,,0
b5f6ab173b5def7bb54f54f7,邮政物流公司,交通设施,公交车站,黑龙江省,哈尔滨市,道里区,140路,,0,0,126.517037,45.704022,,,http://map.baidu.com/,,,,,,,,,,,,,,,,,,,,0
5e5ad45e4990c5934c3a5974,天平路(东湖路口),交通设施,公交车站,黑龙江省,哈尔滨市,道里区,57路;140路,,0,0,126.523753,45.70588,,,http://map.baidu.com/,,,,,,,,,,,,,,,,,,,,0
d3ec7420ed65a624a7c7562e,天平路(东湖路口),交通设施,公交车站,黑龙江省,哈尔滨市,道里区,57路,,0,0,126.52487,45.706168,,,http://map.baidu.com/,,,,,,,,,,,,,,,,,,,,0
d7a8ea3cf547f1e60b69d9c0,天平路(东湖路口),交通设施,公交车站,黑龙江省,哈尔滨市,道里区,57路;140路,,0,0,126.524125,45.705976,,,http://map.baidu.com/,,,,,,,,,,,,,,,,,,,,0
2a7a52c6652cf33d0a5cb371,金豪木业公司,交通设施,公交车站,黑龙江省,哈尔滨市,道里区,85路;140路,,0,0,126.535624,45.709478,,,http://map.baidu.com/,,,,,,,,,,,,,,,,,,,,0
e040c0ddb3ed7922f50e7764,凯利汽车欢乐广场,交通设施,公交车站,黑龙江省,哈尔滨市,道里区,140路;201路,,0,0,126.5381,45.701704,,,http://map.baidu.com/,,,,,,,,,,,,,,,,,,,,0
6838105ec386e86586420e2f,海宁皮革城,交通设施,公交车站,黑龙江省,哈尔滨市,道里区,131路;机场大巴2号线,,0,0,126.544046,45.699762,,,http://map.baidu.com/,,,,,,,,,,,,,,,,,,,,0
d06e5623c6cb4b2a601c672e,王家店,交通设施,公交车站,黑龙江省,哈尔滨市,道里区,57路;90路;335路;345路;345路民主村支线;362路;369路五一村支线;383路;391路,,0,0,126.539329,45.698105,,,http://map.baidu.com/,,,,,,,,,,,,,,,,,,,,0
41672405998d712c40afe631,广瀚宾馆,交通设施,公交车站,黑龙江省,哈尔滨市,道里区,140路,,0,0,126.510106,45.707207,,,http://map.baidu.com/,,,,,,,,,,,,,,,,,,,,0
a6a9bcb764e51e13cd04ef50,良友食杂店,交通设施,公交车站,黑龙江省,哈尔滨市,道里区,335路;345路;345路民主村支线;362路;369路;369路五一村支线;383路;391路,,0,0,126.507985,45.682424,,,http://map.baidu.com/,,,,,,,,,,,,,,,,,,,,0
755434ad831de28c7702695a,良友食杂店,交通设施,公交车站,黑龙江省,哈尔滨市,道里区,335路;345路;345路民主村支线;362路;369路;369路五一村支线;383路;391路,,0,0,126.50818,45.682696,,,http://map.baidu.com/,,,,,,,,,,,,,,,,,,,,0
3a3fcb864a16379cf8dc859f,良友食杂店,交通设施,公交车站,黑龙江省,哈尔滨市,道里区,335路;345路;345路民主村支线;362路;369路;369路五一村支线;383路;391路,,0,0,126.50809,45.682571,,,http://map.baidu.com/,,,,,,,,,,,,,,,,,,,,0
841b73d26ad153d39cec2bd7,禾丰牧业公司,交通设施,公交车站,黑龙江省,哈尔滨市,道里区,140路,,0,0,126.508692,45.701652,,,http://map.baidu.com/,,,,,,,,,,,,,,,,,,,,0
2186281da63bebc89f95de5c,洪湖路(太行路口),交通设施,公交车站,黑龙江省,哈尔滨市,道里区,57路,,0,0,126.527718,45.710462,,,http://map.baidu.com/,,,,,,,,,,,,,,,,,,,,0
c2d269162de299caa1a93488,洪湖路(太行路口),交通设施,公交车站,黑龙江省,哈尔滨市,道里区,57路,,0,0,126.527718,45.710462,,,http://map.baidu.com/,,,,,,,,,,,,,,,,,,,,0
6e9de4c867bcf99003ec016a,零公里[机场巴士站],交通设施,公交车站,黑龙江省,哈尔滨市,道里区,机场大巴2号线,,0,0,126.54073,45.707411,,,http://map.baidu.com/,,,,,,,,,,,,,,,,,,,,0
b5f6ab173b5def7bb54f54f7,邮政物流公司,交通设施,公交车站,黑龙江省,哈尔滨市,道里区,140路,,0,0,126.517037,45.704022,,,http://map.baidu.com/,,,,,,,,,,,,,,,,,,,,0
41672405998d712c40afe631,广瀚宾馆,交通设施,公交车站,黑龙江省,哈尔滨市,道里区,140路,,0,0,126.510106,45.707207,,,http://map.baidu.com/,,,,,,,,,,,,,,,,,,,,0
841b73d26ad153d39cec2bd7,禾丰牧业公司,交通设施,公交车站,黑龙江省,哈尔滨市,道里区,140路,,0,0,126.508692,45.701652,,,http://map.baidu.com/,,,,,,,,,,,,,,,,,,,,0
2186281da63bebc89f95de5c,洪湖路(太行路口),交通设施,公交车站,黑龙江省,哈尔滨市,道里区,57路,,0,0,126.527718,45.710462,,,http://map.baidu.com/,,,,,,,,,,,,,,,,,,,,0
7a1546f3460557c0734b87d1,海宁皮革城东门,交通设施,公交车站,黑龙江省,哈尔滨市,道里区,59路,,0,0,126.546985,45.700924,,,http://map.baidu.com/,,,,,,,,,,,,,,,,,,,,0
aeeb1e9ad746fce7e50738cd,变压器厂,交通设施,公交车站,黑龙江省,哈尔滨市,道里区,20路,,0,0,126.556132,45.694771,,,http://map.baidu.com/,,,,,,,,,,,,,,,,,,,,0
50aa8d7bd1b279bd6fc02c17,永红村,交通设施,公交车站,黑龙江省,哈尔滨市,南岗区,336路;349路;363路;382路;382路金典家园支线;382路农垦总医院支线;382路兴利村支线,,0,0,126.574944,45.688711,,,http://map.baidu.com/,,,,,,,,,,,,,,,,,,,,0
9629384a03b06c7c33169bca,富山屯,交通设施,公交车站,黑龙江省,哈尔滨市,南岗区,336路;349路;363路;382路;382路金典家园支线;382路农垦总医院支线;382路兴利村支线,,0,0,126.582484,45.691171,,,http://map.baidu.com/,,,,,,,,,,,,,,,,,,,,0
0b543b5697ee4e8a0b69d907,红星城B区,交通设施,公交车站,黑龙江省,哈尔滨市,南岗区,58路,,0,0,126.572413,45.702608,,,http://map.baidu.com/,,,,,,,,,,,,,,,,,,,,0
b7f3fb79cffa7f89f603b891,红星城B区,交通设施,公交车站,黑龙江省,哈尔滨市,南岗区,58路,,0,0,126.572247,45.702611,,,http://map.baidu.com/,,,,,,,,,,,,,,,,,,,,0
792ae87c557fc482cd04ef76,世一堂,交通设施,公交车站,黑龙江省,哈尔滨市,道里区,369路五一村支线,,0,0,126.546095,45.688129,,,http://map.baidu.com/,,,,,,,,,,,,,,,,,,,,0
dfbd930e6e114ddf30169bf7,绥化路,交通设施,公交车站,黑龙江省,哈尔滨市,南岗区,58路,,0,0,126.582606,45.703489,,,http://map.baidu.com/,,,,,,,,,,,,,,,,,,,,0
026e5e39686d96b39e95dee0,红星城小区,交通设施,公交车站,黑龙江省,哈尔滨市,南岗区,57路;218路区间/218路大站快车;236路,,0,0,126.576048,45.707564,,,http://map.baidu.com/,,,,,,,,,,,,,,,,,,,,0
135da45970d02a7a83a00c6c,红星城小区,交通设施,公交车站,黑龙江省,哈尔滨市,南岗区,57路;218路区间/218路大站快车;236路,,0,0,126.576152,45.707742,,,http://map.baidu.com/,,,,,,,,,,,,,,,,,,,,0
0eb44f12ff578f80a21de96f,农垦总医院,交通设施,公交车站,黑龙江省,哈尔滨市,南岗区,382路金典家园支线;382路农垦总医院支线,,0,0,126.567296,45.686184,,,http://map.baidu.com/,,,,,,,,,,,,,,,,,,,,0
4292d69de38b70e54c776e5b,桃园圣境小区,交通设施,公交车站,黑龙江省,哈尔滨市,道里区,20路,,0,0,126.552851,45.698733,,,http://map.baidu.com/,,,,,,,,,,,,,,,,,,,,0
c81145a1824ce9ef2d473382,红星城小区,交通设施,公交车站,黑龙江省,哈尔滨市,南岗区,57路,,0,0,126.576256,45.707842,,,http://map.baidu.com/,,,,,,,,,,,,,,,,,,,,0
5f3cefcf112f249549fc8d1a,红星城小区,交通设施,公交车站,黑龙江省,哈尔滨市,南岗区,218路区间/218路大站快车;236路,,0,0,126.576203,45.707871,,,http://map.baidu.com/,,,,,,,,,,,,,,,,,,,,0
dc9e8378ef7f0a66ad0457af,红星城A区,交通设施,公交车站,黑龙江省,哈尔滨市,南岗区,58路,,0,0,126.575645,45.706262,,,http://map.baidu.com/,,,,,,,,,,,,,,,,,,,,0
3267acc18ae095f9f13cbab1,国际汽车城,交通设施,公交车站,黑龙江省,哈尔滨市,道里区,20路;57路;59路;90路;131路;140路;335路;345路;345路民主村支线;362路;383路;391路,,0,0,126.551051,45.706544,,,http://map.baidu.com/,,,,,,,,,,,,,,,,,,,,0
3e9d91112eb27817a8f0cd44,壹品茶城,交通设施,公交车站,黑龙江省,哈尔滨市,南岗区,64路,,0,0,126.590018,45.701802,,,http://map.baidu.com/,,,,,,,,,,,,,,,,,,,,0
0f8ae293d722cec5d6b74ec7,桃园圣境小区,交通设施,公交车站,黑龙江省,哈尔滨市,道里区,20路,,0,0,126.552851,45.698733,,,http://map.baidu.com/,,,,,,,,,,,,,,,,,,,,0
2b207824051ef882471a320b,海宁皮革城,交通设施,公交车站,黑龙江省,哈尔滨市,道里区,57路;90路;131路;335路;345路;345路民主村支线;362路;369路五一村支线;383路;391路,,0,0,126.544293,45.700526,,,http://map.baidu.com/,,,,,,,,,,,,,,,,,,,,0
9e02ff87d938a3d72202627c,海宁皮革城停车场,交通设施,公交车站,黑龙江省,哈尔滨市,道里区,59路,,0,0,126.549381,45.699503,,,http://map.baidu.com/,,,,,,,,,,,,,,,,,,,,0
7e7e103bee8986d93a04b13b,汇龙北纬45度小区,交通设施,公交车站,黑龙江省,哈尔滨市,南岗区,64路,,0,0,126.583591,45.702207,,,http://map.baidu.com/,,,,,,,,,,,,,,,,,,,,0
6f11eee87dcfb312246e9884,汇龙北纬45度小区,交通设施,公交车站,黑龙江省,哈尔滨市,南岗区,58路;64路;220路支线,,0,0,126.584798,45.701728,,,http://map.baidu.com/,,,,,,,,,,,,,,,,,,,,0
a68cf17d5a18c218ad080f71,海宁皮革城东门,交通设施,公交车站,黑龙江省,哈尔滨市,道里区,59路,,0,0,126.547249,45.700846,,,http://map.baidu.com/,,,,,,,,,,,,,,,,,,,,0
939a1be1f015fb81ad080f3f,汇龙·北纬45度小区,交通设施,公交车站,黑龙江省,哈尔滨市,南岗区,64路,,0,0,126.584461,45.702088,,,http://map.baidu.com/,,,,,,,,,,,,,,,,,,,,0
2d747b7e318a828b78f79628,红星城A区,交通设施,公交车站,黑龙江省,哈尔滨市,南岗区,58路,,0,0,126.575509,45.706256,,,http://map.baidu.com/,,,,,,,,,,,,,,,,,,,,0
5452a6ae8cc73f6af942b207,汉庭酒店[机场巴士站],交通设施,公交车站,黑龙江省,哈尔滨市,道里区,机场大巴2号线,,0,0,126.556019,45.709709,,,http://map.baidu.com/,,,,,,,,,,,,,,,,,,,,0
b88d29c401e03b53cafa5fd9,西客站消防队,交通设施,公交车站,黑龙江省,哈尔滨市,南岗区,57路;218路区间/218路大站快车;236路,,0,0,126.58098,45.705891,,,http://map.baidu.com/,,,,,,,,,,,,,,,,,,,,0
3e1d970b239eb6eb25e0a035,哈西站消防队,交通设施,公交车站,黑龙江省,哈尔滨市,南岗区,57路;218路区间/218路大站快车;236路,,0,0,126.58097,45.706057,,,http://map.baidu.com/,,,,,,,,,,,,,,,,,,,,0
861e4b0a633fc49bd1f49e81,汇龙·北纬45度小区,交通设施,公交车站,黑龙江省,哈尔滨市,南岗区,58路;64路,,0,0,126.585526,45.70149,,,http://map.baidu.com/,,,,,,,,,,,,,,,,,,,,0
23be09656d679e476cc02cd3,海宁皮革城[机场巴士站],交通设施,公交车站,黑龙江省,哈尔滨市,道里区,131路;机场大巴2号线,,0,0,126.543733,45.698878,,,http://map.baidu.com/,,,,,,,,,,,,,,,,,,,,0
487ec0b831b0ff792902e1c8,汉庭酒店[机场巴士站],交通设施,公交车站,黑龙江省,哈尔滨市,道里区,机场大巴2号线,,0,0,126.556019,45.709709,,,http://map.baidu.com/,,,,,,,,,,,,,,,,,,,,0
34ab14cc095b6a7b6849f31f,海宁皮革城[机场巴士站],交通设施,公交车站,黑龙江省,哈尔滨市,道里区,机场大巴2号线,,0,0,126.543421,45.697995,,,http://map.baidu.com/,,,,,,,,,,,,,,,,,,,,0
659e37f4c21f01efc61b7529,西客站消防队,交通设施,公交车站,黑龙江省,哈尔滨市,南岗区,57路;218路区间/218路大站快车;236路,,0,0,126.580975,45.705974,,,http://map.baidu.com/,,,,,,,,,,,,,,,,,,,,0
6b09dbdf9216c268efdfca43,三环路口,交通设施,公交车站,黑龙江省,哈尔滨市,南岗区,349路;369路;369路五一村支线;382路兴利村支线,,0,0,126.561164,45.6807,,,http://map.baidu.com/,,,,,,,,,,,,,,,,,,,,0
ac890d85d3006b64fb2213e6,农垦小学,交通设施,公交车站,黑龙江省,哈尔滨市,南岗区,98路;349路;369路;369路五一村支线;382路兴利村支线,,0,0,126.564949,45.678928,,,http://map.baidu.com/,,,,,,,,,,,,,,,,,,,,0
65ba4cd5cc089afe0c0a7075,农垦总医院,交通设施,公交车站,黑龙江省,哈尔滨市,南岗区,382路金典家园支线;382路农垦总医院支线,,0,0,126.567572,45.686575,,,http://map.baidu.com/,,,,,,,,,,,,,,,,,,,,0
d1a18c3d5eb7837540d63e55,金典家园,交通设施,公交车站,黑龙江省,哈尔滨市,南岗区,382路金典家园支线,,0,0,126.562567,45.685794,,,http://map.baidu.com/,,,,,,,,,,,,,,,,,,,,0
f0da3590c3b5a19be5e9655d,农垦总医院,交通设施,公交车站,黑龙江省,哈尔滨市,南岗区,382路金典家园支线;382路农垦总医院支线,,0,0,126.56702,45.685793,,,http://map.baidu.com/,,,,,,,,,,,,,,,,,,,,0
f7bc29a95adfef1b6c3e1bae,哈报印发中心,交通设施,公交车站,黑龙江省,哈尔滨市,道里区,20路,,0,0,126.55079,45.702143,,,http://map.baidu.com/,,,,,,,,,,,,,,,,,,,,0
a9aa41b0bec489bf9222e0ec,三环路口,交通设施,公交车站,黑龙江省,哈尔滨市,南岗区,336路;363路;382路;382路兴利村支线,,0,0,126.56079,45.680472,,,http://map.baidu.com/,,,,,,,,,,,,,,,,,,,,0
d6988fcdf03cc4b7a2d23044,海宁皮革城停车场,交通设施,公交车站,黑龙江省,哈尔滨市,道里区,59路;131路,,0,0,126.549395,45.699326,,,http://map.baidu.com/,,,,,,,,,,,,,,,,,,,,0
78a6c643e7d4a5e096f08c6b,汇龙北纬45度小区,交通设施,公交车站,黑龙江省,哈尔滨市,南岗区,58路;220路支线,,0,0,126.585401,45.701489,,,http://map.baidu.com/,,,,,,,,,,,,,,,,,,,,0
b19b62ad5ce17a9f80a00c0b,农业工程学院,交通设施,公交车站,黑龙江省,哈尔滨市,南岗区,336路;363路;369路;381路;382路,,0,0,126.559271,45.67923,,,http://map.baidu.com/,,,,,,,,,,,,,,,,,,,,0
7a1546f3460557c0734b87d1,海宁皮革城东门,交通设施,公交车站,黑龙江省,哈尔滨市,道里区,59路,,0,0,126.546985,45.700924,,,http://map.baidu.com/,,,,,,,,,,,,,,,,,,,,0
dccd7df1368d3b39f72310d5,哈西大街(同济街口),交通设施,公交车站,黑龙江省,哈尔滨市,南岗区,238路,,0,0,126.604329,45.69597,,,http://map.baidu.com/,,,,,,,,,,,,,,,,,,,,0
5d735cd10f151aa900ec011a,哈西大街(同济街口),交通设施,公交车站,黑龙江省,哈尔滨市,南岗区,238路,,0,0,126.604207,45.696084,,,http://map.baidu.com/,,,,,,,,,,,,,,,,,,,,0
8e1ae8e79e375c00f82d6130,巴黎第五区,交通设施,公交车站,黑龙江省,哈尔滨市,南岗区,233路;236路;238路,,0,0,126.604312,45.691255,,,http://map.baidu.com/,,,,,,,,,,,,,,,,,,,,0
71e8f22399845e1bddee8b06,巴黎第五区小区,交通设施,公交车站,黑龙江省,哈尔滨市,南岗区,69路支线,,0,0,126.603902,45.692909,,,http://map.baidu.com/,,,,,,,,,,,,,,,,,,,,0
f7786db647e457d3eee4a55f,纳帕英郡小区1号门,交通设施,公交车站,黑龙江省,哈尔滨市,南岗区,69路支线;236路,,0,0,126.600971,45.695176,,,http://map.baidu.com/,,,,,,,,,,,,,,,,,,,,0
9fb96f052662346af603b891,巴黎第五区小区,交通设施,公交车站,黑龙江省,哈尔滨市,南岗区,69路支线;236路;238路,,0,0,126.604177,45.691531,,,http://map.baidu.com/,,,,,,,,,,,,,,,,,,,,0
e64a16d3eed3fd88c17da20d,巴黎第五区小区,交通设施,公交车站,黑龙江省,哈尔滨市,南岗区,233路;236路;238路,,0,0,126.604445,45.691392,,,http://map.baidu.com/,,,,,,,,,,,,,,,,,,,,0
3f124c86d1b63f742b11d1b2,宜家家居商场(哈西大街),交通设施,公交车站,黑龙江省,哈尔滨市,南岗区,238路,,0,0,126.603413,45.699945,,,http://map.baidu.com/,,,,,,,,,,,,,,,,,,,,0
7a0fc392bbd77841465726ef,宜家家居商场(哈西大街),交通设施,公交车站,黑龙江省,哈尔滨市,南岗区,238路,,0,0,126.603306,45.700062,,,http://map.baidu.com/,,,,,,,,,,,,,,,,,,,,0
2baa39e451ddc2e516c90545,巴黎第五区小区,交通设施,公交车站,黑龙江省,哈尔滨市,南岗区,69路支线;236路;238路,,0,0,126.604046,45.69098,,,http://map.baidu.com/,,,,,,,,,,,,,,,,,,,,0
0cf673bbf3cf53ffd8d891cb,哈西大街(同济街口),交通设施,公交车站,黑龙江省,哈尔滨市,南岗区,238路,,0,0,126.604085,45.696197,,,http://map.baidu.com/,,,,,,,,,,,,,,,,,,,,0
a71c55a572f25cbc4f6d46c1,宜家家居商场(复旦街),交通设施,公交车站,黑龙江省,哈尔滨市,南岗区,11路;11路夜班车;220路支线,,0,0,126.60489,45.701883,,,http://map.baidu.com/,,,,,,,,,,,,,,,,,,,,0
4d093bc30a7b399dc91b95f9,复旦街,交通设施,公交车站,黑龙江省,哈尔滨市,南岗区,11路;11路夜班车;238路,,0,0,126.598861,45.700743,,,http://map.baidu.com/,,,,,,,,,,,,,,,,,,,,0
79d2d0ba7f13418ec27da2b2,继红小学(哈西校区),交通设施,公交车站,黑龙江省,哈尔滨市,南岗区,69路支线;236路,,0,0,126.600894,45.695077,,,http://map.baidu.com/,,,,,,,,,,,,,,,,,,,,0
d383c990e67389341e580035,复旦街,交通设施,公交车站,黑龙江省,哈尔滨市,南岗区,11路;11路夜班车;150路;238路,,0,0,126.597838,45.699948,,,http://map.baidu.com/,,,,,,,,,,,,,,,,,,,,0
f6665b9a147dc6d1c0364425,继红小学(哈西校区),交通设施,公交车站,黑龙江省,哈尔滨市,南岗区,69路支线;236路,,0,0,126.600971,45.695176,,,http://map.baidu.com/,,,,,,,,,,,,,,,,,,,,0
d75a70d19e6f8687f8221357,哈药小区,交通设施,公交车站,黑龙江省,哈尔滨市,南岗区,11路;11路夜班车;51路;69路支线;203路;220路支线,,0,0,126.611762,45.702737,,,http://map.baidu.com/,,,,,,,,,,,,,,,,,,,,0
182d77b82bb02341f2193777,王岗大街临时站,交通设施,公交车站,黑龙江省,哈尔滨市,南岗区,69路支线,,0,0,126.601829,45.690154,,,http://map.baidu.com/,,,,,,,,,,,,,,,,,,,,0
23b3f34b0902dfc30ab93a99,伊春路,交通设施,公交车站,黑龙江省,哈尔滨市,南岗区,233路,,0,0,126.599228,45.687053,,,http://map.baidu.com/,,,,,,,,,,,,,,,,,,,,0
06cf2c02a87dda9c00ec0122,同济街,交通设施,公交车站,黑龙江省,哈尔滨市,南岗区,83路;203路;233路,,0,0,126.595184,45.690355,,,http://map.baidu.com/,,,,,,,,,,,,,,,,,,,,0
dae378e148f19eda631809b5,电影机厂,交通设施,公交车站,黑龙江省,哈尔滨市,南岗区,68路;69路支线;98路;104路;104路夜班车;106路;114路;218路;218路区间/218路大站快车;220路;237路;343路;369路;369路房身沟支线/68路房身沟支线;369路五一村支线;369路小南沟支线,,0,0,126.623555,45.697336,,,http://map.baidu.com/,,,,,,,,,,,,,,,,,,,,0
6d28be759ab6d66bc4f50d0e,医大二院,交通设施,公交车站,黑龙江省,哈尔滨市,南岗区,11路;11路夜班车;51路;57路;58路;67路;68路;69路支线;94路区间;98路;104路;104路夜班车;106路;114路;150路;203路;217路;218路;218路区间/218路大站快车;220路;220路支线;237路;257路;343路;369路;369路房身沟支线/68路房身沟支线;369路五一村支线;369路小南沟支线;602路,,0,0,126.622593,45.702667,,,http://map.baidu.com/,,,,,,,,,,,,,,,,,,,,0
053053013ca6375df90caddc,南兴街,交通设施,公交车站,黑龙江省,哈尔滨市,南岗区,336路;349路,,0,0,126.593866,45.70421,,,http://map.baidu.com/,,,,,,,,,,,,,,,,,,,,0
7330ff6e41a3dfb4c1f1cf8f,宜家家居商场(哈西大街),交通设施,公交车站,黑龙江省,哈尔滨市,南岗区,238路,,0,0,126.603198,45.700178,,,http://map.baidu.com/,,,,,,,,,,,,,,,,,,,,0
94b74be0792cf934912ca33d,财经学校,交通设施,公交车站,黑龙江省,哈尔滨市,南岗区,83路;87路;218路;218路区间/218路大站快车;233路,,0,0,126.610889,45.709809,,,http://map.baidu.com/,,,,,,,,,,,,,,,,,,,,0
4ebc3385ab75b3147c29bd89,财经学校,交通设施,公交车站,黑龙江省,哈尔滨市,南岗区,83路;87路;218路;218路区间/218路大站快车;233路,,0,0,126.6112,45.709781,,,http://map.baidu.com/,,,,,,,,,,,,,,,,,,,,0
b574f10e350c4627e115f9eb,财经学校,交通设施,公交车站,黑龙江省,哈尔滨市,南岗区,83路;87路;218路;218路区间/218路大站快车;233路,,0,0,126.610577,45.709837,,,http://map.baidu.com/,,,,,,,,,,,,,,,,,,,,0
178be3f1fa28836c6fa3ccf8,鸿朗花园,交通设施,公交车站,黑龙江省,哈尔滨市,南岗区,364路,,0,0,126.60451,45.71308,,,http://map.baidu.com/,,,,,,,,,,,,,,,,,,,,0
6b0ab65c128c2424f82213f2,鸿朗花园,交通设施,公交车站,黑龙江省,哈尔滨市,南岗区,364路,,0,0,126.605046,45.713175,,,http://map.baidu.com/,,,,,,,,,,,,,,,,,,,,0
0ec87890dcfed276ee74f838,阳光家园,交通设施,公交车站,黑龙江省,哈尔滨市,南岗区,236路;238路,,0,0,126.594923,45.693156,,,http://map.baidu.com/,,,,,,,,,,,,,,,,,,,,0
721117ca7ade5cb62afc48e4,北兴街,交通设施,公交车站,黑龙江省,哈尔滨市,南岗区,64路;87路;124路;217路;218路;364路,,0,0,126.600708,45.712218,,,http://map.baidu.com/,,,,,,,,,,,,,,,,,,,,0
f9a5caacc01560517c29bd41,北兴街,交通设施,公交车站,黑龙江省,哈尔滨市,南岗区,64路;87路;124路;218路,,0,0,126.600615,45.712153,,,http://map.baidu.com/,,,,,,,,,,,,,,,,,,,,0
11b318dec4d45cf52b06ce3f,市客车厂,交通设施,公交车站,黑龙江省,哈尔滨市,南岗区,68路;69路支线;98路;104路;104路夜班车;106路;114路;218路;218路区间/218路大站快车;220路;343路;369路;369路房身沟支线/68路房身沟支线;369路五一村支线;369路小南沟支线,,0,0,126.624382,45.693263,,,http://map.baidu.com/,,,,,,,,,,,,,,,,,,,,0
6cec65de97e729a47ec876a2,机电工程学校,交通设施,公交车站,黑龙江省,哈尔滨市,南岗区,68路;69路;69路支线;98路;104路;104路夜班车;106路;114路;218路;218路区间/218路大站快车;220路;343路;369路;369路房身沟支线/68路房身沟支线;369路五一村支线;369路小南沟支线,,0,0,126.625393,45.688657,,,http://map.baidu.com/,,,,,,,,,,,,,,,,,,,,0
3423761a3e9821fb1894c698,哈西万达广场,交通设施,公交车站,黑龙江省,哈尔滨市,南岗区,31路;51路;57路;58路;64路;69路支线;83路;87路;99路;120路;124路;203路;217路;218路区间/218路大站快车;220路;220路支线;233路;236路;238路;257路;336路;349路;363路;364路;379路;382路;382路金典家园支线;382路农垦总医院支线;382路兴利村支线;602路,,0,0,126.594432,45.707624,,,http://map.baidu.com/,,,,,,,,,,,,,,,,,,,,0
42549319d4ba47da9f09f710,国润家饰城,交通设施,公交车站,黑龙江省,哈尔滨市,南岗区,57路;58路;83路;87路;99路;120路;217路;218路;218路区间/218路大站快车;220路;233路;257路;336路;349路;363路;364路;369路;369路房身沟支线/68路房身沟支线;369路五一村支线;369路小南沟支线;382路;382路金典家园支线;382路农垦总医院支线;382路兴利村支线;602路;机场大巴2号线,,0,0,126.617976,45.710533,,,http://map.baidu.com/,,,,,,,,,,,,,,,,,,,,0
d3c9373a2e18d696f9f0cb2b,农科院,交通设施,公交车站,黑龙江省,哈尔滨市,南岗区,69路;237路,,0,0,126.625622,45.693299,,,http://map.baidu.com/,,,,,,,,,,,,,,,,,,,,0
bdfd2bd8885668633fe2313e,六九联中,交通设施,公交车站,黑龙江省,哈尔滨市,南岗区,87路;217路;238路;379路,,0,0,126.595775,45.711506,,,http://map.baidu.com/,,,,,,,,,,,,,,,,,,,,0
43ba182f00bd3272c056acac,政法干部学院,交通设施,公交车站,黑龙江省,哈尔滨市,南岗区,31路;57路;58路;83路;87路;99路;120路;217路;218路;218路区间/218路大站快车;220路;233路;257路;336路;349路;363路;364路;382路;382路金典家园支线;382路农垦总医院支线;382路兴利村支线,,0,0,126.605212,45.709208,,,http://map.baidu.com/,,,,,,,,,,,,,,,,,,,,0
6e95883012319a6e12882425,王岗大街临时站,交通设施,公交车站,黑龙江省,哈尔滨市,南岗区,69路支线,,0,0,126.601829,45.690154,,,http://map.baidu.com/,,,,,,,,,,,,,,,,,,,,0
cec6c43c5d35e8f2c9fa5f90,哈尔滨学院,交通设施,公交车站,黑龙江省,哈尔滨市,南岗区,31路;57路;58路;83路;87路;99路;120路;217路;218路;218路区间/218路大站快车;220路;233路;257路;336路;349路;363路;364路;382路;382路金典家园支线;382路农垦总医院支线;382路兴利村支线,,0,0,126.613654,45.710095,,,http://map.baidu.com/,,,,,,,,,,,,,,,,,,,,0
510cbf45136e990fed74f80a,同济街,交通设施,公交车站,黑龙江省,哈尔滨市,南岗区,83路;203路;233路,,0,0,126.595154,45.690401,,,http://map.baidu.com/,,,,,,,,,,,,,,,,,,,,0
5bc32f441b853db7bfa82201,同济街,交通设施,公交车站,黑龙江省,哈尔滨市,南岗区,83路;203路;233路,,0,0,126.595214,45.690309,,,http://map.baidu.com/,,,,,,,,,,,,,,,,,,,,0
2b5bb9ed9f1ea5fd593ac898,福利院,交通设施,公交车站,黑龙江省,哈尔滨市,南岗区,69路;237路,,0,0,126.631606,45.693857,,,http://map.baidu.com/,,,,,,,,,,,,,,,,,,,,0
3fc7b7b419d9a59d2a02e102,鸿朗花园,交通设施,公交车站,黑龙江省,哈尔滨市,南岗区,364路,,0,0,126.604778,45.713128,,,http://map.baidu.com/,,,,,,,,,,,,,,,,,,,,0
83dba461dac28cfeeb12e4cd,科研路(哈平路口),交通设施,公交车站,黑龙江省,哈尔滨市,南岗区,51路;69路;209路,,0,0,126.650359,45.695484,,,http://map.baidu.com/,,,,,,,,,,,,,,,,,,,,0
7bd56cfd32f3e375260bd0c8,科研路(哈平路口),交通设施,公交车站,黑龙江省,哈尔滨市,南岗区,51路;69路;209路;338路,,0,0,126.650635,45.69564,,,http://map.baidu.com/,,,,,,,,,,,,,,,,,,,,0
141acf75fe0840d56c3e1ba4,科研路(哈平路口),交通设施,公交车站,黑龙江省,哈尔滨市,南岗区,209路,,0,0,126.650114,45.695462,,,http://map.baidu.com/,,,,,,,,,,,,,,,,,,,,0
756def2c1656c435c8c3db09,科研路(哈平路口),交通设施,公交车站,黑龙江省,哈尔滨市,南岗区,51路;69路,,0,0,126.650047,45.695456,,,http://map.baidu.com/,,,,,,,,,,,,,,,,,,,,0
bb9a1c63ffb43df52a201aeb,科研路(哈平路路口),交通设施,公交车站,黑龙江省,哈尔滨市,南岗区,121路;338路,,0,0,126.651586,45.696341,,,http://map.baidu.com/,,,,,,,,,,,,,,,,,,,,0
32a49e2d4aed015a5ed4fe31,薛家屯,交通设施,公交车站,黑龙江省,哈尔滨市,香坊区,28路;121路,,0,0,126.651264,45.699454,,,http://map.baidu.com/,,,,,,,,,,,,,,,,,,,,0
91bd91f154b912dff8dc85a9,科研路(哈平路口),交通设施,公交车站,黑龙江省,哈尔滨市,香坊区,338路,,0,0,126.652211,45.695954,,,http://map.baidu.com/,,,,,,,,,,,,,,,,,,,,0
bcc01e56c27d5b2ba1a93447,科研路(征仪路口),交通设施,公交车站,黑龙江省,哈尔滨市,南岗区,51路;69路,,0,0,126.644311,45.694958,,,http://map.baidu.com/,,,,,,,,,,,,,,,,,,,,0
5d5625172343aa254002455d,科研路(征仪路口),交通设施,公交车站,黑龙江省,哈尔滨市,南岗区,51路;69路;209路,,0,0,126.644284,45.694785,,,http://map.baidu.com/,,,,,,,,,,,,,,,,,,,,0
d128daef746941088bb98863,农机研究所,交通设施,公交车站,黑龙江省,哈尔滨市,南岗区,28路;81路;121路;338路;371路;371路区间,,0,0,126.652372,45.693982,,,http://map.baidu.com/,,,,,,,,,,,,,,,,,,,,0
df1e3d2b68814b9701294f15,征仪路(科研路口),交通设施,公交车站,黑龙江省,哈尔滨市,南岗区,57路;94路;107路;128路;220路支线;257路;348路,,0,0,126.643501,45.693843,,,http://map.baidu.com/,,,,,,,,,,,,,,,,,,,,0
2af66efaead34f5481288ae3,征仪路(科研路口),交通设施,公交车站,黑龙江省,哈尔滨市,南岗区,57路;94路;107路;128路;220路支线;257路;348路,,0,0,126.643397,45.693686,,,http://map.baidu.com/,,,,,,,,,,,,,,,,,,,,0
4565512b4c83e5702bb97c51,征仪路(科研路口),交通设施,公交车站,黑龙江省,哈尔滨市,南岗区,57路;94路;107路;128路;220路支线;257路;348路,,0,0,126.643459,45.69378,,,http://map.baidu.com/,,,,,,,,,,,,,,,,,,,,0
90d2b771ee72a817b020a8e0,征仪花园小区,交通设施,公交车站,黑龙江省,哈尔滨市,南岗区,107路;128路;220路支线;257路;348路,,0,0,126.642772,45.696445,,,http://map.baidu.com/,,,,,,,,,,,,,,,,,,,,0
b713de8bbf8e6899cae33cc8,科研路(征仪路口),交通设施,公交车站,黑龙江省,哈尔滨市,南岗区,209路,,0,0,126.644201,45.694948,,,http://map.baidu.com/,,,,,,,,,,,,,,,,,,,,0
9694a7636270fe04902ca365,科研路(征仪路口),交通设施,公交车站,黑龙江省,哈尔滨市,南岗区,51路;69路,,0,0,126.644786,45.694999,,,http://map.baidu.com/,,,,,,,,,,,,,,,,,,,,0
a2bcf7cfe7c21dac3586f4d8,学院新城二期,交通设施,公交车站,黑龙江省,哈尔滨市,南岗区,28路;81路;121路;338路;371路;371路区间,,0,0,126.653227,45.688818,,,http://map.baidu.com/,,,,,,,,,,,,,,,,,,,,0
b354183816480d418433049f,征仪花园小区,交通设施,公交车站,黑龙江省,哈尔滨市,南岗区,57路;107路;128路;209路;220路支线;257路;348路,,0,0,126.64273,45.697004,,,http://map.baidu.com/,,,,,,,,,,,,,,,,,,,,0
5823716ae60b6730bb17e78a,省肿瘤医院[临时站],交通设施,公交车站,黑龙江省,哈尔滨市,香坊区,209路,,0,0,126.65088,45.702059,,,http://map.baidu.com/,,,,,,,,,,,,,,,,,,,,0
e23928c0f3f72267a1d23043,学院新城二期,交通设施,公交车站,黑龙江省,哈尔滨市,南岗区,28路;81路;121路;338路;371路;371路区间,,0,0,126.653462,45.688571,,,http://map.baidu.com/,,,,,,,,,,,,,,,,,,,,0
77112fe94ec6743fba17e7ca,绥化路,交通设施,公交车站,黑龙江省,哈尔滨市,香坊区,205路,,0,0,126.665083,45.694737,,,http://map.baidu.com/,,,,,,,,,,,,,,,,,,,,0
f2ba73692b957867bea24083,保健路,交通设施,公交车站,黑龙江省,哈尔滨市,南岗区,94路;107路;128路;209路;348路;364路,,0,0,126.640582,45.706733,,,http://map.baidu.com/,,,,,,,,,,,,,,,,,,,,0
5592d252494728c188f15ddd,跃兴街公交首末站,交通设施,公交车站,黑龙江省,哈尔滨市,南岗区,69路;69路支线;106路;237路,,0,0,126.640273,45.684689,,,http://map.baidu.com/,,,,,,,,,,,,,,,,,,,,0
41c69fa1546ee99e80a00cc8,征跃小区,交通设施,公交车站,黑龙江省,哈尔滨市,南岗区,28路;57路;107路;121路;128路;218路;218路区间/218路大站快车;220路支线,,0,0,126.649032,45.685315,,,http://map.baidu.com/,,,,,,,,,,,,,,,,,,,,0
81ba4115bf63a29eb020a81c,钢材市场,交通设施,公交车站,黑龙江省,哈尔滨市,南岗区,218路区间/218路大站快车,,0,0,126.640495,45.684806,,,http://map.baidu.com/,,,,,,,,,,,,,,,,,,,,0
a15feb93868f466e76e5b66c,省肿瘤医院,交通设施,公交车站,黑龙江省,哈尔滨市,香坊区,28路;51路;69路;81路;121路;209路;338路;371路;371路区间,,0,0,126.65061,45.70204,,,http://map.baidu.com/,,,,,,,,,,,,,,,,,,,,0
f8576acfd7d032330b1cc745,征仪路,交通设施,公交车站,黑龙江省,哈尔滨市,南岗区,128路,,0,0,126.639424,45.711291,,,http://map.baidu.com/,,,,,,,,,,,,,,,,,,,,0
31e19dd3a20333f22cb96ded,田园小区,交通设施,公交车站,黑龙江省,哈尔滨市,香坊区,202路,,0,0,126.670512,45.693879,,,http://map.baidu.com/,,,,,,,,,,,,,,,,,,,,0
14eff93651a2e039e9f853a7,物理研究所,交通设施,公交车站,黑龙江省,哈尔滨市,南岗区,69路,,0,0,126.638042,45.694426,,,http://map.baidu.com/,,,,,,,,,,,,,,,,,,,,0
2783d9301d7d13f3f603b876,松电新村,交通设施,公交车站,黑龙江省,哈尔滨市,香坊区,18路;67路,,0,0,126.675446,45.698663,,,http://map.baidu.com/,,,,,,,,,,,,,,,,,,,,0
950220039eed6fafdb131853,三合园小区,交通设施,公交车站,黑龙江省,哈尔滨市,香坊区,30路;39路;67路;108路;205路,,0,0,126.66349,45.704375,,,http://map.baidu.com/,,,,,,,,,,,,,,,,,,,,0
8772ba16e0055a7028201ae8,哈医大肿瘤医院北门,交通设施,公交车站,黑龙江省,哈尔滨市,南岗区,58路;67路;217路;364路,,0,0,126.644319,45.705735,,,http://map.baidu.com/,,,,,,,,,,,,,,,,,,,,0
6752ac99a431042e7f29bd54,鲁商松江新城,交通设施,公交车站,黑龙江省,哈尔滨市,南岗区,94路,,0,0,126.642452,45.684939,,,http://map.baidu.com/,,,,,,,,,,,,,,,,,,,,0
7e95f9dd6e4e69a415a19045,旭升南街,交通设施,公交车站,黑龙江省,哈尔滨市,香坊区,67路;251路;252路;364路,,0,0,126.668855,45.699335,,,http://map.baidu.com/,,,,,,,,,,,,,,,,,,,,0
37c27ba7c26dc3231e580078,健康桥,交通设施,公交车站,黑龙江省,哈尔滨市,香坊区,30路;67路;371路,,0,0,126.662165,45.710579,,,http://map.baidu.com/,,,,,,,,,,,,,,,,,,,,0
5ea14938f7018caeb23c819d,三合路(朝阳道口),交通设施,公交车站,黑龙江省,哈尔滨市,香坊区,39路,,0,0,126.664656,45.688003,,,http://map.baidu.com/,,,,,,,,,,,,,,,,,,,,0
401f37bb83e91f212102205a,旭升南街,交通设施,公交车站,黑龙江省,哈尔滨市,香坊区,67路;364路,,0,0,126.668695,45.699401,,,http://map.baidu.com/,,,,,,,,,,,,,,,,,,,,0
d3c9373a2e18d696f9f0cb2b,农科院,交通设施,公交车站,黑龙江省,哈尔滨市,南岗区,69路;237路,,0,0,126.625622,45.693299,,,http://map.baidu.com/,,,,,,,,,,,,,,,,,,,,0
8bdf57ad6e7f3ac7bca822a7,钢材市场,交通设施,公交车站,黑龙江省,哈尔滨市,南岗区,69路;69路支线;94路;106路;218路;218路区间/218路大站快车;237路,,0,0,126.640483,45.684684,,,http://map.baidu.com/,,,,,,,,,,,,,,,,,,,,0
f89d9c7368d5f89dca09f0f9,绥化路,交通设施,公交车站,黑龙江省,哈尔滨市,香坊区,205路,,0,0,126.665055,45.694691,,,http://map.baidu.com/,,,,,,,,,,,,,,,,,,,,0
2b5bb9ed9f1ea5fd593ac898,福利院,交通设施,公交车站,黑龙江省,哈尔滨市,南岗区,69路;237路,,0,0,126.631606,45.693857,,,http://map.baidu.com/,,,,,,,,,,,,,,,,,,,,0
4f98bdf0e7cf44d31f389498,绥化路,交通设施,公交车站,黑龙江省,哈尔滨市,香坊区,205路,,0,0,126.665112,45.694784,,,http://map.baidu.com/,,,,,,,,,,,,,,,,,,,,0
67efaaac12ddbd8d3fe2313e,旭升南街,交通设施,公交车站,黑龙江省,哈尔滨市,香坊区,67路;251路;252路,,0,0,126.668522,45.696474,,,http://map.baidu.com/,,,,,,,,,,,,,,,,,,,,0
89f988d535e62e6ddf1e52cb,立汇美罗湾三期,交通设施,公交车站,黑龙江省,哈尔滨市,香坊区,118路,,0,0,126.694577,45.696946,,,http://map.baidu.com/,,,,,,,,,,,,,,,,,,,,0
f52ea96d73a66555c2f1cf62,立汇美罗湾小区四期,交通设施,公交车站,黑龙江省,哈尔滨市,香坊区,118路,,0,0,126.69522,45.695222,,,http://map.baidu.com/,,,,,,,,,,,,,,,,,,,,0
8d037789339b02a51d5800e5,立汇美罗湾四期,交通设施,公交车站,黑龙江省,哈尔滨市,香坊区,118路,,0,0,126.696012,45.69452,,,http://map.baidu.com/,,,,,,,,,,,,,,,,,,,,0
ac75fc204a6d9c354afd3ff4,邓家屯,交通设施,公交车站,黑龙江省,哈尔滨市,香坊区,365路,,0,0,126.687611,45.690657,,,http://map.baidu.com/,,,,,,,,,,,,,,,,,,,,0
441472ff7dec04b94251c052,立汇四期,交通设施,公交车站,黑龙江省,哈尔滨市,香坊区,365路,,0,0,126.695132,45.692076,,,http://map.baidu.com/,,,,,,,,,,,,,,,,,,,,0
53fef21932b0848bb4265529,立汇美罗湾小区四期,交通设施,公交车站,黑龙江省,哈尔滨市,香坊区,118路,,0,0,126.69522,45.695222,,,http://map.baidu.com/,,,,,,,,,,,,,,,,,,,,0
20addb87a20059bcbe48427c,立汇美罗湾三期,交通设施,公交车站,黑龙江省,哈尔滨市,香坊区,118路,,0,0,126.694577,45.696946,,,http://map.baidu.com/,,,,,,,,,,,,,,,,,,,,0
cf97aaf5384596412eb9082a,邓家屯,交通设施,公交车站,黑龙江省,哈尔滨市,香坊区,365路,,0,0,126.68767,45.690385,,,http://map.baidu.com/,,,,,,,,,,,,,,,,,,,,0
f03c25b1214a21909900508e,立汇美罗湾四期,交通设施,公交车站,黑龙江省,哈尔滨市,香坊区,118路,,0,0,126.696012,45.69452,,,http://map.baidu.com/,,,,,,,,,,,,,,,,,,,,0
99a763898910d7de583ac866,轧钢街,交通设施,公交车站,黑龙江省,哈尔滨市,香坊区,118路;365路,,0,0,126.700187,45.692807,,,http://map.baidu.com/,,,,,,,,,,,,,,,,,,,,0
f23779f5bb746b252fb96d6c,轧钢街,交通设施,公交车站,黑龙江省,哈尔滨市,香坊区,34路;55路,,0,0,126.700485,45.692974,,,http://map.baidu.com/,,,,,,,,,,,,,,,,,,,,0
27e1c4b0af282dfb48fc8d72,孙家站,交通设施,公交车站,黑龙江省,哈尔滨市,香坊区,18路;57路;72路,,0,0,126.688743,45.701834,,,http://map.baidu.com/,,,,,,,,,,,,,,,,,,,,0
799aea8c567e51f181a12eba,华北路,交通设施,公交车站,黑龙江省,哈尔滨市,香坊区,118路,,0,0,126.698467,45.699128,,,http://map.baidu.com/,,,,,,,,,,,,,,,,,,,,0
77516a7387295e2e9e95de4c,轧钢街,交通设施,公交车站,黑龙江省,哈尔滨市,香坊区,34路;55路;118路;365路,,0,0,126.700249,45.692856,,,http://map.baidu.com/,,,,,,,,,,,,,,,,,,,,0
cee1c124257ca31e266e9851,立汇四期,交通设施,公交车站,黑龙江省,哈尔滨市,香坊区,365路,,0,0,126.695127,45.692075,,,http://map.baidu.com/,,,,,,,,,,,,,,,,,,,,0
8d897463138a5a8c4207c175,交通干校,交通设施,公交车站,黑龙江省,哈尔滨市,香坊区,10路;217路;333路;337路;郊7路,,0,0,126.712703,45.692864,,,http://map.baidu.com/,,,,,,,,,,,,,,,,,,,,0
eb6904a9cca3b1cab75f1e75,立汇美罗湾小区,交通设施,公交车站,黑龙江省,哈尔滨市,香坊区,34路;55路;365路,,0,0,126.70099,45.694439,,,http://map.baidu.com/,,,,,,,,,,,,,,,,,,,,0
1871a8aa622e76455a3ac8ab,立汇美罗湾小区,交通设施,公交车站,黑龙江省,哈尔滨市,香坊区,34路;55路;365路,,0,0,126.701112,45.694793,,,http://map.baidu.com/,,,,,,,,,,,,,,,,,,,,0
d4a206735d3d76769d82ea1b,立汇美罗湾小区,交通设施,公交车站,黑龙江省,哈尔滨市,香坊区,55路;365路,,0,0,126.701164,45.694941,,,http://map.baidu.com/,,,,,,,,,,,,,,,,,,,,0
c9bc6e9f06b6bb39f8dc852e,立汇美罗湾小区,交通设施,公交车站,黑龙江省,哈尔滨市,香坊区,34路,,0,0,126.701427,45.695709,,,http://map.baidu.com/,,,,,,,,,,,,,,,,,,,,0
bbe8545890378ad352e5c567,荣进街(轧钢街口),交通设施,公交车站,黑龙江省,哈尔滨市,香坊区,365路,,0,0,126.687481,45.691252,,,http://map.baidu.com/,,,,,,,,,,,,,,,,,,,,0
b0d0693a81f3aa520aa8d432,立汇·美罗湾小区,交通设施,公交车站,黑龙江省,哈尔滨市,香坊区,55路;365路,,0,0,126.701164,45.694941,,,http://map.baidu.com/,,,,,,,,,,,,,,,,,,,,0
b48d74441fe455471b11d5d7,立汇四期,交通设施,公交车站,黑龙江省,哈尔滨市,香坊区,365路,,0,0,126.695136,45.692077,,,http://map.baidu.com/,,,,,,,,,,,,,,,,,,,,0
7ad88a6a5694c3bae115f921,军民街,交通设施,公交车站,黑龙江省,哈尔滨市,香坊区,34路;55路;118路,,0,0,126.699075,45.688846,,,http://map.baidu.com/,,,,,,,,,,,,,,,,,,,,0
36ba5a42baae7c4c0bccddb6,邓家屯,交通设施,公交车站,黑龙江省,哈尔滨市,香坊区,365路,,0,0,126.687729,45.690112,,,http://map.baidu.com/,,,,,,,,,,,,,,,,,,,,0
2ce8d1b3a8798165128824c2,交通干校,交通设施,公交车站,黑龙江省,哈尔滨市,香坊区,10路;333路;337路;郊7路,,0,0,126.71234,45.693227,,,http://map.baidu.com/,,,,,,,,,,,,,,,,,,,,0
875ee4c874d5270e09b93ac7,制药二厂,交通设施,公交车站,黑龙江省,哈尔滨市,香坊区,9路;10路;10路区间;22路;34路;55路;60路;62路;217路;333路;337路;365路;367路;郊7路,,0,0,126.704787,45.698666,,,http://map.baidu.com/,,,,,,,,,,,,,,,,,,,,0
095303766ef430052a02e1e5,哈慈集团,交通设施,公交车站,黑龙江省,哈尔滨市,香坊区,9路;10路;10路区间;18路;22路;34路;51路;55路;56路;57路;60路;72路;102路;102路夜班车;118路;217路;251路;252路;333路;337路;364路;365路;367路;601路;602路;郊7路,,0,0,126.692269,45.712138,,,http://map.baidu.com/,,,,,,,,,,,,,,,,,,,,0
22d81c35ee690d35d92f28ce,富丽国际小区,交通设施,公交车站,黑龙江省,哈尔滨市,香坊区,34路;55路;365路,,0,0,126.701984,45.700131,,,http://map.baidu.com/,,,,,,,,,,,,,,,,,,,,0
7515aab96abdebb6ce04efb8,黎明大市场,交通设施,公交车站,黑龙江省,哈尔滨市,香坊区,9路;10路;10路区间;22路;62路;217路;333路;337路;367路;郊7路,,0,0,126.708188,45.696735,,,http://map.baidu.com/,,,,,,,,,,,,,,,,,,,,0
289fa8c9e4d5e3aad12dd644,格兰云天小区(工程机械厂),交通设施,公交车站,黑龙江省,哈尔滨市,香坊区,9路;10路;10路区间;22路;34路;55路;60路;62路;118路;217路;333路;337路;365路;367路;郊7路,,0,0,126.700543,45.703542,,,http://map.baidu.com/,,,,,,,,,,,,,,,,,,,,0
aa397d8f658faba84e2fdfbc,香林名苑小区,交通设施,公交车站,黑龙江省,哈尔滨市,香坊区,251路;252路;364路,,0,0,126.689275,45.705558,,,http://map.baidu.com/,,,,,,,,,,,,,,,,,,,,0
d8acc610819cdf882cb17ef5,松江电机厂,交通设施,公交车站,黑龙江省,哈尔滨市,香坊区,18路;57路;72路;251路;252路;364路,,0,0,126.691197,45.706323,,,http://map.baidu.com/,,,,,,,,,,,,,,,,,,,,0
5eed5e2f4a5952dfd1f49eae,三鑫小区,交通设施,公交车站,黑龙江省,哈尔滨市,香坊区,60路,,0,0,126.713794,45.698134,,,http://map.baidu.com/,,,,,,,,,,,,,,,,,,,,0
433493ccc598ca70c03644c0,哈慈集团,交通设施,公交车站,黑龙江省,哈尔滨市,香坊区,9路;10路;10路区间;18路;55路;60路;102路;102路夜班车;217路;252路,,0,0,126.691365,45.711408,,,http://map.baidu.com/,,,,,,,,,,,,,,,,,,,,0
91ca69afff431c6e912ca35e,动力二院,交通设施,公交车站,黑龙江省,哈尔滨市,香坊区,62路,,0,0,126.702412,45.707792,,,http://map.baidu.com/,,,,,,,,,,,,,,,,,,,,0
bcba72f3e3fa6e1d14c8f6cb,林机小区,交通设施,公交车站,黑龙江省,哈尔滨市,香坊区,9路;10路;10路区间;22路;34路;55路;60路;118路;217路;333路;337路;365路;367路;郊7路,,0,0,126.694818,45.708584,,,http://map.baidu.com/,,,,,,,,,,,,,,,,,,,,0
ada416b97e2582ba7069d39b,穆家沟村,交通设施,公交车站,黑龙江省,哈尔滨市,香坊区,365路;365路东大坝支线;365路九三油脂支线,,0,0,126.684458,45.680936,,,http://map.baidu.com/,,,,,,,,,,,,,,,,,,,,0
4a89c62b26bb57359022e04f,中国集金色城邦,交通设施,公交车站,黑龙江省,哈尔滨市,香坊区,34路;55路;118路,,0,0,126.698407,45.686155,,,http://map.baidu.com/,,,,,,,,,,,,,,,,,,,,0
2783d9301d7d13f3f603b876,松电新村,交通设施,公交车站,黑龙江省,哈尔滨市,香坊区,18路;67路,,0,0,126.675446,45.698663,,,http://map.baidu.com/,,,,,,,,,,,,,,,,,,,,0
070c708d74c2231388db73be,星光新区,交通设施,公交车站,黑龙江省,哈尔滨市,香坊区,75路,,0,0,126.680277,45.708297,,,http://map.baidu.com/,,,,,,,,,,,,,,,,,,,,0
f03b806146ac3a72ed74f82b,松江生态园,交通设施,公交车站,黑龙江省,哈尔滨市,香坊区,18路;251路;252路;364路,,0,0,126.679538,45.706193,,,http://map.baidu.com/,,,,,,,,,,,,,,,,,,,,0
31e19dd3a20333f22cb96ded,田园小区,交通设施,公交车站,黑龙江省,哈尔滨市,香坊区,202路,,0,0,126.670512,45.693879,,,http://map.baidu.com/,,,,,,,,,,,,,,,,,,,,0
dff66c54e75cd0489ce321dd,诺丁山小区,交通设施,公交车站,黑龙江省,哈尔滨市,香坊区,9路;217路,,0,0,126.714619,45.695135,,,http://map.baidu.com/,,,,,,,,,,,,,,,,,,,,0
b6f41f9becefa6a0f7b91624,红星菜市场,交通设施,公交车站,黑龙江省,哈尔滨市,香坊区,76路,,0,0,126.709996,45.708781,,,http://map.baidu.com/,,,,,,,,,,,,,,,,,,,,0
7e95f9dd6e4e69a415a19045,旭升南街,交通设施,公交车站,黑龙江省,哈尔滨市,香坊区,67路;251路;252路;364路,,0,0,126.668855,45.699335,,,http://map.baidu.com/,,,,,,,,,,,,,,,,,,,,0
9312cfa528e97f1a2811d1f8,双榆街,交通设施,公交车站,黑龙江省,哈尔滨市,香坊区,55路,,0,0,126.702304,45.686537,,,http://map.baidu.com/,,,,,,,,,,,,,,,,,,,,0
401f37bb83e91f212102205a,旭升南街,交通设施,公交车站,黑龙江省,哈尔滨市,香坊区,67路;364路,,0,0,126.668695,45.699401,,,http://map.baidu.com/,,,,,,,,,,,,,,,,,,,,0
4f14c60db66e3574c8c3db2e,三鑫小区,交通设施,公交车站,黑龙江省,哈尔滨市,香坊区,60路,,0,0,126.713754,45.698112,,,http://map.baidu.com/,,,,,,,,,,,,,,,,,,,,0
d5f16e07bc50aa17adb22a01,哈三源汽轮机,交通设施,公交车站,黑龙江省,哈尔滨市,香坊区,217路,,0,0,126.735362,45.692871,,,http://map.baidu.com/,,,,,,,,,,,,,,,,,,,,0
f7d7c772db033149dd1e5243,西柞村道口,交通设施,公交车站,黑龙江省,哈尔滨市,香坊区,206路,,0,0,126.728542,45.69573,,,http://map.baidu.com/,,,,,,,,,,,,,,,,,,,,0
b6883b09c256de4928b97ccb,临时站,交通设施,公交车站,黑龙江省,哈尔滨市,香坊区,364路二环,,0,0,126.74387,45.708293,,,http://map.baidu.com/,,,,,,,,,,,,,,,,,,,,0
46780196172b92b8bea240b4,苗圃,交通设施,公交车站,黑龙江省,哈尔滨市,香坊区,333路;337路;郊7路,,0,0,126.723518,45.685396,,,http://map.baidu.com/,,,,,,,,,,,,,,,,,,,,0
2f875004185ec028aecb66a3,临时站,交通设施,公交车站,黑龙江省,哈尔滨市,香坊区,364路二环,,0,0,126.74387,45.708293,,,http://map.baidu.com/,,,,,,,,,,,,,,,,,,,,0
615789419a35c6b5ab0dd8aa,信城电站公司,交通设施,公交车站,黑龙江省,哈尔滨市,香坊区,217路,,0,0,126.731671,45.693382,,,http://map.baidu.com/,,,,,,,,,,,,,,,,,,,,0
d2217ad1120f83e45b10932f,西柞村卫生所,交通设施,公交车站,黑龙江省,哈尔滨市,香坊区,217路,,0,0,126.739541,45.693521,,,http://map.baidu.com/,,,,,,,,,,,,,,,,,,,,0
d644e23a3698fa24c909f0a7,花卉大市场,交通设施,公交车站,黑龙江省,哈尔滨市,香坊区,10路;10路区间;206路;367路,,0,0,126.724482,45.691994,,,http://map.baidu.com/,,,,,,,,,,,,,,,,,,,,0
8d897463138a5a8c4207c175,交通干校,交通设施,公交车站,黑龙江省,哈尔滨市,香坊区,10路;217路;333路;337路;郊7路,,0,0,126.712703,45.692864,,,http://map.baidu.com/,,,,,,,,,,,,,,,,,,,,0
2ce8d1b3a8798165128824c2,交通干校,交通设施,公交车站,黑龙江省,哈尔滨市,香坊区,10路;333路;337路;郊7路,,0,0,126.71234,45.693227,,,http://map.baidu.com/,,,,,,,,,,,,,,,,,,,,0
8cb786e358a61f981ce999fe,西柞村,交通设施,公交车站,黑龙江省,哈尔滨市,香坊区,217路;364路二环;364路万家支线,,0,0,126.750455,45.698369,,,http://map.baidu.com/,,,,,,,,,,,,,,,,,,,,0
1dad1e695d6dbbfb6fc02c9c,哈尔滨花卉大市场,交通设施,公交车站,黑龙江省,哈尔滨市,香坊区,217路,,0,0,126.724685,45.693371,,,http://map.baidu.com/,,,,,,,,,,,,,,,,,,,,0
089ee0338c2fb7d6d42ce295,哈尔滨花卉大市场,交通设施,公交车站,黑龙江省,哈尔滨市,香坊区,217路,,0,0,126.724685,45.693371,,,http://map.baidu.com/,,,,,,,,,,,,,,,,,,,,0
c8b8dc31e4f761b5d8d891c5,花卉大市场,交通设施,公交车站,黑龙江省,哈尔滨市,香坊区,10路,,0,0,126.724631,45.692761,,,http://map.baidu.com/,,,,,,,,,,,,,,,,,,,,0
c554248dbfc542c4ee74f84b,西柞村,交通设施,公交车站,黑龙江省,哈尔滨市,香坊区,364路万家支线,,0,0,126.751413,45.698769,,,http://map.baidu.com/,,,,,,,,,,,,,,,,,,,,0
17e6ca96088ca5b4ab0dd8a3,交通干校,交通设施,公交车站,黑龙江省,哈尔滨市,香坊区,10路;333路;337路;郊7路,,0,0,126.713504,45.692009,,,http://map.baidu.com/,,,,,,,,,,,,,,,,,,,,0
9ff44ee7e9f2707f4e5547b7,松江水利机械厂,交通设施,公交车站,黑龙江省,哈尔滨市,香坊区,217路,,0,0,126.743269,45.694732,,,http://map.baidu.com/,,,,,,,,,,,,,,,,,,,,0
a61972bce0cb5b34f5c59cc2,东柞村,交通设施,公交车站,黑龙江省,哈尔滨市,香坊区,364路万家支线,,0,0,126.754183,45.697579,,,http://map.baidu.com/,,,,,,,,,,,,,,,,,,,,0
33aae0b531504523cb1b9561,家得乐超市(临时站),交通设施,公交车站,黑龙江省,哈尔滨市,香坊区,217路,,0,0,126.720493,45.696252,,,http://map.baidu.com/,,,,,,,,,,,,,,,,,,,,0
f00c4bccb4fdf37821f017ca,万科智慧未来城临时站,交通设施,公交车站,黑龙江省,哈尔滨市,香坊区,10路区间;217路;367路,,0,0,126.720252,45.696547,,,http://map.baidu.com/,,,,,,,,,,,,,,,,,,,,0
f36e254bdef5a06eeddfcac6,北柞村道口,交通设施,公交车站,黑龙江省,哈尔滨市,香坊区,206路,,0,0,126.730992,45.703049,,,http://map.baidu.com/,,,,,,,,,,,,,,,,,,,,0
5eed5e2f4a5952dfd1f49eae,三鑫小区,交通设施,公交车站,黑龙江省,哈尔滨市,香坊区,60路,,0,0,126.713794,45.698134,,,http://map.baidu.com/,,,,,,,,,,,,,,,,,,,,0
42a81c775f8307e1f603b869,北柞家园,交通设施,公交车站,黑龙江省,哈尔滨市,香坊区,364路二环,,0,0,126.740885,45.71123,,,http://map.baidu.com/,,,,,,,,,,,,,,,,,,,,0
471a1b047f1e1335cf06a4d7,东柞村,交通设施,公交车站,黑龙江省,哈尔滨市,香坊区,364路二环;364路万家支线,,0,0,126.753746,45.697773,,,http://map.baidu.com/,,,,,,,,,,,,,,,,,,,,0
61c22ec7ad22817e1ef74d5d,北柞家园,交通设施,公交车站,黑龙江省,哈尔滨市,香坊区,364路万家支线,,0,0,126.740886,45.71254,,,http://map.baidu.com/,,,,,,,,,,,,,,,,,,,,0
2bf812f1b6c42ca3abf0cd63,交通干校,交通设施,公交车站,黑龙江省,哈尔滨市,香坊区,217路,,0,0,126.711502,45.693982,,,http://map.baidu.com/,,,,,,,,,,,,,,,,,,,,0
776707e89aadf71d89fc06be,北柞村,交通设施,公交车站,黑龙江省,哈尔滨市,香坊区,364路二环;364路万家支线,,0,0,126.745593,45.706018,,,http://map.baidu.com/,,,,,,,,,,,,,,,,,,,,0
667481732e6ac150f4231045,北柞村,交通设施,公交车站,黑龙江省,哈尔滨市,香坊区,364路二环;364路万家支线,,0,0,126.745717,45.705852,,,http://map.baidu.com/,,,,,,,,,,,,,,,,,,,,0
fa299ab79f9ff0d11fe99977,三丰,交通设施,公交车站,黑龙江省,哈尔滨市,香坊区,333路;337路;郊7路,,0,0,126.736636,45.67816,,,http://map.baidu.com/,,,,,,,,,,,,,,,,,,,,0
a99051b9834dcf7c36b06c2b,桥头,交通设施,公交车站,黑龙江省,哈尔滨市,香坊区,333路;337路;郊7路,,0,0,126.72828,45.682243,,,http://map.baidu.com/,,,,,,,,,,,,,,,,,,,,0
dc863b8f707e01dd130daaca,北柞村北站,交通设施,公交车站,黑龙江省,哈尔滨市,香坊区,364路二环;364路万家支线,,0,0,126.743646,45.708584,,,http://map.baidu.com/,,,,,,,,,,,,,,,,,,,,0
ea5c7a48ae572e129ce32159,诺丁山小区,交通设施,公交车站,黑龙江省,哈尔滨市,香坊区,9路;217路,,0,0,126.714401,45.695089,,,http://map.baidu.com/,,,,,,,,,,,,,,,,,,,,0
8dc45ffc12d021edd22dd60f,万科未来城自强首末站,交通设施,公交车站,黑龙江省,哈尔滨市,香坊区,10路区间;22路;62路,,0,0,126.713591,45.694636,,,http://map.baidu.com/,,,,,,,,,,,,,,,,,,,,0
32826b3f3e2785be81a12e9b,临时站一,交通设施,公交车站,黑龙江省,哈尔滨市,香坊区,364路二环,,0,0,126.76001,45.692938,,,http://map.baidu.com/,,,,,,,,,,,,,,,,,,,,0
1791671d6aa4fb8828b97c5e,临时站一,交通设施,公交车站,黑龙江省,哈尔滨市,香坊区,364路二环,,0,0,126.76001,45.692938,,,http://map.baidu.com/,,,,,,,,,,,,,,,,,,,,0
dff66c54e75cd0489ce321dd,诺丁山小区,交通设施,公交车站,黑龙江省,哈尔滨市,香坊区,9路;217路,,0,0,126.714619,45.695135,,,http://map.baidu.com/,,,,,,,,,,,,,,,,,,,,0
cc56ec719d38ac5708f5ebf8,北柞家园,交通设施,公交车站,黑龙江省,哈尔滨市,香坊区,364路二环;364路万家支线,,0,0,126.740984,45.711838,,,http://map.baidu.com/,,,,,,,,,,,,,,,,,,,,0
8dae69b6a59c35c2d518b794,万科智慧未来城临时站,交通设施,公交车站,黑龙江省,哈尔滨市,香坊区,10路区间;367路,,0,0,126.720096,45.696591,,,http://map.baidu.com/,,,,,,,,,,,,,,,,,,,,0
c3551161e14a9f324afd3fb7,北柞村北站,交通设施,公交车站,黑龙江省,哈尔滨市,香坊区,364路二环;364路万家支线,,0,0,126.743735,45.708469,,,http://map.baidu.com/,,,,,,,,,,,,,,,,,,,,0
dfffd014ab44bf339cf77920,北柞村,交通设施,公交车站,黑龙江省,哈尔滨市,香坊区,364路二环;364路万家支线,,0,0,126.745593,45.706018,,,http://map.baidu.com/,,,,,,,,,,,,,,,,,,,,0
467a63fdf5df4dff80a00c77,板厂,交通设施,公交车站,黑龙江省,哈尔滨市,香坊区,364路二环;364路万家支线,,0,0,126.758746,45.694939,,,http://map.baidu.com/,,,,,,,,,,,,,,,,,,,,0
4f14c60db66e3574c8c3db2e,三鑫小区,交通设施,公交车站,黑龙江省,哈尔滨市,香坊区,60路,,0,0,126.713754,45.698112,,,http://map.baidu.com/,,,,,,,,,,,,,,,,,,,,0
1f1f93755a9dfba422026203,临时站,交通设施,公交车站,黑龙江省,哈尔滨市,香坊区,364路二环;364路万家支线,,0,0,126.76979,45.683085,,,http://map.baidu.com/,,,,,,,,,,,,,,,,,,,,0
8fdc40c2ea9177faf8f0cb7b,临时站,交通设施,公交车站,黑龙江省,哈尔滨市,香坊区,364路二环;364路万家支线,,0,0,126.76979,45.683085,,,http://map.baidu.com/,,,,,,,,,,,,,,,,,,,,0
3240c38e7a664c76eb56fa9e,临时站,交通设施,公交车站,黑龙江省,哈尔滨市,香坊区,364路万家支线,,0,0,126.769809,45.683081,,,http://map.baidu.com/,,,,,,,,,,,,,,,,,,,,0
ce05fda48fbcf322e6e9657a,孙家屯,交通设施,公交车站,黑龙江省,哈尔滨市,香坊区,364路万家支线,,0,0,126.766399,45.684764,,,http://map.baidu.com/,,,,,,,,,,,,,,,,,,,,0
d288af8f7eb98b33f72310ec,光明村,交通设施,公交车站,黑龙江省,哈尔滨市,香坊区,378路,,0,0,126.781731,45.70793,,,http://map.baidu.com/,,,,,,,,,,,,,,,,,,,,0
f41cc136f6ac837b3f9a5eef,兴隆沟,交通设施,公交车站,黑龙江省,哈尔滨市,香坊区,364路万家支线,,0,0,126.784217,45.683675,,,http://map.baidu.com/,,,,,,,,,,,,,,,,,,,,0
cd4cb54f67f8355043ab9adf,兴隆沟,交通设施,公交车站,黑龙江省,哈尔滨市,香坊区,364路万家支线,,0,0,126.784274,45.683689,,,http://map.baidu.com/,,,,,,,,,,,,,,,,,,,,0
837d840609b128679d9d681a,兴隆沟,交通设施,公交车站,黑龙江省,哈尔滨市,香坊区,364路万家支线,,0,0,126.784274,45.683689,,,http://map.baidu.com/,,,,,,,,,,,,,,,,,,,,0
a61972bce0cb5b34f5c59cc2,东柞村,交通设施,公交车站,黑龙江省,哈尔滨市,香坊区,364路万家支线,,0,0,126.754183,45.697579,,,http://map.baidu.com/,,,,,,,,,,,,,,,,,,,,0
5621e505e3649ec0250bd0de,综合保税区公交停车场,交通设施,公交车站,黑龙江省,哈尔滨市,香坊区,378路,,0,0,126.787702,45.703004,,,http://map.baidu.com/,,,,,,,,,,,,,,,,,,,,0
b09d860278adc044373a71e1,光明村,交通设施,公交车站,黑龙江省,哈尔滨市,香坊区,368路;378路,,0,0,126.780616,45.70812,,,http://map.baidu.com/,,,,,,,,,,,,,,,,,,,,0
038ebfbbd53df596095cb3f8,孙家屯,交通设施,公交车站,黑龙江省,哈尔滨市,香坊区,364路二环;364路万家支线,,0,0,126.766027,45.685126,,,http://map.baidu.com/,,,,,,,,,,,,,,,,,,,,0
4fbfb7ce265b81309222e06a,综合保税区公交停车场,交通设施,公交车站,黑龙江省,哈尔滨市,香坊区,378路,,0,0,126.787717,45.703079,,,http://map.baidu.com/,,,,,,,,,,,,,,,,,,,,0
34f6d8e33cf659316fa3ccd7,华茂大道(秀明路口),交通设施,公交车站,黑龙江省,哈尔滨市,香坊区,368路;378路,,0,0,126.787383,45.707622,,,http://map.baidu.com/,,,,,,,,,,,,,,,,,,,,0
4c3dbbfa50bdcd438d772704,华茂大道(秀明路口),交通设施,公交车站,黑龙江省,哈尔滨市,香坊区,368路;378路,,0,0,126.787306,45.70756,,,http://map.baidu.com/,,,,,,,,,,,,,,,,,,,,0
86551acc915266f4c26c14f0,光明道口,交通设施,公交车站,黑龙江省,哈尔滨市,香坊区,368路;378路,,0,0,126.77348,45.708644,,,http://map.baidu.com/,,,,,,,,,,,,,,,,,,,,0
471a1b047f1e1335cf06a4d7,东柞村,交通设施,公交车站,黑龙江省,哈尔滨市,香坊区,364路二环;364路万家支线,,0,0,126.753746,45.697773,,,http://map.baidu.com/,,,,,,,,,,,,,,,,,,,,0
71d54a88ba578a330969d94c,嘉圣国际物流城,交通设施,公交车站,黑龙江省,哈尔滨市,香坊区,368路;378路,,0,0,126.764166,45.709287,,,http://map.baidu.com/,,,,,,,,,,,,,,,,,,,,0
1791671d6aa4fb8828b97c5e,临时站一,交通设施,公交车站,黑龙江省,哈尔滨市,香坊区,364路二环,,0,0,126.76001,45.692938,,,http://map.baidu.com/,,,,,,,,,,,,,,,,,,,,0
32826b3f3e2785be81a12e9b,临时站一,交通设施,公交车站,黑龙江省,哈尔滨市,香坊区,364路二环,,0,0,126.76001,45.692938,,,http://map.baidu.com/,,,,,,,,,,,,,,,,,,,,0
3ec056c35a69767bad0457bc,综合保税区办公楼,交通设施,公交车站,黑龙江省,哈尔滨市,香坊区,378路,,0,0,126.786582,45.701863,,,http://map.baidu.com/,,,,,,,,,,,,,,,,,,,,0
f0bd5fc4446ecaba72455b56,华茂大道(秀明路口),交通设施,公交车站,黑龙江省,哈尔滨市,香坊区,368路;378路,,0,0,126.787536,45.707746,,,http://map.baidu.com/,,,,,,,,,,,,,,,,,,,,0
55ad6d59b8dad4f5cac3dbf1,一三四中,交通设施,公交车站,黑龙江省,哈尔滨市,香坊区,364路二环;364路万家支线,,0,0,126.764891,45.686231,,,http://map.baidu.com/,,,,,,,,,,,,,,,,,,,,0
70021a7264349bfd8e1a89b6,孙家屯副食店,交通设施,公交车站,黑龙江省,哈尔滨市,香坊区,364路二环;364路万家支线,,0,0,126.767405,45.683697,,,http://map.baidu.com/,,,,,,,,,,,,,,,,,,,,0
467a63fdf5df4dff80a00c77,板厂,交通设施,公交车站,黑龙江省,哈尔滨市,香坊区,364路二环;364路万家支线,,0,0,126.758746,45.694939,,,http://map.baidu.com/,,,,,,,,,,,,,,,,,,,,0
351c674c59ebd5f9badf8fec,嘉圣国际物流城,交通设施,公交车站,黑龙江省,哈尔滨市,香坊区,368路;378路,,0,0,126.764151,45.710284,,,http://map.baidu.com/,,,,,,,,,,,,,,,,,,,,0
c43b8055b0253829db131841,综合保税区公交停车场,交通设施,公交车站,黑龙江省,哈尔滨市,香坊区,378路,,0,0,126.78771,45.703041,,,http://map.baidu.com/,,,,,,,,,,,,,,,,,,,,0
a48ad3d58022609f14b54b2c,孙家小学,交通设施,公交车站,黑龙江省,哈尔滨市,香坊区,364路二环;364路万家支线,,0,0,126.773076,45.680987,,,http://map.baidu.com/,,,,,,,,,,,,,,,,,,,,0
c01c55a45449f9bc0e3dda8d,长发屯,交通设施,公交车站,黑龙江省,哈尔滨市,香坊区,377路支线9,,0,0,126.817554,45.697987,,,http://map.baidu.com/,,,,,,,,,,,,,,,,,,,,0
9365754bed5bd27b54bfff40,红旗村委会,交通设施,公交车站,黑龙江省,哈尔滨市,香坊区,377路支线9,,0,0,126.811542,45.697281,,,http://map.baidu.com/,,,,,,,,,,,,,,,,,,,,0
d245051abb9be1bd5bf6be8d,成高子加油站,交通设施,公交车站,黑龙江省,哈尔滨市,香坊区,377路;377路支线2;377路支线5;377路支线8;387路;390路,,0,0,126.831257,45.709836,,,http://map.baidu.com/,,,,,,,,,,,,,,,,,,,,0
4e006fc8e48ecc8cebe58260,成高子加油站,交通设施,公交车站,黑龙江省,哈尔滨市,香坊区,377路;377路支线2;377路支线5;377路支线8;387路;390路,,0,0,126.830849,45.709924,,,http://map.baidu.com/,,,,,,,,,,,,,,,,,,,,0
ec7843d74b333bbfdad8916d,和平公墓,交通设施,公交车站,黑龙江省,哈尔滨市,香坊区,377路支线2;377路支线5;377路支线8,,0,0,126.842981,45.693253,,,http://map.baidu.com/,,,,,,,,,,,,,,,,,,,,0
b451760caf4aae986849f3a5,东升村村委会,交通设施,公交车站,黑龙江省,哈尔滨市,香坊区,377路支线8,,0,0,126.821591,45.684995,,,http://map.baidu.com/,,,,,,,,,,,,,,,,,,,,0
b70a2028b7983ff132870ad1,红雷物流,交通设施,公交车站,黑龙江省,哈尔滨市,香坊区,377路支线9,,0,0,126.822988,45.71196,,,http://map.baidu.com/,,,,,,,,,,,,,,,,,,,,0
cfd48ef5f6af56a22bb97c5e,哈尔滨市纺织印染厂,交通设施,公交车站,黑龙江省,哈尔滨市,香坊区,368路,,0,0,126.805633,45.70901,,,http://map.baidu.com/,,,,,,,,,,,,,,,,,,,,0
a8345b0f0379cf637dc87674,红雷物流,交通设施,公交车站,黑龙江省,哈尔滨市,香坊区,377路支线9,,0,0,126.821115,45.712341,,,http://map.baidu.com/,,,,,,,,,,,,,,,,,,,,0
95dfb09737c76cb30accdd9b,第四十六中学,交通设施,公交车站,黑龙江省,哈尔滨市,香坊区,377路;377路支线2;377路支线5;377路支线8;387路,,0,0,126.836317,45.708971,,,http://map.baidu.com/,,,,,,,,,,,,,,,,,,,,0
d783a9aa56c6fa724d554714,灰菜沟,交通设施,公交车站,黑龙江省,哈尔滨市,香坊区,377路支线9,,0,0,126.805961,45.700056,,,http://map.baidu.com/,,,,,,,,,,,,,,,,,,,,0
3d485e7a42e7fc76276e98cc,二苗圃,交通设施,公交车站,黑龙江省,哈尔滨市,香坊区,377路支线9,,0,0,126.825123,45.706506,,,http://map.baidu.com/,,,,,,,,,,,,,,,,,,,,0
046b1ba26ba60457cac3db8f,消防产品检验站,交通设施,公交车站,黑龙江省,哈尔滨市,香坊区,368路,,0,0,126.804116,45.709088,,,http://map.baidu.com/,,,,,,,,,,,,,,,,,,,,0
ba60a5f2d50da275bb17e72f,五间房,交通设施,公交车站,黑龙江省,哈尔滨市,香坊区,377路支线8,,0,0,126.83122,45.681966,,,http://map.baidu.com/,,,,,,,,,,,,,,,,,,,,0
f6c35effb90fa5657adbd2b0,成高子加油站,交通设施,公交车站,黑龙江省,哈尔滨市,香坊区,377路;377路支线2;377路支线5;377路支线8;387路;390路,,0,0,126.831053,45.70988,,,http://map.baidu.com/,,,,,,,,,,,,,,,,,,,,0
e700e6e8beb0713cbea240c5,红雷物流(龙达慈爱老年公寓),交通设施,公交车站,黑龙江省,哈尔滨市,香坊区,377路;377路支线2;377路支线5;377路支线8;387路;390路,,0,0,126.823613,45.711833,,,http://map.baidu.com/,,,,,,,,,,,,,,,,,,,,0
09dbe8f5deb018368c1a892a,先锋孵化场,交通设施,公交车站,黑龙江省,哈尔滨市,香坊区,377路支线2;377路支线5;377路支线8,,0,0,126.837144,45.702987,,,http://map.baidu.com/,,,,,,,,,,,,,,,,,,,,0
00de71600bd7c3dffb22135b,和平公墓,交通设施,公交车站,黑龙江省,哈尔滨市,香坊区,377路支线2;377路支线5;377路支线8,,0,0,126.842981,45.693253,,,http://map.baidu.com/,,,,,,,,,,,,,,,,,,,,0
76801511f1b6d1d5018972b6,四十六中学,交通设施,公交车站,黑龙江省,哈尔滨市,香坊区,377路;377路支线2;377路支线5;377路支线8;387路,,0,0,126.836441,45.708951,,,http://map.baidu.com/,,,,,,,,,,,,,,,,,,,,0
9366bb51e697ac89eaf85371,东升村村委会,交通设施,公交车站,黑龙江省,哈尔滨市,香坊区,377路支线8,,0,0,126.821592,45.684996,,,http://map.baidu.com/,,,,,,,,,,,,,,,,,,,,0
be535a09c3f8804486420ec4,绕城高速桥洞,交通设施,公交车站,黑龙江省,哈尔滨市,香坊区,377路支线2;377路支线5;377路支线8;377路支线9,,0,0,126.82807,45.70955,,,http://map.baidu.com/,,,,,,,,,,,,,,,,,,,,0
41e1197b26a1219a9122e078,新城村,交通设施,公交车站,黑龙江省,哈尔滨市,香坊区,377路支线10;397路,,0,0,126.862514,45.704849,,,http://map.baidu.com/,,,,,,,,,,,,,,,,,,,,0
ec7843d74b333bbfdad8916d,和平公墓,交通设施,公交车站,黑龙江省,哈尔滨市,香坊区,377路支线2;377路支线5;377路支线8,,0,0,126.842981,45.693253,,,http://map.baidu.com/,,,,,,,,,,,,,,,,,,,,0
fddfdeebbce9d92b223bf29d,桥头,交通设施,公交车站,黑龙江省,哈尔滨市,香坊区,377路支线3,,0,0,126.864219,45.703091,,,http://map.baidu.com/,,,,,,,,,,,,,,,,,,,,0
e53806fb0072255cb13c81c7,陆家屯,交通设施,公交车站,黑龙江省,哈尔滨市,香坊区,377路支线2;377路支线5,,0,0,126.849459,45.685809,,,http://map.baidu.com/,,,,,,,,,,,,,,,,,,,,0
aaf1d25c39fdd57aabf729c8,成高子,交通设施,公交车站,黑龙江省,哈尔滨市,香坊区,377路;377路支线10;377路支线2;377路支线3;377路支线5;377路支线8;387路;397路,,0,0,126.842953,45.706594,,,http://map.baidu.com/,,,,,,,,,,,,,,,,,,,,0
00de71600bd7c3dffb22135b,和平公墓,交通设施,公交车站,黑龙江省,哈尔滨市,香坊区,377路支线2;377路支线5;377路支线8,,0,0,126.842981,45.693253,,,http://map.baidu.com/,,,,,,,,,,,,,,,,,,,,0
9a874515f9f208e614764382,成高子镇政府,交通设施,公交车站,黑龙江省,哈尔滨市,香坊区,377路;377路支线10;377路支线2;377路支线3;377路支线5;377路支线8;387路;397路,,0,0,126.843523,45.706726,,,http://map.baidu.com/,,,,,,,,,,,,,,,,,,,,0
28512afb3cf03d07d4851f45,六家子,交通设施,公交车站,黑龙江省,哈尔滨市,香坊区,377路支线3,,0,0,126.877656,45.69555,,,http://map.baidu.com/,,,,,,,,,,,,,,,,,,,,0
17d86b410d034504c9c3db45,后许家屯,交通设施,公交车站,黑龙江省,哈尔滨市,香坊区,377路支线5,,0,0,126.85685,45.68022,,,http://map.baidu.com/,,,,,,,,,,,,,,,,,,,,0
432ad959c4a56cdcfbdc85bc,民强村,交通设施,公交车站,黑龙江省,哈尔滨市,香坊区,377路支线3,,0,0,126.895894,45.679727,,,http://map.baidu.com/,,,,,,,,,,,,,,,,,,,,0
b7dff5cce8f9e325c056ac6d,天泉生态人文公园,交通设施,公交车站,黑龙江省,哈尔滨市,香坊区,377路支线3,,0,0,126.890895,45.682923,,,http://map.baidu.com/,,,,,,,,,,,,,,,,,,,,0
28512afb3cf03d07d4851f45,六家子,交通设施,公交车站,黑龙江省,哈尔滨市,香坊区,377路支线3,,0,0,126.877656,45.69555,,,http://map.baidu.com/,,,,,,,,,,,,,,,,,,,,0
a2da6925fad5739d94ec84b6,美丽岛水世界,交通设施,公交车站,黑龙江省,哈尔滨市,阿城区,603路,,0,0,126.942009,45.686043,,,http://map.baidu.com/,,,,,,,,,,,,,,,,,,,,0
d8ef6beb4246a675afee7a60,弓箭铺屯,交通设施,公交车站,黑龙江省,哈尔滨市,香坊区,603路,,0,0,126.924428,45.705903,,,http://map.baidu.com/,,,,,,,,,,,,,,,,,,,,0
ef88ee071819aebc7dc87648,闽南国际商贸城(伏尔加庄园道口),交通设施,公交车站,黑龙江省,哈尔滨市,阿城区,603路,,0,0,126.945163,45.678548,,,http://map.baidu.com/,,,,,,,,,,,,,,,,,,,,0
fbc0774090eb0a48e11103cd,五一村,交通设施,公交车站,黑龙江省,哈尔滨市,道里区,341路五一村支线,,0,0,126.439422,45.721114,,,http://map.baidu.com/,,,,,,,,,,,,,,,,,,,,0
00b968f823e49d72f82d6110,五一村西,交通设施,公交车站,黑龙江省,哈尔滨市,道里区,341路五一村支线,,0,0,126.435038,45.721344,,,http://map.baidu.com/,,,,,,,,,,,,,,,,,,,,0
aacf879e953eb2809e9d68d1,五一村委会,交通设施,公交车站,黑龙江省,哈尔滨市,道里区,341路五一村支线,,0,0,126.445684,45.712007,,,http://map.baidu.com/,,,,,,,,,,,,,,,,,,,,0
d17b8e8d1adc13f16e20b939,民生尚都福园小区,交通设施,公交车站,黑龙江省,哈尔滨市,道里区,15路,,0,0,126.506252,45.724874,,,http://map.baidu.com/,,,,,,,,,,,,,,,,,,,,0
bc4c92f75b42a5f94f6d4691,民生广场,交通设施,公交车站,黑龙江省,哈尔滨市,道里区,32路,,0,0,126.526404,45.726308,,,http://map.baidu.com/,,,,,,,,,,,,,,,,,,,,0
cf8032c9e6fa7a2d4afc8deb,崂山路(群力第五大道),交通设施,公交车站,黑龙江省,哈尔滨市,道里区,93路,,0,0,126.525952,45.728628,,,http://map.baidu.com/,,,,,,,,,,,,,,,,,,,,0
4a4432d243a22f4c94ec8456,民生尚都东区,交通设施,公交车站,黑龙江省,哈尔滨市,道里区,25路;61路;71路;93路;95路;218路;239路;257路;341路;民生尚都福园顾乡大站区间快车,,0,0,126.528641,45.727258,,,http://map.baidu.com/,,,,,,,,,,,,,,,,,,,,0
16cc9cce6c4be2161e1d11ef,市保障房安置服务中心,交通设施,公交车站,黑龙江省,哈尔滨市,道里区,15路;25路;57路;61路;71路;85路;97路;217路;239路,,0,0,126.524226,45.726802,,,http://map.baidu.com/,,,,,,,,,,,,,,,,,,,,0
b6fa4487cb780d7dab0dd8da,朱顺屯,交通设施,公交车站,黑龙江省,哈尔滨市,道里区,218路,,0,0,126.529641,45.732636,,,http://map.baidu.com/,,,,,,,,,,,,,,,,,,,,0
205db8a8480830dbf403b8e7,市保障房安置服务中心,交通设施,公交车站,黑龙江省,哈尔滨市,道里区,15路;57路;61路;97路;217路,,0,0,126.524092,45.726675,,,http://map.baidu.com/,,,,,,,,,,,,,,,,,,,,0
81864b81e0f73f8c78f7968f,民生尚都公交枢纽站,交通设施,公交车站,黑龙江省,哈尔滨市,道里区,25路;61路;95路;129路;218路;239路,,0,0,126.532143,45.728723,,,http://map.baidu.com/,,,,,,,,,,,,,,,,,,,,0
c9849cc713735d50b35c6a5b,民生尚都,交通设施,公交车站,黑龙江省,哈尔滨市,道里区,32路;民生尚都福园顾乡大站区间快车,,0,0,126.527076,45.724015,,,http://map.baidu.com/,,,,,,,,,,,,,,,,,,,,0
7c351bfc7ce3e4ff4151c0ac,民生广场,交通设施,公交车站,黑龙江省,哈尔滨市,道里区,32路,,0,0,126.526404,45.726308,,,http://map.baidu.com/,,,,,,,,,,,,,,,,,,,,0
c16581c998d6b98a79f7968c,市保障房安置服务中心,交通设施,公交车站,黑龙江省,哈尔滨市,道里区,15路;25路;57路;61路;71路;85路;95路;97路;217路;218路;239路;341路,,0,0,126.524815,45.726421,,,http://map.baidu.com/,,,,,,,,,,,,,,,,,,,,0
03f485f98f8af2f421022044,岷山路(群力第五大道口),交通设施,公交车站,黑龙江省,哈尔滨市,道里区,85路,,0,0,126.520341,45.73002,,,http://map.baidu.com/,,,,,,,,,,,,,,,,,,,,0
49b24c2f84a09c6ac8213d01,群力第五大道(崂山路口),交通设施,公交车站,黑龙江省,哈尔滨市,道里区,93路,,0,0,126.528469,45.730934,,,http://map.baidu.com/,,,,,,,,,,,,,,,,,,,,0
56256f6334ce8795b64f54f2,市保障房安置服务中心,交通设施,公交车站,黑龙江省,哈尔滨市,道里区,57路;95路;97路;217路;218路;341路,,0,0,126.52667,45.725407,,,http://map.baidu.com/,,,,,,,,,,,,,,,,,,,,0
f0351be091466f126cc02c39,松江路,交通设施,公交车站,黑龙江省,哈尔滨市,道里区,218路,,0,0,126.527101,45.734084,,,http://map.baidu.com/,,,,,,,,,,,,,,,,,,,,0
0e243937c78c7ba5d7851fc5,龙柏路,交通设施,公交车站,黑龙江省,哈尔滨市,道里区,71路,,0,0,126.520833,45.72455,,,http://map.baidu.com/,,,,,,,,,,,,,,,,,,,,0
af24b28fb92fb43e9c09f73f,民生尚都小区,交通设施,公交车站,黑龙江省,哈尔滨市,道里区,15路;85路;95路;97路;113路;201路;217路;218路;257路;341路;341路长岭湖支线;341路五一村支线,,0,0,126.527559,45.724271,,,http://map.baidu.com/,,,,,,,,,,,,,,,,,,,,0
e7a520d0ffd5b11e13293573,龙柏路,交通设施,公交车站,黑龙江省,哈尔滨市,道里区,71路,,0,0,126.519552,45.725093,,,http://map.baidu.com/,,,,,,,,,,,,,,,,,,,,0
246a0f65c0e669ce9fec2bd5,群力第五大道(岷山路口),交通设施,公交车站,黑龙江省,哈尔滨市,道里区,85路,,0,0,126.518309,45.729803,,,http://map.baidu.com/,,,,,,,,,,,,,,,,,,,,0
a068b87cee4346933c9a5e26,市保障房安置中心,交通设施,公交车站,黑龙江省,哈尔滨市,道里区,95路;341路,,0,0,126.526943,45.72519,,,http://map.baidu.com/,,,,,,,,,,,,,,,,,,,,0
27ef2ed85369ffa62fb908f5,民生尚都小区,交通设施,公交车站,黑龙江省,哈尔滨市,道里区,15路;85路;257路,,0,0,126.526835,45.724845,,,http://map.baidu.com/,,,,,,,,,,,,,,,,,,,,0
6e0d854c5fc59155ab059d70,民生尚都东区,交通设施,公交车站,黑龙江省,哈尔滨市,道里区,25路;61路;71路;95路;218路;239路;257路;341路;民生尚都福园顾乡大站区间快车,,0,0,126.528546,45.727185,,,http://map.baidu.com/,,,,,,,,,,,,,,,,,,,,0
9ffe336dd974e4fa1ef74d69,民生尚都,交通设施,公交车站,黑龙江省,哈尔滨市,道里区,32路;民生尚都福园顾乡大站区间快车,,0,0,126.52809,45.723435,,,http://map.baidu.com/,,,,,,,,,,,,,,,,,,,,0
88cb2fb4e5d9e2b02fb17e26,宜居家园小区,交通设施,公交车站,黑龙江省,哈尔滨市,道里区,15路;32路;57路;85路;97路;113路;201路;217路;218路;257路;341路长岭湖支线;341路五一村支线,,0,0,126.530221,45.723139,,,http://map.baidu.com/,,,,,,,,,,,,,,,,,,,,0
4ed0b3e26eee3158df1e5291,市保障房安置中心,交通设施,公交车站,黑龙江省,哈尔滨市,道里区,25路;71路;85路;239路;民生尚都福园顾乡大站区间快车,,0,0,126.524476,45.726719,,,http://map.baidu.com/,,,,,,,,,,,,,,,,,,,,0
ecacb1874442ebc40aa8d4b4,朗江路公交首末站,交通设施,公交车站,黑龙江省,哈尔滨市,道里区,46路;71路;132路,,0,0,126.540407,45.726707,,,http://map.baidu.com/,,,,,,,,,,,,,,,,,,,,0
7f642c42a548f2b64e5547ce,阳明滩大道口,交通设施,公交车站,黑龙江省,哈尔滨市,道里区,129路,,0,0,126.533685,45.725048,,,http://map.baidu.com/,,,,,,,,,,,,,,,,,,,,0
11817cc2596145fc1f38946d,市保障房安置中心,交通设施,公交车站,黑龙江省,哈尔滨市,道里区,25路;71路;85路;239路;民生尚都福园顾乡大站区间快车,,0,0,126.524948,45.726379,,,http://map.baidu.com/,,,,,,,,,,,,,,,,,,,,0
905353fc1b0bd9a2c42ba1a6,民生尚都小区,交通设施,公交车站,黑龙江省,哈尔滨市,道里区,95路;113路,,0,0,126.528763,45.723317,,,http://map.baidu.com/,,,,,,,,,,,,,,,,,,,,0
54d873e613e59d26f32d834a,崂山路(群力第五大道),交通设施,公交车站,黑龙江省,哈尔滨市,道里区,93路,,0,0,126.525952,45.728628,,,http://map.baidu.com/,,,,,,,,,,,,,,,,,,,,0
ae59dd3526402d0d3ce23177,松江路,交通设施,公交车站,黑龙江省,哈尔滨市,道里区,218路,,0,0,126.524459,45.735863,,,http://map.baidu.com/,,,,,,,,,,,,,,,,,,,,0
6a948eac309df646b64f5482,民生尚都东区,交通设施,公交车站,黑龙江省,哈尔滨市,道里区,25路;61路;71路;93路;95路;218路;239路;257路;341路,,0,0,126.528723,45.727321,,,http://map.baidu.com/,,,,,,,,,,,,,,,,,,,,0
209bf63279876f4309b93a95,群力第六大道(三环路口),交通设施,公交车站,黑龙江省,哈尔滨市,道里区,71路;257路,,0,0,126.534297,45.728124,,,http://map.baidu.com/,,,,,,,,,,,,,,,,,,,,0
67c7f61c217b763421f017eb,松江路,交通设施,公交车站,黑龙江省,哈尔滨市,道里区,218路,,0,0,126.521816,45.737643,,,http://map.baidu.com/,,,,,,,,,,,,,,,,,,,,0
662961c5179ff33c1894c69b,群力第六大道(民生公园),交通设施,公交车站,黑龙江省,哈尔滨市,道里区,15路;25路;57路;61路;97路;217路;239路,,0,0,126.518116,45.726042,,,http://map.baidu.com/,,,,,,,,,,,,,,,,,,,,0
db3dc301564725fdd0ff23ea,群力家园公交首末站,交通设施,公交车站,黑龙江省,哈尔滨市,道里区,45路;85路;90路;97路;117路;125路;131路;S2路/商务公交2号线;S2路区间/商务公交2号线区间,,0,0,126.546362,45.72072,,,http://map.baidu.com/,,,,,,,,,,,,,,,,,,,,0
cb96e051c00d76deaeb22a8a,阳明滩大道(群力大道口),交通设施,公交车站,黑龙江省,哈尔滨市,道里区,25路;129路,,0,0,126.531869,45.734589,,,http://map.baidu.com/,,,,,,,,,,,,,,,,,,,,0
a334d4167206069fd42ce2fd,阳明滩大道(群力大道口),交通设施,公交车站,黑龙江省,哈尔滨市,道里区,25路;129路,,0,0,126.532236,45.73419,,,http://map.baidu.com/,,,,,,,,,,,,,,,,,,,,0
1f66a02019c980d34c3a59e3,群力第五大道(崂山路口),交通设施,公交车站,黑龙江省,哈尔滨市,道里区,93路,,0,0,126.528469,45.730934,,,http://map.baidu.com/,,,,,,,,,,,,,,,,,,,,0
4de794c7a17a8efcf503b873,查家,交通设施,公交车站,黑龙江省,哈尔滨市,道里区,341路,,0,0,126.512599,45.720898,,,http://map.baidu.com/,,,,,,,,,,,,,,,,,,,,0
1b7e284e7298e1c649fd3f43,群力第二大道公交首末站,交通设施,公交车站,黑龙江省,哈尔滨市,道里区,12路;132路;133路;237路,,0,0,126.533054,45.741082,,,http://map.baidu.com/,,,,,,,,,,,,,,,,,,,,0
9e16770f9b0d7588f11937f1,四方台,交通设施,公交车站,黑龙江省,哈尔滨市,道里区,218路,,0,0,126.517367,45.741715,,,http://map.baidu.com/,,,,,,,,,,,,,,,,,,,,0
b88165b934caac0228b97cab,岷山路(群力第五大道口),交通设施,公交车站,黑龙江省,哈尔滨市,道里区,85路,,0,0,126.520341,45.73002,,,http://map.baidu.com/,,,,,,,,,,,,,,,,,,,,0
c0773b4570b62eeca8f0cd91,新三中公交首末站,交通设施,公交车站,黑龙江省,哈尔滨市,道里区,84路;257路,,0,0,126.546805,45.728718,,,http://map.baidu.com/,,,,,,,,,,,,,,,,,,,,0
a47c1c347c8e676f07026fd8,新三中,交通设施,公交车站,黑龙江省,哈尔滨市,道里区,15路;32路;71路;82路;85路;90路;95路;97路;113路;117路;125路;129路;131路;132路;201路;217路;218路;341路;341路长岭湖支线;341路五一村支线,,0,0,126.544722,45.723951,,,http://map.baidu.com/,,,,,,,,,,,,,,,,,,,,0
dc2ae92c5c2e8ca6d42ce2d0,新三中,交通设施,公交车站,黑龙江省,哈尔滨市,道里区,15路;32路;71路;95路;201路;218路;341路;341路长岭湖支线;341路五一村支线,,0,0,126.54292,45.724516,,,http://map.baidu.com/,,,,,,,,,,,,,,,,,,,,0
9f727a66a7849267b1077ddf,查家,交通设施,公交车站,黑龙江省,哈尔滨市,道里区,341路;341路长岭湖支线;341路五一村支线,,0,0,126.513403,45.721215,,,http://map.baidu.com/,,,,,,,,,,,,,,,,,,,,0
f0e6ccc8c9a03a850869d902,群力第五大道(岷山路口),交通设施,公交车站,黑龙江省,哈尔滨市,道里区,85路,,0,0,126.518309,45.729803,,,http://map.baidu.com/,,,,,,,,,,,,,,,,,,,,0
14086d9ad300e009ad0457b5,宜居家园,交通设施,公交车站,黑龙江省,哈尔滨市,道里区,15路;32路;97路;113路;217路;218路;341路长岭湖支线;341路五一村支线,,0,0,126.53162,45.723506,,,http://map.baidu.com/,,,,,,,,,,,,,,,,,,,,0
2932e7a55c20b559ebe582fc,洪湖路,交通设施,公交车站,黑龙江省,哈尔滨市,道里区,82路;97路,,0,0,126.538537,45.714449,,,http://map.baidu.com/,,,,,,,,,,,,,,,,,,,,0
471e3dae75c937c2ed74f8ee,保利上城小区,交通设施,公交车站,黑龙江省,哈尔滨市,道里区,46路;132路,,0,0,126.539591,45.733488,,,http://map.baidu.com/,,,,,,,,,,,,,,,,,,,,0
d3d9bf8906d9d68db21e3646,山水家园小区,交通设施,公交车站,黑龙江省,哈尔滨市,道里区,90路;95路;125路;131路;257路,,0,0,126.547959,45.726743,,,http://map.baidu.com/,,,,,,,,,,,,,,,,,,,,0
ddec134446afd7f40bf5ebeb,哈尔滨轻工业学校,交通设施,公交车站,黑龙江省,哈尔滨市,道里区,15路;32路;82路;113路;129路;201路;217路;218路;341路;341路长岭湖支线;341路五一村支线,,0,0,126.53908,45.724689,,,http://map.baidu.com/,,,,,,,,,,,,,,,,,,,,0
f39717add400abb51b94c601,阳明滩大道口,交通设施,公交车站,黑龙江省,哈尔滨市,道里区,129路,,0,0,126.534185,45.724874,,,http://map.baidu.com/,,,,,,,,,,,,,,,,,,,,0
a3cedbfd07e7932cc4f0259a,阳明滩大道口,交通设施,公交车站,黑龙江省,哈尔滨市,道里区,129路,,0,0,126.533184,45.725221,,,http://map.baidu.com/,,,,,,,,,,,,,,,,,,,,0
0aa2b3ea7b07d6b9ddee8b22,吉尼斯世界纪录乐园,交通设施,公交车站,黑龙江省,哈尔滨市,道里区,237路;238路,,0,0,126.532484,45.742165,,,http://map.baidu.com/,,,,,,,,,,,,,,,,,,,,0
c933dc9d4fd4d5f158f6be0d,钢材市场,交通设施,公交车站,黑龙江省,哈尔滨市,道里区,341路;341路长岭湖支线;341路五一村支线,,0,0,126.507588,45.717486,,,http://map.baidu.com/,,,,,,,,,,,,,,,,,,,,0
d7cdd7aa5fb66491e5073827,民生尚都福园小区东门,交通设施,公交车站,黑龙江省,哈尔滨市,道里区,15路,,0,0,126.514856,45.725677,,,http://map.baidu.com/,,,,,,,,,,,,,,,,,,,,0
77717ae7e85369069de321f8,哈空调公司,交通设施,公交车站,黑龙江省,哈尔滨市,道里区,140路,,0,0,126.515535,45.714379,,,http://map.baidu.com/,,,,,,,,,,,,,,,,,,,,0
12448f2cb4de85aed5b74ef5,医大一院群力院区,交通设施,公交车站,黑龙江省,哈尔滨市,道里区,85路;217路,,0,0,126.564798,45.729365,,,http://map.baidu.com/,,,,,,,,,,,,,,,,,,,,0
e383e54b7cfe4ea25fbe8640,医大一院群力分院,交通设施,公交车站,黑龙江省,哈尔滨市,道里区,84路,,0,0,126.564727,45.729317,,,http://map.baidu.com/,,,,,,,,,,,,,,,,,,,,0
0e7f221d16d03c1bb54f54c6,医大一院群力分院,交通设施,公交车站,黑龙江省,哈尔滨市,道里区,84路;85路;217路,,0,0,126.563959,45.728739,,,http://map.baidu.com/,,,,,,,,,,,,,,,,,,,,0
a24d4a61227cbadc8505bf34,医大一院群力分院,交通设施,公交车站,黑龙江省,哈尔滨市,道里区,84路;85路;217路,,0,0,126.563155,45.728137,,,http://map.baidu.com/,,,,,,,,,,,,,,,,,,,,0
9275efcd3cc0f44f220220a8,兴江路(群力第七大道口)(临时站),交通设施,公交车站,黑龙江省,哈尔滨市,道里区,220路,,0,0,126.569457,45.730675,,,http://map.baidu.com/,,,,,,,,,,,,,,,,,,,,0
4b8df7537a00b5afa10464c2,兴江路(群力第七大道口)(临时站),交通设施,公交车站,黑龙江省,哈尔滨市,道里区,220路,,0,0,126.569457,45.730675,,,http://map.baidu.com/,,,,,,,,,,,,,,,,,,,,0
a460abfcbf196427abf72950,兴江路(群力第七大道路口),交通设施,公交车站,黑龙江省,哈尔滨市,道里区,220路,,0,0,126.5697,45.730632,,,http://map.baidu.com/,,,,,,,,,,,,,,,,,,,,0
54dfa6e82101f6cb704b872b,省五院,交通设施,公交车站,黑龙江省,哈尔滨市,道里区,15路;32路;71路;82路;97路;113路;129路;132路;201路;236路;341路;341路长岭湖支线;341路五一村支线;民生尚都福园顾乡大站区间快车,,0,0,126.574269,45.730059,,,http://map.baidu.com/,,,,,,,,,,,,,,,,,,,,0
67e50db94e0189c159f6be82,工农大街(兴江路口),交通设施,公交车站,黑龙江省,哈尔滨市,道里区,82路;97路;129路;201路;236路;257路,,0,0,126.57023,45.727404,,,http://map.baidu.com/,,,,,,,,,,,,,,,,,,,,0
83667ffef610904f71210b24,工农大街(兴江路口),交通设施,公交车站,黑龙江省,哈尔滨市,道里区,15路;32路;71路;82路;97路;113路;129路;132路;201路;236路;257路;341路;341路长岭湖支线;341路五一村支线,,0,0,126.57013,45.727263,,,http://map.baidu.com/,,,,,,,,,,,,,,,,,,,,0
e9b7b1fe74b4a5e958f6befa,工农大街(兴江路口),交通设施,公交车站,黑龙江省,哈尔滨市,道里区,15路;32路;71路;82路;97路;113路;129路;132路;201路;236路;257路;341路;341路长岭湖支线;341路五一村支线,,0,0,126.570466,45.72741,,,http://map.baidu.com/,,,,,,,,,,,,,,,,,,,,0
eedbff17d929c6be36b06ca7,兴江路(群力第七大道口),交通设施,公交车站,黑龙江省,哈尔滨市,道里区,85路;220路,,0,0,126.567746,45.732214,,,http://map.baidu.com/,,,,,,,,,,,,,,,,,,,,0
3971a1e1ff1c2130c9291511,工农大街(兴江路口),交通设施,公交车站,黑龙江省,哈尔滨市,道里区,15路;32路;71路;113路;132路;341路;341路长岭湖支线;341路五一村支线,,0,0,126.56947,45.72689,,,http://map.baidu.com/,,,,,,,,,,,,,,,,,,,,0
c917d87929d7e3b39122e0c8,兴江路(群力第七大道口),交通设施,公交车站,黑龙江省,哈尔滨市,道里区,85路;220路,,0,0,126.566876,45.732815,,,http://map.baidu.com/,,,,,,,,,,,,,,,,,,,,0
f86d4659d6b7619817b54b9b,群力第七大道(兴江路路口),交通设施,公交车站,黑龙江省,哈尔滨市,道里区,84路;217路,,0,0,126.569466,45.732387,,,http://map.baidu.com/,,,,,,,,,,,,,,,,,,,,0
7c486f277dc4898c57bfffc1,丽江路(群力第七大道口),交通设施,公交车站,黑龙江省,哈尔滨市,道里区,117路;129路;218路区间/218路大站快车;S2路/商务公交2号线;S2路区间/商务公交2号线区间,,0,0,126.562835,45.726659,,,http://map.baidu.com/,,,,,,,,,,,,,,,,,,,,0
735a73f702efa7ca6240a95f,丽江路(群力第七大道口),交通设施,公交车站,黑龙江省,哈尔滨市,道里区,117路;129路;218路区间/218路大站快车;S2路/商务公交2号线;S2路区间/商务公交2号线区间,,0,0,126.562622,45.726741,,,http://map.baidu.com/,,,,,,,,,,,,,,,,,,,,0
f84b20c4ebbcb0362806ce81,丽江路(群力第七大道口),交通设施,公交车站,黑龙江省,哈尔滨市,道里区,117路;129路;218路区间/218路大站快车;S2路/商务公交2号线;S2路区间/商务公交2号线区间,,0,0,126.562408,45.726823,,,http://map.baidu.com/,,,,,,,,,,,,,,,,,,,,0
8ab7ff2d6b896d20a3d23056,工农大街(丽江路口),交通设施,公交车站,黑龙江省,哈尔滨市,道里区,15路;32路;71路;82路;97路;113路;129路;132路;201路;236路;257路;341路;341路长岭湖支线;341路五一村支线;S12路/商务公交12号线,,0,0,126.566355,45.724714,,,http://map.baidu.com/,,,,,,,,,,,,,,,,,,,,0
d5cc43e46c46732d6fa3cc3c,工农大街(丽江路口),交通设施,公交车站,黑龙江省,哈尔滨市,道里区,15路;32路;71路;82路;97路;113路;129路;132路;201路;236路;257路;341路;341路长岭湖支线;341路五一村支线;S12路/商务公交12号线,,0,0,126.566454,45.724869,,,http://map.baidu.com/,,,,,,,,,,,,,,,,,,,,0
bfff650b63daeeb15b10937d,群力第七大道(兴江路口),交通设施,公交车站,黑龙江省,哈尔滨市,道里区,84路;217路,,0,0,126.569764,45.732706,,,http://map.baidu.com/,,,,,,,,,,,,,,,,,,,,0
be5dbd32293a7d506849f3d2,群力第七大道(兴江路口),交通设施,公交车站,黑龙江省,哈尔滨市,道里区,84路;217路,,0,0,126.569664,45.7326,,,http://map.baidu.com/,,,,,,,,,,,,,,,,,,,,0
72fc83ee80cf0c53d03ce3a7,兴江路(群力第七大道口),交通设施,公交车站,黑龙江省,哈尔滨市,道里区,85路;220路,,0,0,126.566441,45.733116,,,http://map.baidu.com/,,,,,,,,,,,,,,,,,,,,0
b86818413d51f15c03ff2d3a,工农大街(丽江路口),交通设施,公交车站,黑龙江省,哈尔滨市,道里区,15路;32路;71路;82路;97路;113路;129路;132路;201路;236路;257路;341路;341路长岭湖支线;341路五一村支线;S12路/商务公交12号线,,0,0,126.566256,45.72456,,,http://map.baidu.com/,,,,,,,,,,,,,,,,,,,,0
4771f1dc98fe5dbca30464bd,兴江路(群力第七大道路口),交通设施,公交车站,黑龙江省,哈尔滨市,道里区,220路,,0,0,126.568723,45.731423,,,http://map.baidu.com/,,,,,,,,,,,,,,,,,,,,0
ad68f3f38da3ab0ecac3dbe6,雨阳公园公交首末站,交通设施,公交车站,黑龙江省,哈尔滨市,道里区,61路;84路;124路;125路;129路;239路;民生尚都福园顾乡大站区间快车,,0,0,126.555963,45.729466,,,http://map.baidu.com/,,,,,,,,,,,,,,,,,,,,0
4ee5620232736dee93114c24,工农大街,交通设施,公交车站,黑龙江省,哈尔滨市,道里区,117路;218路区间/218路大站快车,,0,0,126.564639,45.725178,,,http://map.baidu.com/,,,,,,,,,,,,,,,,,,,,0
7a9b8c97456b3eb25d17c348,群力公交首末站,交通设施,公交车站,黑龙江省,哈尔滨市,道里区,63路;110路环线;111路环线;117路,,0,0,126.577075,45.741213,,,http://map.baidu.com/,,,,,,,,,,,,,,,,,,,,0
d1be5323a814725acae33c55,市运输总公司,交通设施,公交车站,黑龙江省,哈尔滨市,道里区,5路;5路夜班车;20路;33路;59路;218路;335路;345路;345路民主村支线;362路;383路;391路,,0,0,126.573791,45.723156,,,http://map.baidu.com/,,,,,,,,,,,,,,,,,,,,0
db3dc301564725fdd0ff23ea,群力家园公交首末站,交通设施,公交车站,黑龙江省,哈尔滨市,道里区,45路;85路;90路;97路;117路;125路;131路;S2路/商务公交2号线;S2路区间/商务公交2号线区间,,0,0,126.546362,45.72072,,,http://map.baidu.com/,,,,,,,,,,,,,,,,,,,,0
30c97ea3447996c85abbbcb1,新城小区,交通设施,公交车站,黑龙江省,哈尔滨市,道里区,218路;218路区间/218路大站快车,,0,0,126.567492,45.723031,,,http://map.baidu.com/,,,,,,,,,,,,,,,,,,,,0
c0773b4570b62eeca8f0cd91,新三中公交首末站,交通设施,公交车站,黑龙江省,哈尔滨市,道里区,84路;257路,,0,0,126.546805,45.728718,,,http://map.baidu.com/,,,,,,,,,,,,,,,,,,,,0
632f8c7f31bc8f095f0d02f0,迎宾小区,交通设施,公交车站,黑龙江省,哈尔滨市,道里区,20路;33路;59路;218路;335路;345路;345路民主村支线;362路;383路;391路;S4路/商务公交4号线,,0,0,126.586823,45.73198,,,http://map.baidu.com/,,,,,,,,,,,,,,,,,,,,0
a47c1c347c8e676f07026fd8,新三中,交通设施,公交车站,黑龙江省,哈尔滨市,道里区,15路;32路;71路;82路;85路;90路;95路;97路;113路;117路;125路;129路;131路;132路;201路;217路;218路;341路;341路长岭湖支线;341路五一村支线,,0,0,126.544722,45.723951,,,http://map.baidu.com/,,,,,,,,,,,,,,,,,,,,0
6b8d05c270e55fb8a11de95e,王府井购物中心西门,交通设施,公交车站,黑龙江省,哈尔滨市,道里区,25路;97路;110路环线;111路环线;S12路/商务公交12号线,,0,0,126.570757,45.737659,,,http://map.baidu.com/,,,,,,,,,,,,,,,,,,,,0
78f639996cfb62e44d776ec8,群力第五大道,交通设施,公交车站,黑龙江省,哈尔滨市,道里区,61路;85路;90路;93路;95路;117路;124路;125路;220路;237路;238路;239路;S1路/商务公交1号线;S2路区间/商务公交2号线区间,,0,0,126.561707,45.739571,,,http://map.baidu.com/,,,,,,,,,,,,,,,,,,,,0
dc2ae92c5c2e8ca6d42ce2d0,新三中,交通设施,公交车站,黑龙江省,哈尔滨市,道里区,15路;32路;71路;95路;201路;218路;341路;341路长岭湖支线;341路五一村支线,,0,0,126.54292,45.724516,,,http://map.baidu.com/,,,,,,,,,,,,,,,,,,,,0
6d0e3665364cf216ad080fa2,龙江客车厂,交通设施,公交车站,黑龙江省,哈尔滨市,道里区,20路;33路;59路;218路;335路;345路;345路民主村支线;362路;383路;391路;S4路/商务公交4号线,,0,0,126.58026,45.727545,,,http://map.baidu.com/,,,,,,,,,,,,,,,,,,,,0
3b044b624331749adbd89182,滇池路,交通设施,公交车站,黑龙江省,哈尔滨市,道里区,85路;97路;S12路/商务公交12号线;S2路/商务公交2号线;S2路区间/商务公交2号线区间,,0,0,126.547755,45.717662,,,http://map.baidu.com/,,,,,,,,,,,,,,,,,,,,0
5908f0bfdf00cb95dad8910d,汽车齿轮厂,交通设施,公交车站,黑龙江省,哈尔滨市,道里区,20路;33路;45路;57路;59路;140路;335路;345路;345路民主村支线;362路;383路;391路;S12路/商务公交12号线;机场大巴2号线;机场大巴3号线,,0,0,126.56787,45.718843,,,http://map.baidu.com/,,,,,,,,,,,,,,,,,,,,0
bf7b1e44d1540f93246e98eb,王府井购物中心北门,交通设施,公交车站,黑龙江省,哈尔滨市,道里区,61路;63路;85路;90路;110路环线;111路环线;117路;124路;125路;209路;238路;239路;376路;S1路/商务公交1号线;S2路区间/商务公交2号线区间,,0,0,126.572678,45.741292,,,http://map.baidu.com/,,,,,,,,,,,,,,,,,,,,0
5b50fdb2094962e9da2f2846,和谐大道,交通设施,公交车站,黑龙江省,哈尔滨市,南岗区,129路,,0,0,126.584196,45.720677,,,http://map.baidu.com/,,,,,,,,,,,,,,,,,,,,0
bb855c59690222294afd3fd2,融江路,交通设施,公交车站,黑龙江省,哈尔滨市,道里区,45路;90路;97路;125路;131路,,0,0,126.549165,45.716306,,,http://map.baidu.com/,,,,,,,,,,,,,,,,,,,,0
36de1d89be91cd2a2902e106,远大群力购物中心,交通设施,公交车站,黑龙江省,哈尔滨市,道里区,12路;93路;97路;131路;133路;209路;237路;376路;S12路/商务公交12号线;S2路/商务公交2号线;机场大巴4号线,,0,0,126.566195,45.744755,,,http://map.baidu.com/,,,,,,,,,,,,,,,,,,,,0
c34f96831bf0765e0e3dda1e,龙章路公交首末站,交通设施,公交车站,黑龙江省,哈尔滨市,道里区,117路;125路,,0,0,126.552792,45.716495,,,http://map.baidu.com/,,,,,,,,,,,,,,,,,,,,0
61896b51401d7080eaf85323,和谐大道,交通设施,公交车站,黑龙江省,哈尔滨市,南岗区,37路;129路,,0,0,126.583043,45.71964,,,http://map.baidu.com/,,,,,,,,,,,,,,,,,,,,0
bab9de4cf5cb2cfcc2364434,穆斯林小区,交通设施,公交车站,黑龙江省,哈尔滨市,道里区,20路;45路;57路;59路;140路;335路;345路;345路民主村支线;362路;383路;391路;S12路/商务公交12号线,,0,0,126.559829,45.712835,,,http://map.baidu.com/,,,,,,,,,,,,,,,,,,,,0
c64a4da5036e8b233310af75,农机修配公司,交通设施,公交车站,黑龙江省,哈尔滨市,道里区,20路;45路;57路;59路;140路;335路;345路;345路民主村支线;362路;383路;391路,,0,0,126.563563,45.715732,,,http://map.baidu.com/,,,,,,,,,,,,,,,,,,,,0
0456613cbfc1871d6140a942,滇池街,交通设施,公交车站,黑龙江省,哈尔滨市,道里区,117路,,0,0,126.548498,45.718839,,,http://map.baidu.com/,,,,,,,,,,,,,,,,,,,,0
9eaf459ef76b94d73913fd30,清河湾小区,交通设施,公交车站,黑龙江省,哈尔滨市,道里区,5路;5路夜班车;37路;65路;99路;129路;238路,,0,0,126.587786,45.727964,,,http://map.baidu.com/,,,,,,,,,,,,,,,,,,,,0
df974a90d8242dcb100daa4c,第七中学,交通设施,公交车站,黑龙江省,哈尔滨市,道里区,84路,,0,0,126.578065,45.738244,,,http://map.baidu.com/,,,,,,,,,,,,,,,,,,,,0
922e5faa154d572a54bfff02,和谐大道,交通设施,公交车站,黑龙江省,哈尔滨市,南岗区,37路;129路,,0,0,126.583986,45.720822,,,http://map.baidu.com/,,,,,,,,,,,,,,,,,,,,0
fa9b272306df618782a12edf,融汇路,交通设施,公交车站,黑龙江省,哈尔滨市,道里区,S12路/商务公交12号线,,0,0,126.552607,45.719461,,,http://map.baidu.com/,,,,,,,,,,,,,,,,,,,,0
7a88f0ef7728f8821ef74d49,汇智中心,交通设施,公交车站,黑龙江省,哈尔滨市,南岗区,33路;45路;140路,,0,0,126.578532,45.717806,,,http://map.baidu.com/,,,,,,,,,,,,,,,,,,,,0
a81bbf0b7e27cb726f4760fe,和谐大道,交通设施,公交车站,黑龙江省,哈尔滨市,南岗区,37路,,0,0,126.583776,45.720967,,,http://map.baidu.com/,,,,,,,,,,,,,,,,,,,,0
68a5c0b0d0fa9e45f8dc85b7,铁路街(康宁路口),交通设施,公交车站,黑龙江省,哈尔滨市,南岗区,96路,,0,0,126.605841,45.729723,,,http://map.baidu.com/,,,,,,,,,,,,,,,,,,,,0
76e6ad8a511793bcf32d83a5,康宁小区,交通设施,公交车站,黑龙江省,哈尔滨市,南岗区,37路;93路;209路;237路,,0,0,126.612798,45.731443,,,http://map.baidu.com/,,,,,,,,,,,,,,,,,,,,0
a5e2b310a1c0c27707026ff1,康宁小区,交通设施,公交车站,黑龙江省,哈尔滨市,南岗区,37路;93路;209路;218路;237路,,0,0,126.613019,45.731297,,,http://map.baidu.com/,,,,,,,,,,,,,,,,,,,,0
cf179131196d682593114c35,铁路集团哈尔滨供电段,交通设施,公交车站,黑龙江省,哈尔滨市,道里区,45路;S11路/商务公交11号线,,0,0,126.601866,45.730538,,,http://map.baidu.com/,,,,,,,,,,,,,,,,,,,,0
c986787f071ee73e2b06ce5d,铁路街(康宁路口),交通设施,公交车站,黑龙江省,哈尔滨市,南岗区,96路,,0,0,126.606303,45.730184,,,http://map.baidu.com/,,,,,,,,,,,,,,,,,,,,0
b27d39c50cca91b95bbbbca0,自兴街,交通设施,公交车站,黑龙江省,哈尔滨市,南岗区,124路;218路,,0,0,126.612738,45.725852,,,http://map.baidu.com/,,,,,,,,,,,,,,,,,,,,0
fba97af18fcece05b75f1e4d,和兴十一道街,交通设施,公交车站,黑龙江省,哈尔滨市,南岗区,11路;11路夜班车;31路;37路;44路;64路;67路;68路;87路;93路;94路;94路区间;104路;104路夜班车;106路;107路;114路;124路;128路;234路;336路;363路;379路,,0,0,126.617416,45.731551,,,http://map.baidu.com/,,,,,,,,,,,,,,,,,,,,0
d5b84eb8a58b38b5223bf23d,铁路街(康宁路口),交通设施,公交车站,黑龙江省,哈尔滨市,南岗区,96路,,0,0,126.605379,45.729261,,,http://map.baidu.com/,,,,,,,,,,,,,,,,,,,,0
8e4ae1c6fe1abe787ab55c74,铁路街(和兴十一道街口),交通设施,公交车站,黑龙江省,哈尔滨市,南岗区,96路,,0,0,126.611293,45.734501,,,http://map.baidu.com/,,,,,,,,,,,,,,,,,,,,0
7d42486d7359ba62bda240ed,延兴路清滨路口,交通设施,公交车站,黑龙江省,哈尔滨市,南岗区,37路,,0,0,126.616897,45.729874,,,http://map.baidu.com/,,,,,,,,,,,,,,,,,,,,0
fce6a359c27bb3a7441a3285,颐和家园小区,交通设施,公交车站,黑龙江省,哈尔滨市,南岗区,64路;124路;218路;376路;379路,,0,0,126.609014,45.723532,,,http://map.baidu.com/,,,,,,,,,,,,,,,,,,,,0
593487446fbe6a945e0d0217,延兴路清滨路口,交通设施,公交车站,黑龙江省,哈尔滨市,南岗区,37路,,0,0,126.616897,45.729874,,,http://map.baidu.com/,,,,,,,,,,,,,,,,,,,,0
c5f714b535f607d3cbfa5f39,哈师大附中,交通设施,公交车站,黑龙江省,哈尔滨市,南岗区,11路;11路夜班车;31路;64路;67路;68路;87路;94路;94路区间;104路;104路夜班车;106路;107路;114路;128路;209路;234路;237路;336路;343路;363路;376路;379路,,0,0,126.616978,45.726979,,,http://map.baidu.com/,,,,,,,,,,,,,,,,,,,,0
a064b6557ad41b9b2b201ac9,颐和家园小区,交通设施,公交车站,黑龙江省,哈尔滨市,南岗区,64路;124路;218路;376路;379路,,0,0,126.607565,45.723278,,,http://map.baidu.com/,,,,,,,,,,,,,,,,,,,,0
ad525de6217a553c08ccdd2f,颐和家园小区,交通设施,公交车站,黑龙江省,哈尔滨市,南岗区,64路;124路;218路;376路;379路,,0,0,126.608289,45.723405,,,http://map.baidu.com/,,,,,,,,,,,,,,,,,,,,0
6b65fdeb7126631c08ccddf6,清滨路,交通设施,公交车站,黑龙江省,哈尔滨市,南岗区,44路;376路,,0,0,126.619764,45.72888,,,http://map.baidu.com/,,,,,,,,,,,,,,,,,,,,0
f1a2264c53fa6b37932ca383,清华大街,交通设施,公交车站,黑龙江省,哈尔滨市,南岗区,64路;376路;379路,,0,0,126.616084,45.724193,,,http://map.baidu.com/,,,,,,,,,,,,,,,,,,,,0
5b48d6bdc4b2b3b83e9a5e39,哈理工大学,交通设施,公交车站,黑龙江省,哈尔滨市,南岗区,11路;11路夜班车;31路;67路;68路;87路;94路;94路区间;104路;104路夜班车;106路;107路;114路;128路;209路;234路;237路;336路;363路,,0,0,126.61777,45.722756,,,http://map.baidu.com/,,,,,,,,,,,,,,,,,,,,0
f04495efb884284a28201ac4,职工街,交通设施,公交车站,黑龙江省,哈尔滨市,道里区,20路;33路;71路;217路;218路;335路;345路;345路民主村支线;362路;376路;383路;391路;S4路/商务公交4号线,,0,0,126.591671,45.736104,,,http://map.baidu.com/,,,,,,,,,,,,,,,,,,,,0
ba2b822dba9326d3b23c8153,顾乡,交通设施,公交车站,黑龙江省,哈尔滨市,道里区,5路;5路夜班车;15路;25路;32路;59路;63路;65路;77路;78路;82路;90路;93路;113路;129路;130路;132路;201路;209路;236路;238路;341路;341路长岭湖支线;341路五一村支线;S1路/商务公交1号线;民生尚都福园顾乡大站区间快车,,0,0,126.594411,45.74362,,,http://map.baidu.com/,,,,,,,,,,,,,,,,,,,,0
c7668d5005bd8f0db21e3672,铁路街(和兴十一道街口),交通设施,公交车站,黑龙江省,哈尔滨市,南岗区,96路,,0,0,126.61148,45.734633,,,http://map.baidu.com/,,,,,,,,,,,,,,,,,,,,0
e65431d4eab8d63de315f93b,服装城,交通设施,公交车站,黑龙江省,哈尔滨市,南岗区,11路;11路夜班车;31路;67路;68路;83路;87路;94路;94路区间;98路;104路;104路夜班车;106路;114路;128路;203路;209路;233路;234路;237路;336路;343路;363路,,0,0,126.619858,45.713854,,,http://map.baidu.com/,,,,,,,,,,,,,,,,,,,,0
484f56512e2e2c9714948e9b,和兴路,交通设施,公交车站,黑龙江省,哈尔滨市,南岗区,234路,,0,0,126.624911,45.737845,,,http://map.baidu.com/,,,,,,,,,,,,,,,,,,,,0
580af1fb665aa5d1b13c811f,大发市场,交通设施,公交车站,黑龙江省,哈尔滨市,道里区,56路;59路;63路;67路;90路;102路;102路夜班车;106路;110路环线;111路环线;117路;124路;363路;391路,,0,0,126.609923,45.743806,,,http://map.baidu.com/,,,,,,,,,,,,,,,,,,,,0
632f8c7f31bc8f095f0d02f0,迎宾小区,交通设施,公交车站,黑龙江省,哈尔滨市,道里区,20路;33路;59路;218路;335路;345路;345路民主村支线;362路;383路;391路;S4路/商务公交4号线,,0,0,126.586823,45.73198,,,http://map.baidu.com/,,,,,,,,,,,,,,,,,,,,0
ed79db814682446cddee8b1e,铁路街(和兴十一道街口),交通设施,公交车站,黑龙江省,哈尔滨市,南岗区,96路,,0,0,126.611107,45.734369,,,http://map.baidu.com/,,,,,,,,,,,,,,,,,,,,0
3691e9af7c8ce446c056ac97,延兴路,交通设施,公交车站,黑龙江省,哈尔滨市,南岗区,44路;83路;203路;233路;376路,,0,0,126.62607,45.726097,,,http://map.baidu.com/,,,,,,,,,,,,,,,,,,,,0
0f7790cfe2d062a3a8059dd0,和兴路,交通设施,公交车站,黑龙江省,哈尔滨市,南岗区,10路;31路;44路;56路;59路;63路;64路;67路;68路;75路;83路;90路;93路;94路;94路区间;102路;102路夜班车;104路;104路夜班车;106路;107路;110路环线;111路环线;114路;117路;124路;128路;234路;338路;363路;379路,,0,0,126.623451,45.739801,,,http://map.baidu.com/,,,,,,,,,,,,,,,,,,,,0
39c1c859a357916985420e13,和兴路,交通设施,公交车站,黑龙江省,哈尔滨市,南岗区,90路;93路;107路;111路环线;114路;128路,,0,0,126.623106,45.74015,,,http://map.baidu.com/,,,,,,,,,,,,,,,,,,,,0
efe861ad0b835b6a1b11d5b7,清滨路,交通设施,公交车站,黑龙江省,哈尔滨市,南岗区,44路;376路,,0,0,126.62029,45.728768,,,http://map.baidu.com/,,,,,,,,,,,,,,,,,,,,0
43ad2e77c174ec1c9fec2b46,清滨路,交通设施,公交车站,黑龙江省,哈尔滨市,南岗区,44路;376路,,0,0,126.619501,45.728936,,,http://map.baidu.com/,,,,,,,,,,,,,,,,,,,,0
7e1c4de5702b6ab3734b87a3,文兴街,交通设施,公交车站,黑龙江省,哈尔滨市,南岗区,44路;376路,,0,0,126.626421,45.726518,,,http://map.baidu.com/,,,,,,,,,,,,,,,,,,,,0
831eba1718b2e0353b221c57,铁路街(清华大街口),交通设施,公交车站,黑龙江省,哈尔滨市,南岗区,96路,,0,0,126.60182,45.725111,,,http://map.baidu.com/,,,,,,,,,,,,,,,,,,,,0
63db8c9c84e700b77c29bde3,和兴路,交通设施,公交车站,黑龙江省,哈尔滨市,南岗区,10路;37路;56路;59路;67路;68路;68路区间/235路;102路;102路夜班车;106路;117路;124路;234路;338路;363路;379路;机场大巴2号线,,0,0,126.622549,45.73873,,,http://map.baidu.com/,,,,,,,,,,,,,,,,,,,,0
67557df016eaaa1f3904b136,学府三道街,交通设施,公交车站,黑龙江省,哈尔滨市,南岗区,83路;99路;107路;203路;233路,,0,0,126.628684,45.71889,,,http://map.baidu.com/,,,,,,,,,,,,,,,,,,,,0
1d3ea2870f04bd5543e19237,武警医院,交通设施,公交车站,黑龙江省,哈尔滨市,道里区,63路;110路环线;111路环线;117路;124路;237路,,0,0,126.605837,45.745419,,,http://map.baidu.com/,,,,,,,,,,,,,,,,,,,,0
172874a03b74d4ff4207c1ba,顾乡,交通设施,公交车站,黑龙江省,哈尔滨市,道里区,5路;5路夜班车;15路;25路;32路;59路;63路;65路;82路;90路;113路;130路;132路;201路;236路;341路;S1路/商务公交1号线;民生尚都福园顾乡大站区间快车,,0,0,126.594929,45.74392,,,http://map.baidu.com/,,,,,,,,,,,,,,,,,,,,0
e60700f55782add97adbd2bf,顾乡,交通设施,公交车站,黑龙江省,哈尔滨市,道里区,78路;129路,,0,0,126.592814,45.742675,,,http://map.baidu.com/,,,,,,,,,,,,,,,,,,,,0
00fa4fc4a30d2dea80a00c49,和兴路,交通设施,公交车站,黑龙江省,哈尔滨市,南岗区,67路;102路;102路夜班车;106路;117路;124路;363路,,0,0,126.618722,45.740165,,,http://map.baidu.com/,,,,,,,,,,,,,,,,,,,,0
572133b81ca32c766d20b9d1,顾乡,交通设施,公交车站,黑龙江省,哈尔滨市,道里区,15路;25路;32路;59路;63路;82路;90路;113路;132路;201路;236路;341路;341路五一村支线,,0,0,126.59444,45.743748,,,http://map.baidu.com/,,,,,,,,,,,,,,,,,,,,0
de0ce5e754954616704b877d,顾乡,交通设施,公交车站,黑龙江省,哈尔滨市,道里区,5路;5路夜班车;65路;77路;93路;129路;130路;209路;238路,,0,0,126.594422,45.742858,,,http://map.baidu.com/,,,,,,,,,,,,,,,,,,,,0
5c74dbae89f23082b45f1ed1,和兴路,交通设施,公交车站,黑龙江省,哈尔滨市,南岗区,10路;37路;56路;59路;68路;68路区间/235路;234路;338路;379路;机场大巴2号线,,0,0,126.625602,45.737585,,,http://map.baidu.com/,,,,,,,,,,,,,,,,,,,,0
d502d3455f8a1891f01937a6,林业大学,交通设施,公交车站,黑龙江省,哈尔滨市,香坊区,10路;56路;59路;62路;68路;68路区间/235路;75路;87路;102路;102路夜班车;117路;121路;150路;234路;338路,,0,0,126.648222,45.728715,,,http://map.baidu.com/,,,,,,,,,,,,,,,,,,,,0
8a397cdbf3c43d30b21e36e1,乐松广场,交通设施,公交车站,黑龙江省,哈尔滨市,香坊区,9路;10路;10路区间;18路;30路;39路;51路;55路;56路;60路;62路;69路;73路;75路;101路;102路;102路夜班车;117路;209路;217路;251路;252路;371路区间;601路;602路,,0,0,126.656993,45.725843,,,http://map.baidu.com/,,,,,,,,,,,,,,,,,,,,0
b6f0e774c8b9d9cdee74f8c0,林业大学,交通设施,公交车站,黑龙江省,哈尔滨市,香坊区,10路;56路;62路;75路;121路;338路,,0,0,126.649756,45.729394,,,http://map.baidu.com/,,,,,,,,,,,,,,,,,,,,0
5a3c5d720f6b863ab54f543a,林业大学,交通设施,公交车站,黑龙江省,哈尔滨市,香坊区,10路;56路;59路;62路;68路;68路区间/235路;75路;87路;102路;102路夜班车;117路;121路;234路;338路,,0,0,126.648451,45.729074,,,http://map.baidu.com/,,,,,,,,,,,,,,,,,,,,0
07b2572991a5623a28b97c21,林业大学,交通设施,公交车站,黑龙江省,哈尔滨市,香坊区,59路;68路;68路区间/235路;87路;102路;102路夜班车;117路;234路,,0,0,126.648851,45.729718,,,http://map.baidu.com/,,,,,,,,,,,,,,,,,,,,0
1db5549b860e0471c0364405,省中医药大学,交通设施,公交车站,黑龙江省,哈尔滨市,香坊区,9路;18路;28路;30路;39路;55路;59路;60路;68路;68路区间/235路;73路;81路;87路;101路;234路;251路;252路,,0,0,126.658126,45.731134,,,http://map.baidu.com/,,,,,,,,,,,,,,,,,,,,0
857844dd4aacaf7e4354d7e3,乐松广场[机场巴士站],交通设施,公交车站,黑龙江省,哈尔滨市,香坊区,机场大巴2号线,,0,0,126.653613,45.727732,,,http://map.baidu.com/,,,,,,,,,,,,,,,,,,,,0
70c7c786abf92d94fd0eb0a1,任家桥,交通设施,公交车站,黑龙江省,哈尔滨市,香坊区,28路;51路;67路;69路;81路;121路;209路;217路;338路;371路;371路区间,,0,0,126.650723,45.720121,,,http://map.baidu.com/,,,,,,,,,,,,,,,,,,,,0
1ba2c6d592c0fe6c40024575,哈平路,交通设施,公交车站,黑龙江省,哈尔滨市,香坊区,28路;51路;67路;69路;81路;121路;209路;217路;338路;371路;371路区间,,0,0,126.652542,45.723439,,,http://map.baidu.com/,,,,,,,,,,,,,,,,,,,,0
6ea668833c81a3056240a988,三大动力路,交通设施,公交车站,黑龙江省,哈尔滨市,香坊区,28路;30路;39路;59路;68路;68路区间/235路;81路;87路;234路,,0,0,126.656314,45.728577,,,http://map.baidu.com/,,,,,,,,,,,,,,,,,,,,0
208f77d407f1cef344572650,乐松广场,交通设施,公交车站,黑龙江省,哈尔滨市,香坊区,371路区间,,0,0,126.653375,45.724781,,,http://map.baidu.com/,,,,,,,,,,,,,,,,,,,,0
d0cc7e9ff39e569390114c9b,林业总医院,交通设施,公交车站,黑龙江省,哈尔滨市,香坊区,10路;37路;56路;59路;62路;68路;68路区间/235路;75路;83路;87路;102路;102路夜班车;117路;233路;234路;338路;379路,,0,0,126.642771,45.73149,,,http://map.baidu.com/,,,,,,,,,,,,,,,,,,,,0
ac27c57bdd861f888bfc0653,和平桥,交通设施,公交车站,黑龙江省,哈尔滨市,香坊区,9路;18路;28路;30路;55路;59路;60路;68路;68路区间/235路;73路;78路;81路;87路;101路;234路;379路,,0,0,126.661541,45.737163,,,http://map.baidu.com/,,,,,,,,,,,,,,,,,,,,0
c42624283d246667eb12e46b,林业总医院,交通设施,公交车站,黑龙江省,哈尔滨市,香坊区,62路,,0,0,126.641812,45.728419,,,http://map.baidu.com/,,,,,,,,,,,,,,,,,,,,0
7c73e49b24500857be484283,文政街,交通设施,公交车站,黑龙江省,哈尔滨市,香坊区,37路;62路;93路;99路;120路;121路;203路;348路;376路;379路,,0,0,126.646772,45.735335,,,http://map.baidu.com/,,,,,,,,,,,,,,,,,,,,0
7bd75504e3ca149ec26c14f5,亚麻厂,交通设施,公交车站,黑龙江省,哈尔滨市,香坊区,16路;18路;28路;30路;59路;60路;68路;68路区间/235路;87路;90路;101路;118路;202路;203路;234路;S1路/商务公交1号线,,0,0,126.666843,45.742038,,,http://map.baidu.com/,,,,,,,,,,,,,,,,,,,,0
bab8ec7856ebf4c3bbbd63ce,电机厂,交通设施,公交车站,黑龙江省,哈尔滨市,香坊区,9路;10路;10路区间;18路;30路;39路;51路;55路;56路;60路;62路;69路;73路;75路;101路;102路;102路夜班车;117路;209路;217路;251路;252路,,0,0,126.665973,45.722309,,,http://map.baidu.com/,,,,,,,,,,,,,,,,,,,,0
e7896df8d847e2c09f09f705,文库街,交通设施,公交车站,黑龙江省,哈尔滨市,南岗区,22路;25路;84路;90路;93路;120路;121路;348路,,0,0,126.650409,45.745491,,,http://map.baidu.com/,,,,,,,,,,,,,,,,,,,,0
488e2a8ddd1bd6a8f32d83af,林兴路,交通设施,公交车站,黑龙江省,哈尔滨市,南岗区,10路;37路;56路;59路;68路;68路区间/235路;75路;83路;87路;102路;102路夜班车;117路;233路;234路;338路;379路,,0,0,126.637204,45.733635,,,http://map.baidu.com/,,,,,,,,,,,,,,,,,,,,0
4a523f611bf747d6f8221321,民生路,交通设施,公交车站,黑龙江省,哈尔滨市,香坊区,16路;90路;202路;203路,,0,0,126.658813,45.744083,,,http://map.baidu.com/,,,,,,,,,,,,,,,,,,,,0
a6a698cbc71e07519e9d68e7,铁路二院,交通设施,公交车站,黑龙江省,哈尔滨市,香坊区,9路;55路;73路;77路;78路;81路;99路;127路;379路,,0,0,126.653066,45.737006,,,http://map.baidu.com/,,,,,,,,,,,,,,,,,,,,0
a6e83df381621df71b94c6b9,量具厂,交通设施,公交车站,黑龙江省,哈尔滨市,香坊区,16路;90路;202路;203路,,0,0,126.663428,45.742527,,,http://map.baidu.com/,,,,,,,,,,,,,,,,,,,,0
43d1aa098c034efb6240a9b3,电教街,交通设施,公交车站,黑龙江省,哈尔滨市,香坊区,30路;67路;371路,,0,0,126.663538,45.71752,,,http://map.baidu.com/,,,,,,,,,,,,,,,,,,,,0
1487deaa012d79e314a190ea,文成街,交通设施,公交车站,黑龙江省,哈尔滨市,南岗区,90路;93路;121路,,0,0,126.65319,45.746686,,,http://map.baidu.com/,,,,,,,,,,,,,,,,,,,,0
b44c4f0223e487e1d1ff232e,市五院,交通设施,公交车站,黑龙江省,哈尔滨市,香坊区,30路;67路;371路,,0,0,126.661676,45.714628,,,http://map.baidu.com/,,,,,,,,,,,,,,,,,,,,0
951c3aa565b2476e5e17c334,汉广街,交通设施,公交车站,黑龙江省,哈尔滨市,南岗区,9路;55路;73路;77路;78路;81路;93路;127路,,0,0,126.632456,45.741383,,,http://map.baidu.com/,,,,,,,,,,,,,,,,,,,,0
a5e815aa79bec0986fa3cc57,植物园,交通设施,公交车站,黑龙江省,哈尔滨市,香坊区,28路;51路;67路;69路;81路;121路;209路;217路;338路;371路;371路区间,,0,0,126.65083,45.716884,,,http://map.baidu.com/,,,,,,,,,,,,,,,,,,,,0
903729d18220261daeb22a17,乐园街,交通设施,公交车站,黑龙江省,哈尔滨市,香坊区,9路;10路;10路区间;18路;30路;39路;51路;55路;56路;60路;62路;67路;69路;73路;75路;101路;102路;102路夜班车;117路;209路;217路;251路;252路;371路,,0,0,126.661472,45.72357,,,http://map.baidu.com/,,,,,,,,,,,,,,,,,,,,0
cf8fbbc15a884131f2193703,华侨名苑小区,交通设施,公交车站,黑龙江省,哈尔滨市,香坊区,39路;77路;78路;99路;127路;251路;252路;379路,,0,0,126.663271,45.733618,,,http://map.baidu.com/,,,,,,,,,,,,,,,,,,,,0
71ace964dc30e67b81a12eed,省妇女干部学院,交通设施,公交车站,黑龙江省,哈尔滨市,香坊区,62路;121路,,0,0,126.644353,45.732102,,,http://map.baidu.com/,,,,,,,,,,,,,,,,,,,,0
f007058c219a62b8f7e73b6a,健康路,交通设施,公交车站,黑龙江省,哈尔滨市,香坊区,51路;371路,,0,0,126.664441,45.720185,,,http://map.baidu.com/,,,,,,,,,,,,,,,,,,,,0
c1c7f3cd7dff0628f33cba5d,一匡街,交通设施,公交车站,黑龙江省,哈尔滨市,香坊区,9路;55路;73路;77路;78路;81路;93路;127路,,0,0,126.639019,45.742691,,,http://map.baidu.com/,,,,,,,,,,,,,,,,,,,,0
ba7556c08becfdd2cac3db3c,文化大厦,交通设施,公交车站,黑龙江省,哈尔滨市,南岗区,9路;55路;73路;77路;78路;81路;93路;127路,,0,0,126.636508,45.73968,,,http://map.baidu.com/,,,,,,,,,,,,,,,,,,,,0
3691e9af7c8ce446c056ac97,延兴路,交通设施,公交车站,黑龙江省,哈尔滨市,南岗区,44路;83路;203路;233路;376路,,0,0,126.62607,45.726097,,,http://map.baidu.com/,,,,,,,,,,,,,,,,,,,,0
7e1c4de5702b6ab3734b87a3,文兴街,交通设施,公交车站,黑龙江省,哈尔滨市,南岗区,44路;376路,,0,0,126.626421,45.726518,,,http://map.baidu.com/,,,,,,,,,,,,,,,,,,,,0
b7d0306de315b88e36b06c81,理工大学,交通设施,公交车站,黑龙江省,哈尔滨市,香坊区,99路;120路;150路;348路,,0,0,126.63892,45.71587,,,http://map.baidu.com/,,,,,,,,,,,,,,,,,,,,0
907b44fc0e4b738515b54b01,投资专科学校,交通设施,公交车站,黑龙江省,哈尔滨市,南岗区,233路,,0,0,126.632019,45.719329,,,http://map.baidu.com/,,,,,,,,,,,,,,,,,,,,0
321833546b18deb2e3110330,文化街,交通设施,公交车站,黑龙江省,哈尔滨市,香坊区,109路,,0,0,126.657929,45.744787,,,http://map.baidu.com/,,,,,,,,,,,,,,,,,,,,0
1059bc05d3f2353cbadf8f57,轴承厂,交通设施,公交车站,黑龙江省,哈尔滨市,香坊区,251路,,0,0,126.696881,45.728179,,,http://map.baidu.com/,,,,,,,,,,,,,,,,,,,,0
1a92d2e8d4ec2ae23a04b10e,轴承厂,交通设施,公交车站,黑龙江省,哈尔滨市,香坊区,22路;26路;34路;51路;57路;72路;73路;76路;108路;117路;251路;252路;333路;337路;364路;364路二环;365路;367路;郊7路,,0,0,126.697025,45.728313,,,http://map.baidu.com/,,,,,,,,,,,,,,,,,,,,0
f52d09f33ed6d29db6147f26,轴承厂,交通设施,公交车站,黑龙江省,哈尔滨市,香坊区,22路;34路;51路;57路;72路;76路;108路;117路;333路;337路;364路;365路;367路;郊7路,,0,0,126.696912,45.728626,,,http://map.baidu.com/,,,,,,,,,,,,,,,,,,,,0
13e768cabae8aa78a1d2302b,横道街,交通设施,公交车站,黑龙江省,哈尔滨市,香坊区,2路;2路夜班车;3路;17路;22路;39路;58路;59路;68路;69路;70路;70路早晚高峰;72路;77路;78路;103路;108路;115路;366路;371路,,0,0,126.690629,45.734598,,,http://map.baidu.com/,,,,,,,,,,,,,,,,,,,,0
e655775e4364b18b85154146,香坊大街(红旗大街口),交通设施,公交车站,黑龙江省,哈尔滨市,香坊区,364路二环,,0,0,126.6945,45.731138,,,http://map.baidu.com/,,,,,,,,,,,,,,,,,,,,0
5c741a4cbd11003c93114c39,临时站,交通设施,公交车站,黑龙江省,哈尔滨市,香坊区,266路;379路,,0,0,126.702718,45.733012,,,http://map.baidu.com/,,,,,,,,,,,,,,,,,,,,0
9a0a6077ee73b8238e77277f,轴承厂,交通设施,公交车站,黑龙江省,哈尔滨市,香坊区,22路;34路;51路;57路;72路;76路;108路;117路;252路;333路;337路;364路;364路二环;365路;367路;郊7路,,0,0,126.696945,45.72782,,,http://map.baidu.com/,,,,,,,,,,,,,,,,,,,,0
250d17f5de4b46dc82a12eda,临时站,交通设施,公交车站,黑龙江省,哈尔滨市,香坊区,379路,,0,0,126.702397,45.732962,,,http://map.baidu.com/,,,,,,,,,,,,,,,,,,,,0
5f8aeacb4648baa902294f88,香坊大街,交通设施,公交车站,黑龙江省,哈尔滨市,香坊区,27路;73路;364路万家支线;366路支线;367路;368路;371路;377路;378路;379路;387路;390路,,0,0,126.692111,45.730685,,,http://map.baidu.com/,,,,,,,,,,,,,,,,,,,,0
ffd03d936db8d7ec3fe231c5,轴承厂,交通设施,公交车站,黑龙江省,哈尔滨市,香坊区,26路,,0,0,126.698118,45.730181,,,http://map.baidu.com/,,,,,,,,,,,,,,,,,,,,0
1146da69511a990fa21de93e,横道市场,交通设施,公交车站,黑龙江省,哈尔滨市,香坊区,364路万家支线;366路支线;367路;368路;377路;378路;387路;390路,,0,0,126.692571,45.73266,,,http://map.baidu.com/,,,,,,,,,,,,,,,,,,,,0
678e9b040273b8ea04fef555,第三十九中学,交通设施,公交车站,黑龙江省,哈尔滨市,香坊区,73路;371路;379路,,0,0,126.688136,45.729924,,,http://map.baidu.com/,,,,,,,,,,,,,,,,,,,,0
3eb22586e9453a1396f08cb8,香坊大街(红旗大街口),交通设施,公交车站,黑龙江省,哈尔滨市,香坊区,22路;26路;34路;51路;57路;72路;73路;76路;117路;251路;266路;364路;365路;367路;379路,,0,0,126.697049,45.730916,,,http://map.baidu.com/,,,,,,,,,,,,,,,,,,,,0
1534aca776f11cfb2afc482c,香坊大街(红旗大街路口),交通设施,公交车站,黑龙江省,哈尔滨市,香坊区,2路;2路夜班车;39路;364路万家支线,,0,0,126.69613,45.731414,,,http://map.baidu.com/,,,,,,,,,,,,,,,,,,,,0
9fbed0c3fa6b1bc0bda24047,第三十九中学,交通设施,公交车站,黑龙江省,哈尔滨市,香坊区,73路;371路;379路,,0,0,126.687722,45.729892,,,http://map.baidu.com/,,,,,,,,,,,,,,,,,,,,0
28b893394db19c478605bf39,红旗大街(通乡商店),交通设施,公交车站,黑龙江省,哈尔滨市,香坊区,364路二环,,0,0,126.697191,45.731288,,,http://map.baidu.com/,,,,,,,,,,,,,,,,,,,,0
3e7174ddf4e46f7c9703197b,红旗大街(通乡商店),交通设施,公交车站,黑龙江省,哈尔滨市,香坊区,364路二环,,0,0,126.697191,45.73134,,,http://map.baidu.com/,,,,,,,,,,,,,,,,,,,,0
cda85f973881fcf6873304dc,香坊大街(红旗大街口),交通设施,公交车站,黑龙江省,哈尔滨市,香坊区,3路;353路;366路支线;367路;368路;377路;379路;387路,,0,0,126.696939,45.731931,,,http://map.baidu.com/,,,,,,,,,,,,,,,,,,,,0
5f592bf555b80fbc76e5b653,香坊大街(红旗大街口),交通设施,公交车站,黑龙江省,哈尔滨市,香坊区,26路;34路;51路;57路;76路;252路;364路;365路;367路,,0,0,126.69719,45.731392,,,http://map.baidu.com/,,,,,,,,,,,,,,,,,,,,0
cb8155179d44a698d23ce365,香坊大街(红旗大街口),交通设施,公交车站,黑龙江省,哈尔滨市,香坊区,3路;22路;26路;34路;51路;57路;72路;73路;76路;117路;251路;252路;266路;333路;337路;353路;364路;364路二环;365路;366路支线;367路;368路;377路;377路支线9;378路;379路;387路;390路;郊7路,,0,0,126.696821,45.731834,,,http://map.baidu.com/,,,,,,,,,,,,,,,,,,,,0
741d1a39c42836e5b8bd63c9,香坊大街(红旗大街口),交通设施,公交车站,黑龙江省,哈尔滨市,香坊区,3路;333路;337路;郊7路,,0,0,126.696825,45.731683,,,http://map.baidu.com/,,,,,,,,,,,,,,,,,,,,0
bbba8bd3d608ed9c49fc8db8,第三十九中学,交通设施,公交车站,黑龙江省,哈尔滨市,香坊区,73路;379路,,0,0,126.6871,45.729844,,,http://map.baidu.com/,,,,,,,,,,,,,,,,,,,,0
9263943702a4261e26e0a0ff,轴承厂,交通设施,公交车站,黑龙江省,哈尔滨市,香坊区,26路;73路,,0,0,126.698935,45.730087,,,http://map.baidu.com/,,,,,,,,,,,,,,,,,,,,0
71078648b4d32551223bf2ab,香坊大街(红旗大街口),交通设施,公交车站,黑龙江省,哈尔滨市,香坊区,333路,,0,0,126.696942,45.732453,,,http://map.baidu.com/,,,,,,,,,,,,,,,,,,,,0
7599d88498ba0619acee7a66,香坊大街(红旗大街口),交通设施,公交车站,黑龙江省,哈尔滨市,香坊区,377路;387路,,0,0,126.69696,45.732894,,,http://map.baidu.com/,,,,,,,,,,,,,,,,,,,,0
d59cab3dd7bfa52d7adbd2ae,临时站,交通设施,公交车站,黑龙江省,哈尔滨市,香坊区,266路;379路,,0,0,126.703038,45.733061,,,http://map.baidu.com/,,,,,,,,,,,,,,,,,,,,0
335c5c87cf26bf7a14c90537,香坊火车站,交通设施,公交车站,黑龙江省,哈尔滨市,香坊区,27路,,0,0,126.686137,45.728107,,,http://map.baidu.com/,,,,,,,,,,,,,,,,,,,,0
a838fed1553b63ed95f08cd8,升永街,交通设施,公交车站,黑龙江省,哈尔滨市,香坊区,2路;2路夜班车,,0,0,126.701293,45.734568,,,http://map.baidu.com/,,,,,,,,,,,,,,,,,,,,0
f324ac5716fd658a3617dc46,锅炉厂,交通设施,公交车站,黑龙江省,哈尔滨市,香坊区,9路;10路;10路区间;18路;51路;55路;56路;58路;60路;62路;75路;101路;102路;102路夜班车;108路;117路;118路;202路;217路;251路;252路,,0,0,126.677471,45.718346,,,http://map.baidu.com/,,,,,,,,,,,,,,,,,,,,0
e6bd6646e5524009a3acc4ca,东光厂,交通设施,公交车站,黑龙江省,哈尔滨市,香坊区,22路;34路;51路;57路;72路;76路;108路;117路;251路;252路;333路;337路;364路;364路二环;365路;367路;郊7路,,0,0,126.696468,45.721685,,,http://map.baidu.com/,,,,,,,,,,,,,,,,,,,,0
788a42ece28804b83517dc62,横道市场,交通设施,公交车站,黑龙江省,哈尔滨市,香坊区,364路二环;364路万家支线;366路支线;367路;368路;377路;378路;387路;390路,,0,0,126.692577,45.732646,,,http://map.baidu.com/,,,,,,,,,,,,,,,,,,,,0
90b8df9808252306593ac83d,果园街,交通设施,公交车站,黑龙江省,哈尔滨市,香坊区,2路夜班车;26路;70路;70路早晚高峰;112路;266路;365路;366路;379路,,0,0,126.711217,45.733336,,,http://map.baidu.com/,,,,,,,,,,,,,,,,,,,,0
465caad888908e5c0e3dda36,油坊街,交通设施,公交车站,黑龙江省,哈尔滨市,香坊区,26路;70路;70路早晚高峰;112路;266路;366路,,0,0,126.71076,45.729312,,,http://map.baidu.com/,,,,,,,,,,,,,,,,,,,,0
095303766ef430052a02e1e5,哈慈集团,交通设施,公交车站,黑龙江省,哈尔滨市,香坊区,9路;10路;10路区间;18路;22路;34路;51路;55路;56路;57路;60路;72路;102路;102路夜班车;118路;217路;251路;252路;333路;337路;364路;365路;367路;601路;602路;郊7路,,0,0,126.692269,45.712138,,,http://map.baidu.com/,,,,,,,,,,,,,,,,,,,,0
447a327787a2ed018bb98889,安埠街,交通设施,公交车站,黑龙江省,哈尔滨市,香坊区,24路;57路;266路;365路;379路,,0,0,126.706855,45.733619,,,http://map.baidu.com/,,,,,,,,,,,,,,,,,,,,0
cd38657ea15b1245adcb6642,祖国医药研究所,交通设施,公交车站,黑龙江省,哈尔滨市,香坊区,16路;77路;78路;90路;99路,,0,0,126.680943,45.739022,,,http://map.baidu.com/,,,,,,,,,,,,,,,,,,,,0
187df09a21cfe79f2ce67bf2,热电厂,交通设施,公交车站,黑龙江省,哈尔滨市,香坊区,62路;76路,,0,0,126.703649,45.713773,,,http://map.baidu.com/,,,,,,,,,,,,,,,,,,,,0
4482881b79ec5d92b64f547c,香滨路,交通设施,公交车站,黑龙江省,哈尔滨市,香坊区,16路;39路;59路;77路;78路;90路;99路;118路;202路;203路;379路;S1路/商务公交1号线,,0,0,126.675415,45.737736,,,http://map.baidu.com/,,,,,,,,,,,,,,,,,,,,0
b9917efedd966e16ddee8bc3,菜艺街,交通设施,公交车站,黑龙江省,哈尔滨市,香坊区,17路;70路;70路早晚高峰;72路;77路;78路;251路;252路;366路,,0,0,126.689391,45.739778,,,http://map.baidu.com/,,,,,,,,,,,,,,,,,,,,0
edc16766cae4e6378d772732,延福街,交通设施,公交车站,黑龙江省,哈尔滨市,香坊区,26路,,0,0,126.709894,45.733732,,,http://map.baidu.com/,,,,,,,,,,,,,,,,,,,,0
d78deb299f771ded8a36ee99,朝一中,交通设施,公交车站,黑龙江省,哈尔滨市,香坊区,59路,,0,0,126.714936,45.738387,,,http://map.baidu.com/,,,,,,,,,,,,,,,,,,,,0
3f154632f1b95ceb74026981,油坊街,交通设施,公交车站,黑龙江省,哈尔滨市,香坊区,26路;70路;70路早晚高峰;112路;266路;366路,,0,0,126.711824,45.729064,,,http://map.baidu.com/,,,,,,,,,,,,,,,,,,,,0
175784f2e718e411b1077dce,果园街,交通设施,公交车站,黑龙江省,哈尔滨市,香坊区,26路;112路;266路,,0,0,126.711502,45.732352,,,http://map.baidu.com/,,,,,,,,,,,,,,,,,,,,0
7643a409ca4819726949f33e,市质检院,交通设施,公交车站,黑龙江省,哈尔滨市,香坊区,16路;21路;34路;70路;70路早晚高峰;82路;90路;99路,,0,0,126.692479,45.743512,,,http://map.baidu.com/,,,,,,,,,,,,,,,,,,,,0
d4cc8ae5b0f97918744ff1c0,建北街,交通设施,公交车站,黑龙江省,哈尔滨市,香坊区,16路,,0,0,126.702554,45.743489,,,http://map.baidu.com/,,,,,,,,,,,,,,,,,,,,0
669716ca9d7c596a00ff2d89,香电街,交通设施,公交车站,黑龙江省,哈尔滨市,香坊区,86路,,0,0,126.699791,45.74007,,,http://map.baidu.com/,,,,,,,,,,,,,,,,,,,,0
c1e55ee5f470ad7d03ec0184,汽轮机厂,交通设施,公交车站,黑龙江省,哈尔滨市,香坊区,22路;34路;51路;57路;62路;72路;76路;101路;108路;117路;118路;251路;252路;333路;337路;364路;364路二环;365路;367路;郊7路,,0,0,126.693965,45.715431,,,http://map.baidu.com/,,,,,,,,,,,,,,,,,,,,0
e5bb126e2925549b61180968,省政协(天鹅饭店),交通设施,公交车站,黑龙江省,哈尔滨市,香坊区,2路;2路夜班车;3路;21路;22路;27路;68路;82路;103路;108路;115路;S2路/商务公交2号线,,0,0,126.676969,45.742233,,,http://map.baidu.com/,,,,,,,,,,,,,,,,,,,,0
2aace8413ef80e74c6effbfb,珠江路,交通设施,公交车站,黑龙江省,哈尔滨市,香坊区,16路;21路;27路;82路;99路;203路;205路;251路;252路,,0,0,126.68448,45.742101,,,http://map.baidu.com/,,,,,,,,,,,,,,,,,,,,0
c6939496ab2d20db6f3e1b66,公滨路,交通设施,公交车站,黑龙江省,哈尔滨市,香坊区,17路;21路;53路;59路;69路;70路;70路早晚高峰;77路;78路;86路;112路;267路;353路;364路;364路万家支线;365路;366路;366路支线;367路;368路;377路;377路支线9;378路;387路;390路,,0,0,126.709025,45.73828,,,http://map.baidu.com/,,,,,,,,,,,,,,,,,,,,0
6dc7042ee59fd992eb12e4d6,香坊万达广场,交通设施,公交车站,黑龙江省,哈尔滨市,香坊区,17路;27路;34路;72路;74路;203路;205路;209路;366路;S2路/商务公交2号线,,0,0,126.685496,45.746354,,,http://map.baidu.com/,,,,,,,,,,,,,,,,,,,,0
af8cec1fd42e1fe075e5b636,创业中心,交通设施,公交车站,黑龙江省,哈尔滨市,南岗区,21路;23路;34路;70路;70路早晚高峰;74路;82路;86路;112路;203路,,0,0,126.695502,45.746747,,,http://map.baidu.com/,,,,,,,,,,,,,,,,,,,,0
c5025c45526b40f1c5f50d40,母亲广场,交通设施,公交车站,黑龙江省,哈尔滨市,香坊区,9路;10路;10路区间;18路;51路;55路;56路;60路;62路;101路;102路;102路夜班车;108路;117路;118路;217路;251路;252路;301路,,0,0,126.682336,45.716555,,,http://map.baidu.com/,,,,,,,,,,,,,,,,,,,,0
0ba7fe318b613e304657263f,果园街,交通设施,公交车站,黑龙江省,哈尔滨市,香坊区,70路;70路早晚高峰;112路;365路;366路;379路,,0,0,126.711278,45.73478,,,http://map.baidu.com/,,,,,,,,,,,,,,,,,,,,0
986c7510205e78e32bd7ab18,省妇儿中心,交通设施,公交车站,黑龙江省,哈尔滨市,香坊区,16路;17路;21路;70路;70路早晚高峰;72路;82路;90路;99路;209路;251路;252路;366路,,0,0,126.687778,45.742666,,,http://map.baidu.com/,,,,,,,,,,,,,,,,,,,,0
f41dfd6c462769f1343a716d,香德街,交通设施,公交车站,黑龙江省,哈尔滨市,香坊区,26路,,0,0,126.714935,45.735402,,,http://map.baidu.com/,,,,,,,,,,,,,,,,,,,,0
2a63cc5141c9415ff603b849,延福街,交通设施,公交车站,黑龙江省,哈尔滨市,香坊区,26路,,0,0,126.714717,45.734102,,,http://map.baidu.com/,,,,,,,,,,,,,,,,,,,,0
eaca83f8eb008a947adbd287,珠江路,交通设施,公交车站,黑龙江省,哈尔滨市,香坊区,16路;99路;252路,,0,0,126.695763,45.743149,,,http://map.baidu.com/,,,,,,,,,,,,,,,,,,,,0
cb5f6e9f8ba597fd40afe669,气象台,交通设施,公交车站,黑龙江省,哈尔滨市,香坊区,17路;53路;69路;206路;267路;353路;364路;364路万家支线;366路支线;367路;368路;377路;377路支线9;378路;379路;387路;390路,,0,0,126.740072,45.734649,,,http://map.baidu.com/,,,,,,,,,,,,,,,,,,,,0
0347359373c774b0c056acf1,电碳厂,交通设施,公交车站,黑龙江省,哈尔滨市,香坊区,17路;206路;364路;364路万家支线,,0,0,126.737234,45.724539,,,http://map.baidu.com/,,,,,,,,,,,,,,,,,,,,0
4ece9b59c07b5f6df4eafc76,二水文,交通设施,公交车站,黑龙江省,哈尔滨市,香坊区,17路;364路;364路万家支线,,0,0,126.738018,45.727194,,,http://map.baidu.com/,,,,,,,,,,,,,,,,,,,,0
87cd65c229379aec58f6be2e,朝一中,交通设施,公交车站,黑龙江省,哈尔滨市,香坊区,17路;21路;53路;59路;69路;86路;267路;353路;364路;364路万家支线;366路支线;367路;368路;377路;377路支线9;378路;379路;387路;390路,,0,0,126.716202,45.738127,,,http://map.baidu.com/,,,,,,,,,,,,,,,,,,,,0
c7cb752830acd1beebe582ef,哈尔滨金融学院,交通设施,公交车站,黑龙江省,哈尔滨市,香坊区,17路;206路;364路;364路万家支线,,0,0,126.738687,45.729356,,,http://map.baidu.com/,,,,,,,,,,,,,,,,,,,,0
a50876b49938f15a7369d365,驾校,交通设施,公交车站,黑龙江省,哈尔滨市,香坊区,53路;69路;377路支线9;379路,,0,0,126.75083,45.732953,,,http://map.baidu.com/,,,,,,,,,,,,,,,,,,,,0
14b42772b7a515fc5fd4fe52,信义村,交通设施,公交车站,黑龙江省,哈尔滨市,香坊区,206路;366路支线;367路,,0,0,126.74258,45.742727,,,http://map.baidu.com/,,,,,,,,,,,,,,,,,,,,0
07b982f71a831775631809fb,木材东街(公滨路口),交通设施,公交车站,黑龙江省,哈尔滨市,香坊区,17路;21路;53路;69路;86路;267路;353路;364路;364路万家支线;366路支线;367路;368路;377路;377路支线9;378路;379路;387路;390路,,0,0,126.72784,45.736482,,,http://map.baidu.com/,,,,,,,,,,,,,,,,,,,,0
04f594095684ad14028972a3,苇子沟,交通设施,公交车站,黑龙江省,哈尔滨市,香坊区,364路万家支线,,0,0,126.738899,45.716365,,,http://map.baidu.com/,,,,,,,,,,,,,,,,,,,,0
90b8df9808252306593ac83d,果园街,交通设施,公交车站,黑龙江省,哈尔滨市,香坊区,2路夜班车;26路;70路;70路早晚高峰;112路;266路;365路;366路;379路,,0,0,126.711217,45.733336,,,http://map.baidu.com/,,,,,,,,,,,,,,,,,,,,0
a84bee1533047474a8f0cdcf,信义村,交通设施,公交车站,黑龙江省,哈尔滨市,香坊区,206路;366路支线;367路,,0,0,126.742601,45.742543,,,http://map.baidu.com/,,,,,,,,,,,,,,,,,,,,0
5004645c7d51c145374aae3a,永兴度假村,交通设施,公交车站,黑龙江省,哈尔滨市,香坊区,206路;366路支线;367路,,0,0,126.741277,45.73809,,,http://map.baidu.com/,,,,,,,,,,,,,,,,,,,,0
f735f06627fa4811deee8b46,苇子沟,交通设施,公交车站,黑龙江省,哈尔滨市,香坊区,364路万家支线,,0,0,126.741146,45.715625,,,http://map.baidu.com/,,,,,,,,,,,,,,,,,,,,0
d78deb299f771ded8a36ee99,朝一中,交通设施,公交车站,黑龙江省,哈尔滨市,香坊区,59路,,0,0,126.714936,45.738387,,,http://map.baidu.com/,,,,,,,,,,,,,,,,,,,,0
465caad888908e5c0e3dda36,油坊街,交通设施,公交车站,黑龙江省,哈尔滨市,香坊区,26路;70路;70路早晚高峰;112路;266路;366路,,0,0,126.71076,45.729312,,,http://map.baidu.com/,,,,,,,,,,,,,,,,,,,,0
b7f8bf7bc7f9e4300e0e6bea,德强学校,交通设施,公交车站,黑龙江省,哈尔滨市,香坊区,53路;69路;267路;353路;368路;377路;377路支线9;378路;379路;387路;390路,,0,0,126.748543,45.733359,,,http://map.baidu.com/,,,,,,,,,,,,,,,,,,,,0
9af11fa0f4fa02e6ae080f25,德强学校,交通设施,公交车站,黑龙江省,哈尔滨市,香坊区,53路;69路;267路;353路;368路;377路支线9;378路;379路;387路;390路,,0,0,126.748641,45.733221,,,http://map.baidu.com/,,,,,,,,,,,,,,,,,,,,0
1ab4a934e4d471fd9d9d6896,农业大学,交通设施,公交车站,黑龙江省,哈尔滨市,香坊区,21路;86路,,0,0,126.731838,45.738127,,,http://map.baidu.com/,,,,,,,,,,,,,,,,,,,,0
90094915adf9a541acb22ab4,骏发驾校,交通设施,公交车站,黑龙江省,哈尔滨市,香坊区,267路;353路;368路;377路;378路;387路;390路,,0,0,126.751403,45.73285,,,http://map.baidu.com/,,,,,,,,,,,,,,,,,,,,0
c76f1838540e4541d2f49e95,骏发驾校,交通设施,公交车站,黑龙江省,哈尔滨市,香坊区,267路;353路;368路;377路;378路;387路;390路,,0,0,126.7515,45.73278,,,http://map.baidu.com/,,,,,,,,,,,,,,,,,,,,0
04531bafb19be2618733045c,果园街,交通设施,公交车站,黑龙江省,哈尔滨市,香坊区,26路;112路;266路,,0,0,126.711382,45.732065,,,http://map.baidu.com/,,,,,,,,,,,,,,,,,,,,0
175784f2e718e411b1077dce,果园街,交通设施,公交车站,黑龙江省,哈尔滨市,香坊区,26路;112路;266路,,0,0,126.711502,45.732352,,,http://map.baidu.com/,,,,,,,,,,,,,,,,,,,,0
3f154632f1b95ceb74026981,油坊街,交通设施,公交车站,黑龙江省,哈尔滨市,香坊区,26路;70路;70路早晚高峰;112路;266路;366路,,0,0,126.711824,45.729064,,,http://map.baidu.com/,,,,,,,,,,,,,,,,,,,,0
edc16766cae4e6378d772732,延福街,交通设施,公交车站,黑龙江省,哈尔滨市,香坊区,26路,,0,0,126.709894,45.733732,,,http://map.baidu.com/,,,,,,,,,,,,,,,,,,,,0
b8c9aa4d2c057ca5f8dc85cc,德强学校,交通设施,公交车站,黑龙江省,哈尔滨市,香坊区,53路;69路;267路;353路;368路;377路;377路支线9;378路;379路;387路;390路,,0,0,126.74838,45.733319,,,http://map.baidu.com/,,,,,,,,,,,,,,,,,,,,0
ba263e20c565b90cb11e36fb,蓝天制胶厂,交通设施,公交车站,黑龙江省,哈尔滨市,香坊区,76路;364路二环,,0,0,126.734405,45.71783,,,http://map.baidu.com/,,,,,,,,,,,,,,,,,,,,0
3513edc209ce11cac5effb79,红星村,交通设施,公交车站,黑龙江省,哈尔滨市,香坊区,206路;364路万家支线,,0,0,126.735561,45.717943,,,http://map.baidu.com/,,,,,,,,,,,,,,,,,,,,0
c9f7c389487df8d50bccdd3d,大房身东,交通设施,公交车站,黑龙江省,哈尔滨市,香坊区,76路,,0,0,126.726165,45.717785,,,http://map.baidu.com/,,,,,,,,,,,,,,,,,,,,0
3921197fa2d4ff15841541cc,信义加油站,交通设施,公交车站,黑龙江省,哈尔滨市,香坊区,206路;367路,,0,0,126.74371,45.746413,,,http://map.baidu.com/,,,,,,,,,,,,,,,,,,,,0
f9985fb3ff756d422b3a9ff0,哈铁党校,交通设施,公交车站,黑龙江省,哈尔滨市,香坊区,366路,,0,0,126.710739,45.724744,,,http://map.baidu.com/,,,,,,,,,,,,,,,,,,,,0
10b1081778233d5c9122e000,曹家道口,交通设施,公交车站,黑龙江省,哈尔滨市,香坊区,53路;69路;267路;353路;368路;377路;377路支线9;378路;379路;387路;390路,,0,0,126.757688,45.731825,,,http://map.baidu.com/,,,,,,,,,,,,,,,,,,,,0
a1c79e73d8341023744ff1ff,电碳路(香明街路口),交通设施,公交车站,黑龙江省,哈尔滨市,香坊区,206路,,0,0,126.73439,45.714629,,,http://map.baidu.com/,,,,,,,,,,,,,,,,,,,,0
fc8e3a6cc8c97921a2d230de,木材东街(公滨路口),交通设施,公交车站,黑龙江省,哈尔滨市,香坊区,17路;21路;53路;69路;86路;267路;353路;364路;364路万家支线;366路支线;367路;368路;377路;377路支线9;378路;379路;387路;390路,,0,0,126.727858,45.736405,,,http://map.baidu.com/,,,,,,,,,,,,,,,,,,,,0
3d3911eeada19257c17da20d,驾校,交通设施,公交车站,黑龙江省,哈尔滨市,香坊区,53路;69路;377路支线9;379路,,0,0,126.750623,45.732915,,,http://map.baidu.com/,,,,,,,,,,,,,,,,,,,,0
5df199ea4f269e7594ca0783,驾校,交通设施,公交车站,黑龙江省,哈尔滨市,香坊区,53路;69路;377路支线9;379路,,0,0,126.750809,45.733009,,,http://map.baidu.com/,,,,,,,,,,,,,,,,,,,,0
d6edd5e08534910daecb6616,哈铁党校,交通设施,公交车站,黑龙江省,哈尔滨市,香坊区,112路;366路,,0,0,126.710832,45.724586,,,http://map.baidu.com/,,,,,,,,,,,,,,,,,,,,0
0ba7fe318b613e304657263f,果园街,交通设施,公交车站,黑龙江省,哈尔滨市,香坊区,70路;70路早晚高峰;112路;365路;366路;379路,,0,0,126.711278,45.73478,,,http://map.baidu.com/,,,,,,,,,,,,,,,,,,,,0
72132acff3abfe9248cc4a62,木材东街(公滨路口),交通设施,公交车站,黑龙江省,哈尔滨市,香坊区,17路;21路;53路;69路;86路;267路;353路;364路;364路万家支线;366路支线;367路;368路;377路;377路支线9;378路;379路;387路;390路,,0,0,126.727824,45.73655,,,http://map.baidu.com/,,,,,,,,,,,,,,,,,,,,0
f41dfd6c462769f1343a716d,香德街,交通设施,公交车站,黑龙江省,哈尔滨市,香坊区,26路,,0,0,126.714935,45.735402,,,http://map.baidu.com/,,,,,,,,,,,,,,,,,,,,0
2a63cc5141c9415ff603b849,延福街,交通设施,公交车站,黑龙江省,哈尔滨市,香坊区,26路,,0,0,126.714717,45.734102,,,http://map.baidu.com/,,,,,,,,,,,,,,,,,,,,0
b29fef4afede241a10293587,展鹏米业,交通设施,公交车站,黑龙江省,哈尔滨市,香坊区,366路支线,,0,0,126.745982,45.743463,,,http://map.baidu.com/,,,,,,,,,,,,,,,,,,,,0
0c75d530ee9bc9a182a12e03,东升家园,交通设施,公交车站,黑龙江省,哈尔滨市,香坊区,387路;390路,,0,0,126.781652,45.727116,,,http://map.baidu.com/,,,,,,,,,,,,,,,,,,,,0
4f11c60db66e3574c8c3db2d,幸福镇,交通设施,公交车站,黑龙江省,哈尔滨市,香坊区,53路;69路;267路;353路;368路;377路;377路支线9;378路;379路;387路;390路,,0,0,126.766355,45.730435,,,http://map.baidu.com/,,,,,,,,,,,,,,,,,,,,0
d6631cac872e29d8a8f729de,永泰城,交通设施,公交车站,黑龙江省,哈尔滨市,香坊区,267路;268路;368路;377路;377路支线9;378路;379路,,0,0,126.765248,45.723024,,,http://map.baidu.com/,,,,,,,,,,,,,,,,,,,,0
7ec429762e3767b97602697a,后张家,交通设施,公交车站,黑龙江省,哈尔滨市,香坊区,387路;390路,,0,0,126.789091,45.725559,,,http://map.baidu.com/,,,,,,,,,,,,,,,,,,,,0
12957f11b08950547069d3a1,幸福医院,交通设施,公交车站,黑龙江省,哈尔滨市,香坊区,387路;390路,,0,0,126.769745,45.729735,,,http://map.baidu.com/,,,,,,,,,,,,,,,,,,,,0
56b69a188a83ead3f8f0cbb0,临时站一(东升家园西站),交通设施,公交车站,黑龙江省,哈尔滨市,香坊区,387路;390路,,0,0,126.777655,45.727979,,,http://map.baidu.com/,,,,,,,,,,,,,,,,,,,,0
1c7e2ac81e68e9c4da2f284d,特产所,交通设施,公交车站,黑龙江省,哈尔滨市,香坊区,267路;268路;368路;377路;377路支线9;378路;379路,,0,0,126.766765,45.727145,,,http://map.baidu.com/,,,,,,,,,,,,,,,,,,,,0
6fc4038232f766169b68b458,幸福镇政府,交通设施,公交车站,黑龙江省,哈尔滨市,香坊区,53路;69路;268路;353路,,0,0,126.769282,45.733681,,,http://map.baidu.com/,,,,,,,,,,,,,,,,,,,,0
4aa97d2ed6baba3c16b54b9b,香坊油库,交通设施,公交车站,黑龙江省,哈尔滨市,香坊区,377路;377路支线9,,0,0,126.763516,45.719683,,,http://map.baidu.com/,,,,,,,,,,,,,,,,,,,,0
64d32d4171c49600dbeced5a,油库,交通设施,公交车站,黑龙江省,哈尔滨市,香坊区,377路;377路支线9,,0,0,126.76383,45.719749,,,http://map.baidu.com/,,,,,,,,,,,,,,,,,,,,0
512e036eb393928c7f29bd22,北大荒唐都生态园,交通设施,公交车站,黑龙江省,哈尔滨市,香坊区,53路;69路;268路;353路,,0,0,126.771128,45.738415,,,http://map.baidu.com/,,,,,,,,,,,,,,,,,,,,0
b85a540f15c561994afd3fcc,香坊酒厂,交通设施,公交车站,黑龙江省,哈尔滨市,香坊区,377路;377路支线9,,0,0,126.769317,45.718439,,,http://map.baidu.com/,,,,,,,,,,,,,,,,,,,,0
e2d289e08ff09377f942b200,酒厂,交通设施,公交车站,黑龙江省,哈尔滨市,香坊区,377路;377路支线9,,0,0,126.76884,45.718479,,,http://map.baidu.com/,,,,,,,,,,,,,,,,,,,,0
94d3601b58cd9056bd48421d,华义,交通设施,公交车站,黑龙江省,哈尔滨市,香坊区,267路;353路;368路;377路;377路支线9;378路;387路;390路,,0,0,126.76341,45.730906,,,http://map.baidu.com/,,,,,,,,,,,,,,,,,,,,0
ed216a0ef934e993081cc7ef,曹家道口,交通设施,公交车站,黑龙江省,哈尔滨市,香坊区,53路;69路;377路支线9,,0,0,126.758144,45.731636,,,http://map.baidu.com/,,,,,,,,,,,,,,,,,,,,0
bd64ed856005e579e6e9656a,北大荒生物科技,交通设施,公交车站,黑龙江省,哈尔滨市,香坊区,368路,,0,0,126.765457,45.724036,,,http://map.baidu.com/,,,,,,,,,,,,,,,,,,,,0
b4d5c8d430dcab70f32d833d,北大荒生物科技,交通设施,公交车站,黑龙江省,哈尔滨市,香坊区,368路,,0,0,126.765457,45.724036,,,http://map.baidu.com/,,,,,,,,,,,,,,,,,,,,0
10b1081778233d5c9122e000,曹家道口,交通设施,公交车站,黑龙江省,哈尔滨市,香坊区,53路;69路;267路;353路;368路;377路;377路支线9;378路;379路;387路;390路,,0,0,126.757688,45.731825,,,http://map.baidu.com/,,,,,,,,,,,,,,,,,,,,0
bcfc166f63449c604bcc4ad7,新香坊火车站,交通设施,公交车站,黑龙江省,哈尔滨市,香坊区,377路;377路支线9,,0,0,126.774886,45.717962,,,http://map.baidu.com/,,,,,,,,,,,,,,,,,,,,0
cd4daacf245d4b0015948e94,新香坊火车站,交通设施,公交车站,黑龙江省,哈尔滨市,香坊区,377路;377路支线9,,0,0,126.774218,45.718019,,,http://map.baidu.com/,,,,,,,,,,,,,,,,,,,,0
44382cebd900df9fbadf8fee,前张家,交通设施,公交车站,黑龙江省,哈尔滨市,香坊区,387路;390路,,0,0,126.793382,45.724663,,,http://map.baidu.com/,,,,,,,,,,,,,,,,,,,,0
ff8e9c4a3b288782adcb660c,水泥厂,交通设施,公交车站,黑龙江省,哈尔滨市,香坊区,377路;377路支线9,,0,0,126.791685,45.716643,,,http://map.baidu.com/,,,,,,,,,,,,,,,,,,,,0
696ab6d5ceedd539130daa8f,水泥厂,交通设施,公交车站,黑龙江省,哈尔滨市,香坊区,377路;377路支线9,,0,0,126.792033,45.716626,,,http://map.baidu.com/,,,,,,,,,,,,,,,,,,,,0
6460497690276e1ed7851fa4,水田,交通设施,公交车站,黑龙江省,哈尔滨市,香坊区,353路,,0,0,126.775323,45.746201,,,http://map.baidu.com/,,,,,,,,,,,,,,,,,,,,0
54da51adfcd7ebbd4afd3fdf,香坊酒厂,交通设施,公交车站,黑龙江省,哈尔滨市,香坊区,377路;377路支线9,,0,0,126.768362,45.71852,,,http://map.baidu.com/,,,,,,,,,,,,,,,,,,,,0
e7f2b3354ba78e0f5bf6bee3,开发区,交通设施,公交车站,黑龙江省,哈尔滨市,香坊区,353路,,0,0,126.786586,45.744881,,,http://map.baidu.com/,,,,,,,,,,,,,,,,,,,,0
d0c17d45694e811d4bcc4a47,伟业搅拌站,交通设施,公交车站,黑龙江省,哈尔滨市,香坊区,353路,,0,0,126.789498,45.744552,,,http://map.baidu.com/,,,,,,,,,,,,,,,,,,,,0
d01c395796e13dcfae0457e3,香坊油库,交通设施,公交车站,黑龙江省,哈尔滨市,香坊区,377路;377路支线9,,0,0,126.764144,45.719816,,,http://map.baidu.com/,,,,,,,,,,,,,,,,,,,,0
d7d3ac859c6da6f51329358e,煤炭研究所,交通设施,公交车站,黑龙江省,哈尔滨市,香坊区,377路;377路支线9,,0,0,126.784657,45.717163,,,http://map.baidu.com/,,,,,,,,,,,,,,,,,,,,0
ddd447a9f1948e8a16c905cb,美居花卉市场,交通设施,公交车站,黑龙江省,哈尔滨市,香坊区,69路;268路;353路,,0,0,126.772272,45.742772,,,http://map.baidu.com/,,,,,,,,,,,,,,,,,,,,0
a966191d9316df19eedfca22,新香坊火车站,交通设施,公交车站,黑龙江省,哈尔滨市,香坊区,377路支线9,,0,0,126.774468,45.717997,,,http://map.baidu.com/,,,,,,,,,,,,,,,,,,,,0
499cca87abd05eb5d518b72f,伟业搅拌站,交通设施,公交车站,黑龙江省,哈尔滨市,香坊区,353路,,0,0,126.788789,45.744623,,,http://map.baidu.com/,,,,,,,,,,,,,,,,,,,,0
d30377f74c5606cc61685862,伟业搅拌站,交通设施,公交车站,黑龙江省,哈尔滨市,香坊区,353路,,0,0,126.790207,45.744481,,,http://map.baidu.com/,,,,,,,,,,,,,,,,,,,,0
f58c9e5e171af52ff2193764,东煤电器,交通设施,公交车站,黑龙江省,哈尔滨市,香坊区,377路;377路支线9,,0,0,126.780806,45.717479,,,http://map.baidu.com/,,,,,,,,,,,,,,,,,,,,0
7e29b99d567442f63010afd4,民主屯,交通设施,公交车站,黑龙江省,哈尔滨市,香坊区,377路;377路支线9;387路;390路,,0,0,126.80619,45.718709,,,http://map.baidu.com/,,,,,,,,,,,,,,,,,,,,0
4ec20b8910b687cf97ec846d,和粮农业,交通设施,公交车站,黑龙江省,哈尔滨市,香坊区,387路;390路,,0,0,126.8171,45.720031,,,http://map.baidu.com/,,,,,,,,,,,,,,,,,,,,0
8cb62cf2c6a43c7689db73ec,满族学校,交通设施,公交车站,黑龙江省,哈尔滨市,香坊区,353路;390路,,0,0,126.820668,45.738916,,,http://map.baidu.com/,,,,,,,,,,,,,,,,,,,,0
75a5b9476210c46331f71dc5,莫力村,交通设施,公交车站,黑龙江省,哈尔滨市,香坊区,353路;390路,,0,0,126.826629,45.734767,,,http://map.baidu.com/,,,,,,,,,,,,,,,,,,,,0
b1afda484507737c04026f94,和粮农业,交通设施,公交车站,黑龙江省,哈尔滨市,香坊区,387路;390路,,0,0,126.816914,45.720002,,,http://map.baidu.com/,,,,,,,,,,,,,,,,,,,,0
4ac0a359067483880bccdd82,冰城牧业,交通设施,公交车站,黑龙江省,哈尔滨市,香坊区,353路;390路,,0,0,126.81595,45.741159,,,http://map.baidu.com/,,,,,,,,,,,,,,,,,,,,0
a8345b0f0379cf637dc87674,红雷物流,交通设施,公交车站,黑龙江省,哈尔滨市,香坊区,377路支线9,,0,0,126.821115,45.712341,,,http://map.baidu.com/,,,,,,,,,,,,,,,,,,,,0
b70a2028b7983ff132870ad1,红雷物流,交通设施,公交车站,黑龙江省,哈尔滨市,香坊区,377路支线9,,0,0,126.822988,45.71196,,,http://map.baidu.com/,,,,,,,,,,,,,,,,,,,,0
e2627250df7c067130169ba5,靠河寨畜牧场,交通设施,公交车站,黑龙江省,哈尔滨市,香坊区,353路;390路,,0,0,126.813839,45.742173,,,http://map.baidu.com/,,,,,,,,,,,,,,,,,,,,0
b46334ab487cd3f0990050cb,满族学校,交通设施,公交车站,黑龙江省,哈尔滨市,香坊区,353路;390路,,0,0,126.820792,45.738859,,,http://map.baidu.com/,,,,,,,,,,,,,,,,,,,,0
ef24bfcfd720a267a3acc427,莫力桥头,交通设施,公交车站,黑龙江省,哈尔滨市,香坊区,353路;390路,,0,0,126.82464,45.73687,,,http://map.baidu.com/,,,,,,,,,,,,,,,,,,,,0
360008ab9d64e6fe48cc4a26,莫力一队,交通设施,公交车站,黑龙江省,哈尔滨市,香坊区,390路,,0,0,126.831591,45.730721,,,http://map.baidu.com/,,,,,,,,,,,,,,,,,,,,0
36c38e80e0ce431f9a0050f5,满族学校,交通设施,公交车站,黑龙江省,哈尔滨市,香坊区,353路;390路,,0,0,126.820545,45.738972,,,http://map.baidu.com/,,,,,,,,,,,,,,,,,,,,0
ffc2d0ef7b24161cb817e75c,哈同高速路口,交通设施,公交车站,黑龙江省,哈尔滨市,香坊区,390路,,0,0,126.813966,45.714654,,,http://map.baidu.com/,,,,,,,,,,,,,,,,,,,,0
f0490db3edef92d6b45f1ebf,哈同高速路口,交通设施,公交车站,黑龙江省,哈尔滨市,香坊区,390路,,0,0,126.813968,45.714655,,,http://map.baidu.com/,,,,,,,,,,,,,,,,,,,,0
11d3cfb5b3ec846fc26c1437,哈同高速路口,交通设施,公交车站,黑龙江省,哈尔滨市,香坊区,387路;390路,,0,0,126.813965,45.714652,,,http://map.baidu.com/,,,,,,,,,,,,,,,,,,,,0
3eb4f952a62a4a24e115f9b6,绕城高速口,交通设施,公交车站,黑龙江省,哈尔滨市,香坊区,377路支线9,,0,0,126.812794,45.714547,,,http://map.baidu.com/,,,,,,,,,,,,,,,,,,,,0
ab07917831c4ccbb2b201a47,绕城高速口,交通设施,公交车站,黑龙江省,哈尔滨市,香坊区,377路,,0,0,126.806022,45.71561,,,http://map.baidu.com/,,,,,,,,,,,,,,,,,,,,0
f1cfc1c401a1d4011b94c694,西格玛渔场,交通设施,公交车站,黑龙江省,哈尔滨市,香坊区,353路;390路,,0,0,126.823438,45.737594,,,http://map.baidu.com/,,,,,,,,,,,,,,,,,,,,0
e2ed77ced062976825d2bbef,靠河饭店,交通设施,公交车站,黑龙江省,哈尔滨市,香坊区,353路,,0,0,126.811987,45.742744,,,http://map.baidu.com/,,,,,,,,,,,,,,,,,,,,0
d6b76b5b1cb04fc7130daac3,靠河头道街,交通设施,公交车站,黑龙江省,哈尔滨市,香坊区,353路,,0,0,126.804496,45.743044,,,http://map.baidu.com/,,,,,,,,,,,,,,,,,,,,0
b9e60b16a797ea93d8d89139,什河丽景敬老社区,交通设施,公交车站,黑龙江省,哈尔滨市,香坊区,390路,,0,0,126.83999,45.723482,,,http://map.baidu.com/,,,,,,,,,,,,,,,,,,,,0
c993e8ffd53cb4fdc4f02555,靠河村口,交通设施,公交车站,黑龙江省,哈尔滨市,香坊区,353路,,0,0,126.806611,45.742852,,,http://map.baidu.com/,,,,,,,,,,,,,,,,,,,,0
f7a89ae0f4a92b1b9b68b468,三门杨家村口,交通设施,公交车站,黑龙江省,哈尔滨市,香坊区,390路,,0,0,126.841545,45.721372,,,http://map.baidu.com/,,,,,,,,,,,,,,,,,,,,0
7fe4cd367077670c1f580088,靠河头道街,交通设施,公交车站,黑龙江省,哈尔滨市,香坊区,353路,,0,0,126.803922,45.743099,,,http://map.baidu.com/,,,,,,,,,,,,,,,,,,,,0
acdaa11cd5b5bdf7c7f50d96,靠河头道街,交通设施,公交车站,黑龙江省,哈尔滨市,香坊区,353路,,0,0,126.804209,45.743071,,,http://map.baidu.com/,,,,,,,,,,,,,,,,,,,,0
e700e6e8beb0713cbea240c5,红雷物流(龙达慈爱老年公寓),交通设施,公交车站,黑龙江省,哈尔滨市,香坊区,377路;377路支线2;377路支线5;377路支线8;387路;390路,,0,0,126.823613,45.711833,,,http://map.baidu.com/,,,,,,,,,,,,,,,,,,,,0
dd866ae23fc3e83c36b06c34,临时站二(轴承宿舍),交通设施,公交车站,黑龙江省,哈尔滨市,香坊区,387路;390路,,0,0,126.802815,45.722771,,,http://map.baidu.com/,,,,,,,,,,,,,,,,,,,,0
b89ab801aefb6f8d276e9888,绕城高速口,交通设施,公交车站,黑龙江省,哈尔滨市,香坊区,377路;377路支线9,,0,0,126.811098,45.714813,,,http://map.baidu.com/,,,,,,,,,,,,,,,,,,,,0
433e2277c3dfca00b1077d76,哈同高速口,交通设施,公交车站,黑龙江省,哈尔滨市,香坊区,387路;390路,,0,0,126.814086,45.714825,,,http://map.baidu.com/,,,,,,,,,,,,,,,,,,,,0
b9e60b16a797ea93d8d89139,什河丽景敬老社区,交通设施,公交车站,黑龙江省,哈尔滨市,香坊区,390路,,0,0,126.83999,45.723482,,,http://map.baidu.com/,,,,,,,,,,,,,,,,,,,,0
f7a89ae0f4a92b1b9b68b468,三门杨家村口,交通设施,公交车站,黑龙江省,哈尔滨市,香坊区,390路,,0,0,126.841545,45.721372,,,http://map.baidu.com/,,,,,,,,,,,,,,,,,,,,0
cee1ad5c8a171b1f8605bf0a,和兴胜综合商店,交通设施,公交车站,黑龙江省,哈尔滨市,香坊区,390路,,0,0,126.840769,45.718855,,,http://map.baidu.com/,,,,,,,,,,,,,,,,,,,,0
23fd62b2d585507b2d4733ac,雷家,交通设施,公交车站,黑龙江省,哈尔滨市,香坊区,377路支线10;397路,,0,0,126.90577,45.730697,,,http://map.baidu.com/,,,,,,,,,,,,,,,,,,,,0
0b89b93c6b4cdf5121f017f7,永和村,交通设施,公交车站,黑龙江省,哈尔滨市,香坊区,603路,,0,0,126.892186,45.731091,,,http://map.baidu.com/,,,,,,,,,,,,,,,,,,,,0
4eb31d10cd5602d58bf15d5e,向阳村村委会,交通设施,公交车站,黑龙江省,哈尔滨市,香坊区,377路支线10;397路,,0,0,126.90631,45.732481,,,http://map.baidu.com/,,,,,,,,,,,,,,,,,,,,0
07337af78821748f5dd4febb,向阳道口,交通设施,公交车站,黑龙江省,哈尔滨市,香坊区,603路,,0,0,126.90028,45.720507,,,http://map.baidu.com/,,,,,,,,,,,,,,,,,,,,0
2b6791857a62e5386140a964,亚康路,交通设施,公交车站,黑龙江省,哈尔滨市,香坊区,603路,,0,0,126.8897,45.737327,,,http://map.baidu.com/,,,,,,,,,,,,,,,,,,,,0
bed4aed7b381b2b8c72ba19a,刘家店,交通设施,公交车站,黑龙江省,哈尔滨市,香坊区,377路支线10;397路,,0,0,126.909874,45.737663,,,http://map.baidu.com/,,,,,,,,,,,,,,,,,,,,0
efeef07dc0ea628d5e17c3be,新香坊北站,交通设施,公交车站,黑龙江省,哈尔滨市,香坊区,377路支线10;397路,,0,0,126.913246,45.741769,,,http://map.baidu.com/,,,,,,,,,,,,,,,,,,,,0
78ad35b2ad066c7d8d77273e,新香坊北站道口,交通设施,公交车站,黑龙江省,哈尔滨市,香坊区,377路支线10;397路,,0,0,126.913244,45.741767,,,http://map.baidu.com/,,,,,,,,,,,,,,,,,,,,0
e46bd33878a565f272210bb5,黄河村村委会,交通设施,公交车站,黑龙江省,哈尔滨市,香坊区,377路支线10;397路,,0,0,126.89315,45.717754,,,http://map.baidu.com/,,,,,,,,,,,,,,,,,,,,0
bb764f96de1d97362fb96d1a,黄河村村头,交通设施,公交车站,黑龙江省,哈尔滨市,香坊区,377路支线10;397路,,0,0,126.888805,45.716337,,,http://map.baidu.com/,,,,,,,,,,,,,,,,,,,,0
104c6640cebbd76b3b221c3b,鞭炮库,交通设施,公交车站,黑龙江省,哈尔滨市,香坊区,356路东方红支线,,0,0,126.952246,45.727845,,,http://map.baidu.com/,,,,,,,,,,,,,,,,,,,,0
2ea988f097b9a4b01ef74d2a,薰衣草庄园,交通设施,公交车站,黑龙江省,哈尔滨市,香坊区,356路东方红支线,,0,0,126.946521,45.735539,,,http://map.baidu.com/,,,,,,,,,,,,,,,,,,,,0
23e59a843d0c5f802fb96d56,薰衣草庄园,交通设施,公交车站,黑龙江省,哈尔滨市,香坊区,356路东方红支线,,0,0,126.94643,45.735586,,,http://map.baidu.com/,,,,,,,,,,,,,,,,,,,,0
29b33662d346d38be856fab7,薰衣草庄园,交通设施,公交车站,黑龙江省,哈尔滨市,香坊区,356路东方红支线,,0,0,126.94634,45.735632,,,http://map.baidu.com/,,,,,,,,,,,,,,,,,,,,0
d382128b202b7b9d343a713b,鞭炮库,交通设施,公交车站,黑龙江省,哈尔滨市,香坊区,356路东方红支线;397路,,0,0,126.952286,45.727874,,,http://map.baidu.com/,,,,,,,,,,,,,,,,,,,,0
c07c48a3345a55881894c6f8,阮家屯,交通设施,公交车站,黑龙江省,哈尔滨市,香坊区,356路东方红支线,,0,0,126.938459,45.737471,,,http://map.baidu.com/,,,,,,,,,,,,,,,,,,,,0
baf1c8661af0e8bdbea24013,赵家油坊,交通设施,公交车站,黑龙江省,哈尔滨市,香坊区,356路东方红支线,,0,0,126.956978,45.722541,,,http://map.baidu.com/,,,,,,,,,,,,,,,,,,,,0
8c5c0e059a38bd597269d361,糖功屯,交通设施,公交车站,黑龙江省,哈尔滨市,香坊区,397路,,0,0,126.961614,45.734302,,,http://map.baidu.com/,,,,,,,,,,,,,,,,,,,,0
fc1d594f5c9fdcc6d72ce22c,通达食杂店,交通设施,公交车站,黑龙江省,哈尔滨市,香坊区,356路东方红支线;397路,,0,0,126.942185,45.736995,,,http://map.baidu.com/,,,,,,,,,,,,,,,,,,,,0
d31758cf262880f5e6e96562,徐家油坊,交通设施,公交车站,黑龙江省,哈尔滨市,香坊区,334路;380路,,0,0,126.955607,45.745122,,,http://map.baidu.com/,,,,,,,,,,,,,,,,,,,,0
72e70948a93d52fe9fec2b30,佰顺农机修理,交通设施,公交车站,黑龙江省,哈尔滨市,香坊区,356路东方红支线,,0,0,126.931448,45.742936,,,http://map.baidu.com/,,,,,,,,,,,,,,,,,,,,0
aeda5463fb71d12c22f01743,阮家屯,交通设施,公交车站,黑龙江省,哈尔滨市,香坊区,356路东方红支线;397路,,0,0,126.939297,45.737291,,,http://map.baidu.com/,,,,,,,,,,,,,,,,,,,,0
42efba24aa88418a80a00c3b,东方红中学,交通设施,公交车站,黑龙江省,哈尔滨市,香坊区,356路东方红支线;397路,,0,0,126.935354,45.739887,,,http://map.baidu.com/,,,,,,,,,,,,,,,,,,,,0
674a5a3abc8eb39234b06c33,糖功屯,交通设施,公交车站,黑龙江省,哈尔滨市,香坊区,397路,,0,0,126.961614,45.734302,,,http://map.baidu.com/,,,,,,,,,,,,,,,,,,,,0
bb43faf3d4e772b7e215f936,东兴满族村村口,交通设施,公交车站,黑龙江省,哈尔滨市,香坊区,334路;380路,,0,0,126.960236,45.733901,,,http://map.baidu.com/,,,,,,,,,,,,,,,,,,,,0
ea724f20d87ccdd93ce231a9,糖功屯,交通设施,公交车站,黑龙江省,哈尔滨市,香坊区,397路,,0,0,126.961614,45.734302,,,http://map.baidu.com/,,,,,,,,,,,,,,,,,,,,0
228ff44fa8d29c6c3a04b1da,佰顺农机修理,交通设施,公交车站,黑龙江省,哈尔滨市,香坊区,356路东方红支线;397路,,0,0,126.930726,45.743338,,,http://map.baidu.com/,,,,,,,,,,,,,,,,,,,,0
59084dccc532ead0950319af,东兴七队,交通设施,公交车站,黑龙江省,哈尔滨市,香坊区,397路,,0,0,126.986595,45.739476,,,http://map.baidu.com/,,,,,,,,,,,,,,,,,,,,0
24e3a248b8d2a6b7ef74f8d7,东岗村,交通设施,公交车站,黑龙江省,哈尔滨市,香坊区,397路,,0,0,126.990798,45.742546,,,http://map.baidu.com/,,,,,,,,,,,,,,,,,,,,0
d14db51c4bc3717cb1077de9,东兴三队,交通设施,公交车站,黑龙江省,哈尔滨市,香坊区,397路,,0,0,126.968488,45.737293,,,http://map.baidu.com/,,,,,,,,,,,,,,,,,,,,0
14309e4b9f6144089a00503d,东兴七队,交通设施,公交车站,黑龙江省,哈尔滨市,香坊区,397路,,0,0,126.986598,45.739472,,,http://map.baidu.com/,,,,,,,,,,,,,,,,,,,,0
ca814d73449ac1a47adbd2b8,东兴三队,交通设施,公交车站,黑龙江省,哈尔滨市,香坊区,397路,,0,0,126.968488,45.737293,,,http://map.baidu.com/,,,,,,,,,,,,,,,,,,,,0
5f7a6c8935dc0df92eb96d33,东兴三队,交通设施,公交车站,黑龙江省,哈尔滨市,香坊区,397路,,0,0,126.96849,45.737294,,,http://map.baidu.com/,,,,,,,,,,,,,,,,,,,,0
4ad553ee1df990913417dcc5,于始良屯,交通设施,公交车站,黑龙江省,哈尔滨市,香坊区,397路,,0,0,126.980367,45.742544,,,http://map.baidu.com/,,,,,,,,,,,,,,,,,,,,0
77608afa489dc81de6073828,阳明滩大桥南,交通设施,公交车站,黑龙江省,哈尔滨市,道里区,63路,,0,0,126.532621,45.748291,,,http://map.baidu.com/,,,,,,,,,,,,,,,,,,,,0
4fb067de6a8e965a41d63e46,保利城小区,交通设施,公交车站,黑龙江省,哈尔滨市,道里区,63路;133路;209路;238路;S12路/商务公交12号线,,0,0,126.537526,45.747775,,,http://map.baidu.com/,,,,,,,,,,,,,,,,,,,,0
947bdd78860f7f69d618b7c4,保利城小区,交通设施,公交车站,黑龙江省,哈尔滨市,道里区,63路;133路;209路;238路;S12路/商务公交12号线,,0,0,126.538231,45.7478,,,http://map.baidu.com/,,,,,,,,,,,,,,,,,,,,0
1eab92f01ac41b5c88fc0628,群力第一大道(阳明滩大道口),交通设施,公交车站,黑龙江省,哈尔滨市,道里区,63路;209路;376路,,0,0,126.533714,45.747289,,,http://map.baidu.com/,,,,,,,,,,,,,,,,,,,,0
d91bef8cfe7367d108f5eb70,群力第一大道(阳明滩大道口),交通设施,公交车站,黑龙江省,哈尔滨市,道里区,63路;209路;376路,,0,0,126.533714,45.747289,,,http://map.baidu.com/,,,,,,,,,,,,,,,,,,,,0
e1fab8f9e1a8e93fb320a816,阳明滩大桥南,交通设施,公交车站,黑龙江省,哈尔滨市,道里区,63路;105路;209路;237路;238路;376路,,0,0,126.532521,45.748018,,,http://map.baidu.com/,,,,,,,,,,,,,,,,,,,,0
0ab273ccc54332fa88b988d2,友谊西路(朗江路口),交通设施,公交车站,黑龙江省,哈尔滨市,道里区,105路,,0,0,126.536255,45.751624,,,http://map.baidu.com/,,,,,,,,,,,,,,,,,,,,0
9bb0350cd9943fa28bdb733c,朗江路(友谊西路口),交通设施,公交车站,黑龙江省,哈尔滨市,道里区,63路;209路;376路,,0,0,126.534893,45.750033,,,http://map.baidu.com/,,,,,,,,,,,,,,,,,,,,0
80616944efe8d7a878f79603,朗江路(友谊西路口),交通设施,公交车站,黑龙江省,哈尔滨市,道里区,63路;209路;376路,,0,0,126.534893,45.750033,,,http://map.baidu.com/,,,,,,,,,,,,,,,,,,,,0
b74ff01690b17e9701294f87,朗江路(群力第一大道口),交通设施,公交车站,黑龙江省,哈尔滨市,道里区,133路;376路,,0,0,126.535843,45.746785,,,http://map.baidu.com/,,,,,,,,,,,,,,,,,,,,0
2030127b3f58cd55cf06a486,友谊西路(朗江路口),交通设施,公交车站,黑龙江省,哈尔滨市,道里区,105路,,0,0,126.533814,45.751401,,,http://map.baidu.com/,,,,,,,,,,,,,,,,,,,,0
44d68e22916434cf57bffff5,友谊西路(朗江路口),交通设施,公交车站,黑龙江省,哈尔滨市,道里区,105路,,0,0,126.538697,45.751847,,,http://map.baidu.com/,,,,,,,,,,,,,,,,,,,,0
7ea75caee0a06da354bfff58,友谊西路(丽江路口),交通设施,公交车站,黑龙江省,哈尔滨市,道里区,105路,,0,0,126.545068,45.752801,,,http://map.baidu.com/,,,,,,,,,,,,,,,,,,,,0
735afbc22b058311d2f49e49,群力外滩,交通设施,公交车站,黑龙江省,哈尔滨市,道里区,46路;105路;133路,,0,0,126.565906,45.755517,,,http://map.baidu.com/,,,,,,,,,,,,,,,,,,,,0
76f19af403a57a275fd4fed0,哈尔滨音乐厅,交通设施,公交车站,黑龙江省,哈尔滨市,道里区,12路;25路;63路;133路;220路;S12路/商务公交12号线;S2路/商务公交2号线,,0,0,126.567441,45.748942,,,http://map.baidu.com/,,,,,,,,,,,,,,,,,,,,0
b2d902ffaca048fd3417dce4,群力外滩,交通设施,公交车站,黑龙江省,哈尔滨市,道里区,133路,,0,0,126.565308,45.754771,,,http://map.baidu.com/,,,,,,,,,,,,,,,,,,,,0
a018e69eb64cc7807dc8761a,友谊西路(上江街口),交通设施,公交车站,黑龙江省,哈尔滨市,道里区,46路;105路;133路,,0,0,126.575723,45.757094,,,http://map.baidu.com/,,,,,,,,,,,,,,,,,,,,0
82acdf48ddb1c65911882459,友谊西路(上江街口),交通设施,公交车站,黑龙江省,哈尔滨市,道里区,46路;105路;133路,,0,0,126.576518,45.757382,,,http://map.baidu.com/,,,,,,,,,,,,,,,,,,,,0
a8ab57e9db6b72872a02e1a0,丁香公园,交通设施,公交车站,黑龙江省,哈尔滨市,道里区,61路;93路;97路;117路;131路;237路;239路,,0,0,126.577532,45.747626,,,http://map.baidu.com/,,,,,,,,,,,,,,,,,,,,0
fe58e7f3150299efeb12e40c,丁香公园,交通设施,公交车站,黑龙江省,哈尔滨市,道里区,97路,,0,0,126.576655,45.747146,,,http://map.baidu.com/,,,,,,,,,,,,,,,,,,,,0
0604d2ed3c6961a558f6bee5,友谊西路(上江街口),交通设施,公交车站,黑龙江省,哈尔滨市,道里区,46路;105路;133路,,0,0,126.577313,45.757669,,,http://map.baidu.com/,,,,,,,,,,,,,,,,,,,,0
8df2763cc18348c459bbbc5a,群力第一大道(景江路口),交通设施,公交车站,黑龙江省,哈尔滨市,道里区,12路,,0,0,126.56665,45.751894,,,http://map.baidu.com/,,,,,,,,,,,,,,,,,,,,0
8543e65d18fd163bf6c59c10,上江街(友谊西路口),交通设施,公交车站,黑龙江省,哈尔滨市,道里区,95路,,0,0,126.579154,45.756117,,,http://map.baidu.com/,,,,,,,,,,,,,,,,,,,,0
3a3e14ee2465e1caad31e55a,友谊西路(兴江路口),交通设施,公交车站,黑龙江省,哈尔滨市,道里区,46路;105路,,0,0,126.557461,45.75435,,,http://map.baidu.com/,,,,,,,,,,,,,,,,,,,,0
ba208cceb0e8b13da2a934c5,友谊西路(兴江路口),交通设施,公交车站,黑龙江省,哈尔滨市,道里区,46路;105路,,0,0,126.557207,45.754386,,,http://map.baidu.com/,,,,,,,,,,,,,,,,,,,,0
b5fec2ac3afbea6d81288a3a,上江街(丁香公园),交通设施,公交车站,黑龙江省,哈尔滨市,道里区,116路,,0,0,126.580267,45.752361,,,http://map.baidu.com/,,,,,,,,,,,,,,,,,,,,0
f8c052d2e7692d1dcd04ef60,上江街(丁香公园),交通设施,公交车站,黑龙江省,哈尔滨市,道里区,116路,,0,0,126.580267,45.752361,,,http://map.baidu.com/,,,,,,,,,,,,,,,,,,,,0
2207cfd9e6bf369ed0ff237d,盛和天下小区,交通设施,公交车站,黑龙江省,哈尔滨市,道里区,12路;S2路/商务公交2号线,,0,0,126.573695,45.7528,,,http://map.baidu.com/,,,,,,,,,,,,,,,,,,,,0
4690a29b78d9c4e6bf484298,河松小区,交通设施,公交车站,黑龙江省,哈尔滨市,道里区,92路,,0,0,126.588523,45.754961,,,http://map.baidu.com/,,,,,,,,,,,,,,,,,,,,0
ad7bb3a36d65ec7d52e5c5e5,友谊西路(丽江路口),交通设施,公交车站,黑龙江省,哈尔滨市,道里区,46路;105路,,0,0,126.546885,45.752942,,,http://map.baidu.com/,,,,,,,,,,,,,,,,,,,,0
c90e0ceb969f92144afc8df6,远大群力购物中心,交通设施,公交车站,黑龙江省,哈尔滨市,道里区,12路;131路;133路;209路;376路;S2路/商务公交2号线;机场大巴4号线,,0,0,126.565168,45.745408,,,http://map.baidu.com/,,,,,,,,,,,,,,,,,,,,0
72ecf1a51e7485afb6147f0e,群力新城小区北门,交通设施,公交车站,黑龙江省,哈尔滨市,道里区,63路;S12路/商务公交12号线;S2路/商务公交2号线;S2路区间/商务公交2号线区间,,0,0,126.551553,45.749578,,,http://map.baidu.com/,,,,,,,,,,,,,,,,,,,,0
486946f01ae1c44bcc06a421,华兴街(河柏街口),交通设施,公交车站,黑龙江省,哈尔滨市,道里区,86路;91路,,0,0,126.584494,45.751631,,,http://map.baidu.com/,,,,,,,,,,,,,,,,,,,,0
2532906fd931e704b05c6ac7,华兴街(河柏街口),交通设施,公交车站,黑龙江省,哈尔滨市,道里区,86路;91路,,0,0,126.584494,45.751631,,,http://map.baidu.com/,,,,,,,,,,,,,,,,,,,,0
ce22fc850dec6273ac31e563,群力第一大道(上江街口),交通设施,公交车站,黑龙江省,哈尔滨市,道里区,12路,,0,0,126.578872,45.753678,,,http://map.baidu.com/,,,,,,,,,,,,,,,,,,,,0
ec5fd0353145dbc03517dcb9,群力第一大道(盛和世纪小区),交通设施,公交车站,黑龙江省,哈尔滨市,道里区,25路;63路,,0,0,126.561329,45.750851,,,http://map.baidu.com/,,,,,,,,,,,,,,,,,,,,0
9f48ce1d412f696f2cb90807,河山街,交通设施,公交车站,黑龙江省,哈尔滨市,道里区,86路;91路,,0,0,126.589563,45.754736,,,http://map.baidu.com/,,,,,,,,,,,,,,,,,,,,0
52b6421219e23deb00ec01eb,群力第一大道(上江街口),交通设施,公交车站,黑龙江省,哈尔滨市,道里区,12路,,0,0,126.579555,45.753637,,,http://map.baidu.com/,,,,,,,,,,,,,,,,,,,,0
7c5c7e2fef14af46f503b8b1,上江街(群力第一大道口),交通设施,公交车站,黑龙江省,哈尔滨市,道里区,61路;239路,,0,0,126.580527,45.752972,,,http://map.baidu.com/,,,,,,,,,,,,,,,,,,,,0
9f107c7e3e83236e74026985,哈尔滨音乐厅[临时站],交通设施,公交车站,黑龙江省,哈尔滨市,道里区,12路;S2路/商务公交2号线,,0,0,126.568649,45.748465,,,http://map.baidu.com/,,,,,,,,,,,,,,,,,,,,0
11f5208676dc84cac6f50d96,上江街(友谊西路口),交通设施,公交车站,黑龙江省,哈尔滨市,道里区,95路,,0,0,126.579402,45.755533,,,http://map.baidu.com/,,,,,,,,,,,,,,,,,,,,0
bfbef2043c56f4d3fd0eb022,群力第一大道(兴江路口),交通设施,公交车站,黑龙江省,哈尔滨市,道里区,25路;63路,,0,0,126.556358,45.750159,,,http://map.baidu.com/,,,,,,,,,,,,,,,,,,,,0
33ed339ff54157a2b75f1efd,群力第一大道(兴江路口),交通设施,公交车站,黑龙江省,哈尔滨市,道里区,25路;63路,,0,0,126.556358,45.750159,,,http://map.baidu.com/,,,,,,,,,,,,,,,,,,,,0
5cb5019e4bf9f66e373a71c3,兴江路(群力第一大道口),交通设施,公交车站,黑龙江省,哈尔滨市,道里区,12路,,0,0,126.555708,45.74918,,,http://map.baidu.com/,,,,,,,,,,,,,,,,,,,,0
8556c46879f235045d17c35d,友谊西路(丽江路口),交通设施,公交车站,黑龙江省,哈尔滨市,道里区,46路;105路,,0,0,126.547793,45.753013,,,http://map.baidu.com/,,,,,,,,,,,,,,,,,,,,0
7f0d7168339ad6f114b54b6e,群力大道(景江东路口),交通设施,公交车站,黑龙江省,哈尔滨市,道里区,93路;97路;131路;237路,,0,0,126.571525,45.746614,,,http://map.baidu.com/,,,,,,,,,,,,,,,,,,,,0
aa9fc6d0caf9a7be94031983,群力大道(景江东路口),交通设施,公交车站,黑龙江省,哈尔滨市,道里区,93路;97路;131路;237路,,0,0,126.571092,45.746407,,,http://map.baidu.com/,,,,,,,,,,,,,,,,,,,,0
f6d0a8c7e104f2512efaa7fd,丁香公园,交通设施,公交车站,黑龙江省,哈尔滨市,道里区,93路;97路;117路;131路;237路,,0,0,126.575421,45.746853,,,http://map.baidu.com/,,,,,,,,,,,,,,,,,,,,0
4e083ca9a92236ebc1364484,群力新城小区北门,交通设施,公交车站,黑龙江省,哈尔滨市,道里区,25路;63路;S12路/商务公交12号线;S1路/商务公交1号线;S2路/商务公交2号线;S2路区间/商务公交2号线区间,,0,0,126.551529,45.74953,,,http://map.baidu.com/,,,,,,,,,,,,,,,,,,,,0
0554e8b6dc51d17f7adbd284,上江街(丁香公园)临时起点站,交通设施,公交车站,黑龙江省,哈尔滨市,道里区,66路,,0,0,126.580033,45.752269,,,http://map.baidu.com/,,,,,,,,,,,,,,,,,,,,0
a0a1b8c9b8120cbcb9df8fa0,丁香公园,交通设施,公交车站,黑龙江省,哈尔滨市,道里区,61路;239路,,0,0,126.580903,45.749314,,,http://map.baidu.com/,,,,,,,,,,,,,,,,,,,,0
a98d7d140d8c703256bfff86,上江街(友谊西路口),交通设施,公交车站,黑龙江省,哈尔滨市,道里区,95路,,0,0,126.578906,45.756702,,,http://map.baidu.com/,,,,,,,,,,,,,,,,,,,,0
bdb86859651f45022102629d,丁香公园,交通设施,公交车站,黑龙江省,哈尔滨市,道里区,93路;117路;131路;237路,,0,0,126.576858,45.747339,,,http://map.baidu.com/,,,,,,,,,,,,,,,,,,,,0
c535403dac4d4dee2902e11f,群力第一大道(盛和世纪小区),交通设施,公交车站,黑龙江省,哈尔滨市,道里区,12路;25路;63路;S12路/商务公交12号线;S2路/商务公交2号线,,0,0,126.561508,45.751015,,,http://map.baidu.com/,,,,,,,,,,,,,,,,,,,,0
16c8c825d06b1a733c9a5e61,丁香公园,交通设施,公交车站,黑龙江省,哈尔滨市,道里区,61路;239路,,0,0,126.581225,45.748682,,,http://map.baidu.com/,,,,,,,,,,,,,,,,,,,,0
ab2c8b8d368a774a15c905c6,兴江路(群力第一大道口),交通设施,公交车站,黑龙江省,哈尔滨市,道里区,12路,,0,0,126.555708,45.74918,,,http://map.baidu.com/,,,,,,,,,,,,,,,,,,,,0
e85c9ff864fbbceda5da393e,群力第一大道(景江路口),交通设施,公交车站,黑龙江省,哈尔滨市,道里区,12路,,0,0,126.56665,45.751894,,,http://map.baidu.com/,,,,,,,,,,,,,,,,,,,,0
fa4ac423221812cf40ab9ad6,友谊西路(兴江路口),交通设施,公交车站,黑龙江省,哈尔滨市,道里区,46路;105路,,0,0,126.556953,45.754422,,,http://map.baidu.com/,,,,,,,,,,,,,,,,,,,,0
f579e419d85fc6291df74def,河松小区,交通设施,公交车站,黑龙江省,哈尔滨市,道里区,92路,,0,0,126.5881,45.754839,,,http://map.baidu.com/,,,,,,,,,,,,,,,,,,,,0
722ada7c1e95ad091df74dbe,上江街(丁香公园)临时终点站,交通设施,公交车站,黑龙江省,哈尔滨市,道里区,116路,,0,0,126.580093,45.752039,,,http://map.baidu.com/,,,,,,,,,,,,,,,,,,,,0
d3f9a19b6d97ce2afea778e3,上江街(丁香公园)临时起点站,交通设施,公交车站,黑龙江省,哈尔滨市,道里区,66路,,0,0,126.580033,45.752269,,,http://map.baidu.com/,,,,,,,,,,,,,,,,,,,,0
986fec1145b5a4392dfaa75d,上江街(群力第一大道口),交通设施,公交车站,黑龙江省,哈尔滨市,道里区,61路;239路,,0,0,126.580067,45.752501,,,http://map.baidu.com/,,,,,,,,,,,,,,,,,,,,0
da1acd9d904f894a9c09f7e7,群力第一大道(上江街口),交通设施,公交车站,黑龙江省,哈尔滨市,道里区,12路,,0,0,126.578344,45.753319,,,http://map.baidu.com/,,,,,,,,,,,,,,,,,,,,0
b33c3af1669e803ca4da3941,群力第一大道(上江街口),交通设施,公交车站,黑龙江省,哈尔滨市,道里区,61路;239路,,0,0,126.581448,45.753915,,,http://map.baidu.com/,,,,,,,,,,,,,,,,,,,,0
2a055cd6b783a17a223bf2cf,兴江路(群力大道口),交通设施,公交车站,黑龙江省,哈尔滨市,道里区,S1路/商务公交1号线,,0,0,126.556542,45.746233,,,http://map.baidu.com/,,,,,,,,,,,,,,,,,,,,0
7ea75caee0a06da354bfff58,友谊西路(丽江路口),交通设施,公交车站,黑龙江省,哈尔滨市,道里区,105路,,0,0,126.545068,45.752801,,,http://map.baidu.com/,,,,,,,,,,,,,,,,,,,,0
0a9193cdfaa783b43a04b1c3,河润街,交通设施,公交车站,黑龙江省,哈尔滨市,道里区,346-2路,,0,0,126.605783,45.761275,,,http://map.baidu.com/,,,,,,,,,,,,,,,,,,,,0
7b52727fafc9f7322efaa7a1,河鼓街,交通设施,公交车站,黑龙江省,哈尔滨市,道里区,12路;14路;22路;61路;65路;66路;77路;84路;85路;97路;116路;125路;128路;131路;201路;239路;363路,,0,0,126.601624,45.759195,,,http://map.baidu.com/,,,,,,,,,,,,,,,,,,,,0
20def1d037939686373a71aa,河洲街,交通设施,公交车站,黑龙江省,哈尔滨市,道里区,126路,,0,0,126.604694,45.766329,,,http://map.baidu.com/,,,,,,,,,,,,,,,,,,,,0
72e92db2146c4620715e8010,安和街,交通设施,公交车站,黑龙江省,哈尔滨市,道里区,9路;15路;17路;20路;25路;43路;46路;61路;79路;113路;114路;116路;127路;131路;132路;206路;239路;348路;S1路/商务公交1号线,,0,0,126.615398,45.763116,,,http://map.baidu.com/,,,,,,,,,,,,,,,,,,,,0
ed14af90d5c0fe6f70455bfb,前进路,交通设施,公交车站,黑龙江省,哈尔滨市,道里区,22路;56路;67路;85路;119路;127路;128路;133路;201路,,0,0,126.604481,45.761385,,,http://map.baidu.com/,,,,,,,,,,,,,,,,,,,,0
3d2e7bdc4c190bbd82288aa4,河梁街,交通设施,公交车站,黑龙江省,哈尔滨市,道里区,80路,,0,0,126.603571,45.762625,,,http://map.baidu.com/,,,,,,,,,,,,,,,,,,,,0
72e60a439d0b4ff7d6b74e6c,前进路,交通设施,公交车站,黑龙江省,哈尔滨市,道里区,14路;56路;66路;67路;84路;85路;119路;128路;133路;201路,,0,0,126.603839,45.761926,,,http://map.baidu.com/,,,,,,,,,,,,,,,,,,,,0
10c06f008c5d31ce4d55470c,河梁街,交通设施,公交车站,黑龙江省,哈尔滨市,道里区,552路,,0,0,126.603048,45.763006,,,http://map.baidu.com/,,,,,,,,,,,,,,,,,,,,0
f4b6519a74fd59214e3a593a,前进路,交通设施,公交车站,黑龙江省,哈尔滨市,道里区,14路;22路;56路;66路;67路;84路;85路;119路;127路;128路;131路;133路;201路,,0,0,126.604268,45.761049,,,http://map.baidu.com/,,,,,,,,,,,,,,,,,,,,0
08037809acaf6da26ca3ccc2,哈药路(河梁街口),交通设施,公交车站,黑龙江省,哈尔滨市,道里区,346-2路;346路;346路万乐支线;机场大巴4号线,,0,0,126.603126,45.763233,,,http://map.baidu.com/,,,,,,,,,,,,,,,,,,,,0
2c3779a596eeba8b15c9057b,哈药路(河梁街口),交通设施,公交车站,黑龙江省,哈尔滨市,道里区,346-2路;346路;346路万乐支线;机场大巴4号线,,0,0,126.60309,45.763052,,,http://map.baidu.com/,,,,,,,,,,,,,,,,,,,,0
befb056742deae013586f4db,哈药路(河梁街口),交通设施,公交车站,黑龙江省,哈尔滨市,道里区,346-2路;346路;346路万乐支线,,0,0,126.603055,45.762872,,,http://map.baidu.com/,,,,,,,,,,,,,,,,,,,,0
b1dfb3cf3d1ccc29a8175aa0,前进路[临时站],交通设施,公交车站,黑龙江省,哈尔滨市,道里区,14路;22路;61路;66路;77路;116路;239路,,0,0,126.604221,45.760489,,,http://map.baidu.com/,,,,,,,,,,,,,,,,,,,,0
8de1bbfc1ecf56dc6068587f,建国街,交通设施,公交车站,黑龙江省,哈尔滨市,道里区,9路;14路;15路;20路;22路;25路;56路;61路;66路;67路;77路;79路;84路;91路;97路;113路;114路;116路;119路;127路;131路;132路;133路;206路;239路;345路;S1路/商务公交1号线,,0,0,126.610306,45.758978,,,http://map.baidu.com/,,,,,,,,,,,,,,,,,,,,0
aafcab657a44fd27eddfcae7,爱建路,交通设施,公交车站,黑龙江省,哈尔滨市,道里区,126路,,0,0,126.608793,45.76831,,,http://map.baidu.com/,,,,,,,,,,,,,,,,,,,,0
b212d99dbffd3fddcafa5f88,安广街,交通设施,公交车站,黑龙江省,哈尔滨市,道里区,9路;61路;79路;89路;113路;114路;116路;131路;132路;239路;S1路/商务公交1号线,,0,0,126.616953,45.766354,,,http://map.baidu.com/,,,,,,,,,,,,,,,,,,,,0
b6b4383f6c649ad24557264a,河梁街,交通设施,公交车站,黑龙江省,哈尔滨市,道里区,56路,,0,0,126.602608,45.763943,,,http://map.baidu.com/,,,,,,,,,,,,,,,,,,,,0
f41d85ab52ae93392ce67be4,安红街,交通设施,公交车站,黑龙江省,哈尔滨市,道里区,5路;5路夜班车;14路;22路;33路;66路;71路;86路;97路;102路;102路夜班车;106路;110路环线;111路环线;133路;383路;S2路/商务公交2号线;S2路区间/商务公交2号线区间;机场大巴1号线;机场大巴3号线,,0,0,126.616051,45.7589,,,http://map.baidu.com/,,,,,,,,,,,,,,,,,,,,0
6ce7a4f59ab3374eca1b952b,前进路,交通设施,公交车站,黑龙江省,哈尔滨市,道里区,84路;131路,,0,0,126.604385,45.760063,,,http://map.baidu.com/,,,,,,,,,,,,,,,,,,,,0
6177f887eb34eeff4e55479e,安发桥,交通设施,公交车站,黑龙江省,哈尔滨市,道里区,17路;22路;25路;33路;43路;46路;71路;86路;89路;127路;206路;348路,,0,0,126.620734,45.762079,,,http://map.baidu.com/,,,,,,,,,,,,,,,,,,,,0
504a55e99ea84dbcd8eced01,新阳路,交通设施,公交车站,黑龙江省,哈尔滨市,道里区,66路;84路;91路;97路;114路;119路,,0,0,126.614458,45.75643,,,http://map.baidu.com/,,,,,,,,,,,,,,,,,,,,0
84e93e25691af613734b87e7,河梁街,交通设施,公交车站,黑龙江省,哈尔滨市,道里区,12路;56路;74路;80路;80路前沙坨子支线;80路王玉村支线;211路;212路;213路;215路;216路;219路;219路[石油学院区间];223路;225路;226路;362路;363路;396路;552路,,0,0,126.602429,45.763476,,,http://map.baidu.com/,,,,,,,,,,,,,,,,,,,,0
942c5a494f3894e7e215f955,安广街,交通设施,公交车站,黑龙江省,哈尔滨市,道里区,9路;89路;114路;116路;131路,,0,0,126.61705,45.766418,,,http://map.baidu.com/,,,,,,,,,,,,,,,,,,,,0
91879726f2601d4db04c495e,阳明街[临时站],交通设施,公交车站,黑龙江省,哈尔滨市,道里区,43路;46路,,0,0,126.605991,45.763066,,,http://map.baidu.com/,,,,,,,,,,,,,,,,,,,,0
05cc1d210020f33a1f389480,安丰街,交通设施,公交车站,黑龙江省,哈尔滨市,道里区,9路;15路;20路;61路;79路;89路;113路;114路;116路;131路;239路;S1路/商务公交1号线,,0,0,126.619345,45.769759,,,http://map.baidu.com/,,,,,,,,,,,,,,,,,,,,0
4ee18f406dd541c1da2f2829,安红街[临时站],交通设施,公交车站,黑龙江省,哈尔滨市,道里区,43路;46路,,0,0,126.609756,45.764216,,,http://map.baidu.com/,,,,,,,,,,,,,,,,,,,,0
06a814d13e314db61f38949b,民安街,交通设施,公交车站,黑龙江省,哈尔滨市,道里区,32路;75路;84路;91路;114路;119路;130路,,0,0,126.619432,45.754412,,,http://map.baidu.com/,,,,,,,,,,,,,,,,,,,,0
9f794f3bd64eb41cdaeced2a,河润街,交通设施,公交车站,黑龙江省,哈尔滨市,道里区,346-2路;346路;346路万乐支线,,0,0,126.605804,45.761264,,,http://map.baidu.com/,,,,,,,,,,,,,,,,,,,,0
6caaf0666bbfae5e0f0a702e,抚顺街,交通设施,公交车站,黑龙江省,哈尔滨市,道里区,17路;22路;25路;32路;33路;43路;46路;71路;75路;83路;84路;86路;89路;91路;112路;127路;130路;206路;348路,,0,0,126.624147,45.760373,,,http://map.baidu.com/,,,,,,,,,,,,,,,,,,,,0
2f316685a412c0e2d3ff23ab,建国街,交通设施,公交车站,黑龙江省,哈尔滨市,道里区,113路;114路;132路,,0,0,126.612117,45.760158,,,http://map.baidu.com/,,,,,,,,,,,,,,,,,,,,0
1a54d9034aa2c982ca2915a7,安隆街,交通设施,公交车站,黑龙江省,哈尔滨市,道里区,24路;53路;89路;126路;132路;136路;356路,,0,0,126.61459,45.77393,,,http://map.baidu.com/,,,,,,,,,,,,,,,,,,,,0
30bc484fe4c6f5f61b94c603,河政小区,交通设施,公交车站,黑龙江省,哈尔滨市,道里区,12路;14路;22路;65路;84路;125路;362路;363路,,0,0,126.601219,45.759166,,,http://map.baidu.com/,,,,,,,,,,,,,,,,,,,,0
a87f0014fcaa6786d42ce243,建国街,交通设施,公交车站,黑龙江省,哈尔滨市,道里区,9路;15路;20路;25路;79路;91路;345路,,0,0,126.60974,45.757673,,,http://map.baidu.com/,,,,,,,,,,,,,,,,,,,,0
1e56d665e85beed75fbe866e,安松街,交通设施,公交车站,黑龙江省,哈尔滨市,道里区,24路;132路;136路,,0,0,126.614247,45.771067,,,http://map.baidu.com/,,,,,,,,,,,,,,,,,,,,0
83144f0206ba42fc8af15d28,北安街,交通设施,公交车站,黑龙江省,哈尔滨市,道里区,5路;5路夜班车;14路;66路;97路;102路;102路夜班车;106路;110路环线;111路环线;130路;133路;383路;S2路/商务公交2号线;S2路区间/商务公交2号线区间,,0,0,126.625337,45.769866,,,http://map.baidu.com/,,,,,,,,,,,,,,,,,,,,0
5f503c7eb6189ebbabf0cdd3,安升街,交通设施,公交车站,黑龙江省,哈尔滨市,道里区,132路,,0,0,126.616401,45.769106,,,http://map.baidu.com/,,,,,,,,,,,,,,,,,,,,0
0afccfd726cb390541d63e2e,河松街,交通设施,公交车站,黑龙江省,哈尔滨市,道里区,12路;14路;61路;66路;78路;86路;91路;92路;116路;239路;S2路/商务公交2号线,,0,0,126.599039,45.754708,,,http://map.baidu.com/,,,,,,,,,,,,,,,,,,,,0
d0555aabb3c36fe5d518b79a,安康街,交通设施,公交车站,黑龙江省,哈尔滨市,道里区,9路,,0,0,126.61679,45.77309,,,http://map.baidu.com/,,,,,,,,,,,,,,,,,,,,0
0ac7a5fd40061d1777026935,安顺街,交通设施,公交车站,黑龙江省,哈尔滨市,道里区,9路;79路;89路,,0,0,126.617818,45.772992,,,http://map.baidu.com/,,,,,,,,,,,,,,,,,,,,0
c2a261c8f2a7783a902ca3f7,抚顺街,交通设施,公交车站,黑龙江省,哈尔滨市,道里区,83路;112路,,0,0,126.625215,45.76089,,,http://map.baidu.com/,,,,,,,,,,,,,,,,,,,,0
bbff49c06538c8b22102207e,前进路[临时站],交通设施,公交车站,黑龙江省,哈尔滨市,道里区,14路;61路;66路;77路;116路;239路,,0,0,126.604491,45.760179,,,http://map.baidu.com/,,,,,,,,,,,,,,,,,,,,0
df25076f348037f608f5ebe4,中心医院,交通设施,公交车站,黑龙江省,哈尔滨市,道里区,5路;5路夜班车;9路;32路;33路;56路;71路;77路;78路;82路;86路;92路;102路;102路夜班车;106路;110路环线;111路环线;128路;130路;236路;345路;363路;383路;391路;S2路/商务公交2号线;S2路区间/商务公交2号线区间;S4路/商务公交4号线;机场大巴1号线;机场大巴3号线,,0,0,126.611193,45.754196,,,http://map.baidu.com/,,,,,,,,,,,,,,,,,,,,0
5db9a4c249fe3bccb35c6a62,经纬校,交通设施,公交车站,黑龙江省,哈尔滨市,道里区,15路;20路;61路;75路;79路;114路;116路;131路;239路;S1路/商务公交1号线,,0,0,126.620774,45.771672,,,http://map.baidu.com/,,,,,,,,,,,,,,,,,,,,0
7b39fe2c48c2934cd3f49e34,工程街,交通设施,公交车站,黑龙江省,哈尔滨市,道里区,1路;9路;13路;23路;24路;67路;75路;79路;105路,,0,0,126.612486,45.778284,,,http://map.baidu.com/,,,,,,,,,,,,,,,,,,,,0
33ce0034fa327a3221022014,安定街,交通设施,公交车站,黑龙江省,哈尔滨市,道里区,89路,,0,0,126.617462,45.771262,,,http://map.baidu.com/,,,,,,,,,,,,,,,,,,,,0
02da61711961ed9ab35c6a17,康安路,交通设施,公交车站,黑龙江省,哈尔滨市,道里区,5路;5路夜班车;33路;56路;71路;86路;102路;102路夜班车;106路;110路环线;111路环线;130路,,0,0,126.604765,45.74758,,,http://map.baidu.com/,,,,,,,,,,,,,,,,,,,,0
3766a34a4eae49981df74d0f,瓦街,交通设施,公交车站,黑龙江省,哈尔滨市,南岗区,73路;127路,,0,0,126.628546,45.752324,,,http://map.baidu.com/,,,,,,,,,,,,,,,,,,,,0
a134be200c1152a3e6e965db,安隆街,交通设施,公交车站,黑龙江省,哈尔滨市,道里区,132路;136路;356路,,0,0,126.614141,45.773513,,,http://map.baidu.com/,,,,,,,,,,,,,,,,,,,,0
6794d05f122f0ac1a6da397a,经纬街,交通设施,公交车站,黑龙江省,哈尔滨市,道里区,2路;14路;21路;105路;110路环线;130路;133路;S4路/商务公交4号线,,0,0,126.626939,45.771167,,,http://map.baidu.com/,,,,,,,,,,,,,,,,,,,,0
b2b55a98ffc1239435b06c58,河山街,交通设施,公交车站,黑龙江省,哈尔滨市,道里区,12路;61路;66路;86路;91路;92路;93路;97路;116路;117路;131路;206路;237路;239路;S2路/商务公交2号线,,0,0,126.59064,45.752615,,,http://map.baidu.com/,,,,,,,,,,,,,,,,,,,,0
a48d59523fe5b06e3c9a5ecc,工部街,交通设施,公交车站,黑龙江省,哈尔滨市,道里区,21路,,0,0,126.610576,45.778178,,,http://map.baidu.com/,,,,,,,,,,,,,,,,,,,,0
9ff6b985d857278d4d2fdfb3,经纬十一道街,交通设施,公交车站,黑龙江省,哈尔滨市,道里区,24路;53路;126路,,0,0,126.612257,45.77472,,,http://map.baidu.com/,,,,,,,,,,,,,,,,,,,,0
883df239f8bbc5ec4151c02c,安隆街,交通设施,公交车站,黑龙江省,哈尔滨市,道里区,24路;53路;126路;132路;136路,,0,0,126.61424,45.773747,,,http://map.baidu.com/,,,,,,,,,,,,,,,,,,,,0
e6a421d2cd10b497583ac805,高谊街,交通设施,公交车站,黑龙江省,哈尔滨市,道里区,1路;2路;9路;13路;21路;42路;47路;53路;75路;79路;105路;114路;126路;132路;136路,,0,0,126.61862,45.778713,,,http://map.baidu.com/,,,,,,,,,,,,,,,,,,,,0
7714152385823b1435b06cb0,钢铁街,交通设施,公交车站,黑龙江省,哈尔滨市,道里区,65路;77路;78路;84路;85路;97路;125路;131路;206路,,0,0,126.597561,45.751834,,,http://map.baidu.com/,,,,,,,,,,,,,,,,,,,,0
28ef8cc984ef81ebc36c14ce,民众街,交通设施,公交车站,黑龙江省,哈尔滨市,道里区,363路;391路,,0,0,126.615249,45.749962,,,http://map.baidu.com/,,,,,,,,,,,,,,,,,,,,0
3112fa1064251046c52ba1d3,经纬街(中央大街),交通设施,公交车站,黑龙江省,哈尔滨市,道里区,5路;5路夜班车;14路;21路;75路;83路;97路;102路;102路夜班车;105路;106路;111路环线;133路;206路;383路;S2路/商务公交2号线;S2路区间/商务公交2号线区间;S4路/商务公交4号线,,0,0,126.627487,45.772834,,,http://map.baidu.com/,,,,,,,,,,,,,,,,,,,,0
1d3ea2870f04bd5543e19237,武警医院,交通设施,公交车站,黑龙江省,哈尔滨市,道里区,63路;110路环线;111路环线;117路;124路;237路,,0,0,126.605837,45.745419,,,http://map.baidu.com/,,,,,,,,,,,,,,,,,,,,0
ec0e0e2ca30b4460724b87f4,瓦街,交通设施,公交车站,黑龙江省,哈尔滨市,南岗区,73路;127路,,0,0,126.628546,45.752324,,,http://map.baidu.com/,,,,,,,,,,,,,,,,,,,,0
8d972a4e7a1131be95f08cce,东风街,交通设施,公交车站,黑龙江省,哈尔滨市,道里区,2路;9路;13路;42路;47路;114路;126路;132路;136路,,0,0,126.619405,45.777871,,,http://map.baidu.com/,,,,,,,,,,,,,,,,,,,,0
c346bda5fa9169458715411b,红专街,交通设施,公交车站,黑龙江省,哈尔滨市,道里区,67路,,0,0,126.618016,45.777841,,,http://map.baidu.com/,,,,,,,,,,,,,,,,,,,,0
a43644c0c3f1f1f861685881,博物馆,交通设施,公交车站,黑龙江省,哈尔滨市,南岗区,2路;2路夜班车;6路;6路夜班车;7路;8路;13路;14路;16路;18路;21路;28路;32路;33路;42路;46路;47路;52路;64路;74路;81路;89路;94路;94路区间;101路;103路;108路;109路;115路;133路;383路;386路;S2路/商务公交2号线;S2路区间/商务公交2号线区间;S4路/商务公交4号线,,0,0,126.648636,45.76346,,,http://map.baidu.com/,,,,,,,,,,,,,,,,,,,,0
54bd7fbc7f28c2d58405bf55,省博览中心,交通设施,公交车站,黑龙江省,哈尔滨市,南岗区,10路;11路;11路夜班车;16路;31路;33路;44路;46路;55路;63路;81路;82路;86路;92路;104路;104路夜班车;107路;110路环线;111路环线;112路;118路;119路;120路;236路;267路,,0,0,126.647354,45.760875,,,http://map.baidu.com/,,,,,,,,,,,,,,,,,,,,0
befa6a2dc8f9fde6ad080fb4,建设街,交通设施,公交车站,黑龙江省,哈尔滨市,南岗区,73路;115路,,0,0,126.648543,45.765293,,,http://map.baidu.com/,,,,,,,,,,,,,,,,,,,,0
906b44fc0e4b738515b54b31,北方剧场,交通设施,公交车站,黑龙江省,哈尔滨市,南岗区,32路,,0,0,126.646373,45.762083,,,http://map.baidu.com/,,,,,,,,,,,,,,,,,,,,0
6b3e3ef82cb2da9dd72ce213,北方剧场,交通设施,公交车站,黑龙江省,哈尔滨市,南岗区,32路,,0,0,126.646373,45.762083,,,http://map.baidu.com/,,,,,,,,,,,,,,,,,,,,0
0b1f957ebd49c1e2c1f1cf50,哈铁路局,交通设施,公交车站,黑龙江省,哈尔滨市,南岗区,10路;11路;11路夜班车;31路;33路;44路;46路;55路;63路;64路;81路;82路;86路;92路;94路;94路区间;104路;104路夜班车;107路;110路环线;111路环线;112路;119路;236路,,0,0,126.643154,45.758036,,,http://map.baidu.com/,,,,,,,,,,,,,,,,,,,,0
c9f3486a807e2a65b04c4970,工人文化宫,交通设施,公交车站,黑龙江省,哈尔滨市,南岗区,2路;2路夜班车;17路;21路;28路;52路;62路;82路;86路;101路;103路;108路;109路;115路;121路;267路;S2路/商务公交2号线;S4路/商务公交4号线,,0,0,126.6584,45.756652,,,http://map.baidu.com/,,,,,,,,,,,,,,,,,,,,0
226077c200ff00eda0d23029,哈站[机场巴士站],交通设施,公交车站,黑龙江省,哈尔滨市,南岗区,89路;267路;机场大巴1号线;机场大巴快线,,0,0,126.640406,45.765524,,,http://map.baidu.com/,,,,,,,,,,,,,,,,,,,,0
a0f36cac33c9d547b9df8fe8,革新街,交通设施,公交车站,黑龙江省,哈尔滨市,南岗区,7路;8路;17路;18路;62路;63路;87路;109路;121路;202路;267路;386路,,0,0,126.666091,45.757463,,,http://map.baidu.com/,,,,,,,,,,,,,,,,,,,,0
869564b949e09ae012293502,人和街,交通设施,公交车站,黑龙江省,哈尔滨市,南岗区,87路;92路,,0,0,126.663851,45.761587,,,http://map.baidu.com/,,,,,,,,,,,,,,,,,,,,0
713dc8383634cee5c356ac03,烈士馆,交通设施,公交车站,黑龙江省,哈尔滨市,南岗区,105路,,0,0,126.651293,45.772067,,,http://map.baidu.com/,,,,,,,,,,,,,,,,,,,,0
5157f382b6f2d35bac31e53e,发电厂,交通设施,公交车站,黑龙江省,哈尔滨市,南岗区,16路;236路,,0,0,126.656745,45.750399,,,http://map.baidu.com/,,,,,,,,,,,,,,,,,,,,0
213ab26c44b192c617c8f6c2,宣化街,交通设施,公交车站,黑龙江省,哈尔滨市,南岗区,3路;7路;8路;17路;25路;30路;37路;60路;63路;72路;84路;86路;93路;112路;267路;376路;386路,,0,0,126.673084,45.755953,,,http://map.baidu.com/,,,,,,,,,,,,,,,,,,,,0
e7896df8d847e2c09f09f705,文库街,交通设施,公交车站,黑龙江省,哈尔滨市,南岗区,22路;25路;84路;90路;93路;120路;121路;348路,,0,0,126.650409,45.745491,,,http://map.baidu.com/,,,,,,,,,,,,,,,,,,,,0
ba67ab0322884e72a20464ee,文明街,交通设施,公交车站,黑龙江省,哈尔滨市,南岗区,267路,,0,0,126.65718,45.751987,,,http://map.baidu.com/,,,,,,,,,,,,,,,,,,,,0
d72c2edb5cd9e7936d20b902,革新街,交通设施,公交车站,黑龙江省,哈尔滨市,南岗区,267路,,0,0,126.665635,45.757275,,,http://map.baidu.com/,,,,,,,,,,,,,,,,,,,,0
d834ef2cf5c749e0d4851f68,花园街,交通设施,公交车站,黑龙江省,哈尔滨市,南岗区,202路,,0,0,126.664787,45.77255,,,http://map.baidu.com/,,,,,,,,,,,,,,,,,,,,0
a444d5887732c231cc06a4f1,文明街,交通设施,公交车站,黑龙江省,哈尔滨市,南岗区,17路;62路;71路;82路;109路;112路;121路;267路;S1路/商务公交1号线,,0,0,126.657478,45.751794,,,http://map.baidu.com/,,,,,,,,,,,,,,,,,,,,0
0c98e65f8554ec68a8175a94,理治街,交通设施,公交车站,黑龙江省,哈尔滨市,南岗区,3路;17路;30路;60路;63路;93路,,0,0,126.673934,45.759128,,,http://map.baidu.com/,,,,,,,,,,,,,,,,,,,,0
4c880acfe35c00e1b42655f0,芦家街,交通设施,公交车站,黑龙江省,哈尔滨市,南岗区,87路;89路;92路,,0,0,126.667373,45.76362,,,http://map.baidu.com/,,,,,,,,,,,,,,,,,,,,0
58a5bf8e4cbf64e99e82ea74,大成街,交通设施,公交车站,黑龙江省,哈尔滨市,南岗区,3路;8路;13路;23路;30路;31路;37路;44路;60路;72路;87路;89路;91路;92路;93路,,0,0,126.673785,45.766078,,,http://map.baidu.com/,,,,,,,,,,,,,,,,,,,,0
2dabe003f58d0285c1f1cfc1,医大一院,交通设施,公交车站,黑龙江省,哈尔滨市,南岗区,6路;6路夜班车;10路;13路;14路;31路;33路;44路;46路;55路;73路;74路;89路;104路;104路夜班车;105路;115路,,0,0,126.659228,45.772186,,,http://map.baidu.com/,,,,,,,,,,,,,,,,,,,,0
c443a4a4c4d29a98bb17e72a,文府街,交通设施,公交车站,黑龙江省,哈尔滨市,南岗区,18路;25路;71路;87路;S1路/商务公交1号线,,0,0,126.663706,45.74825,,,http://map.baidu.com/,,,,,,,,,,,,,,,,,,,,0
88ab1b5cbaefcdab3a04b178,文景街,交通设施,公交车站,黑龙江省,哈尔滨市,南岗区,16路;109路;121路;236路,,0,0,126.656404,45.746852,,,http://map.baidu.com/,,,,,,,,,,,,,,,,,,,,0
4ba2e7af414a9bff223bf2a7,中和街,交通设施,公交车站,黑龙江省,哈尔滨市,南岗区,89路;92路,,0,0,126.66838,45.765811,,,http://map.baidu.com/,,,,,,,,,,,,,,,,,,,,0
bdbc851ea8a6e39141e1923f,文昌街,交通设施,公交车站,黑龙江省,哈尔滨市,南岗区,2路;2路夜班车;21路;28路;52路;82路;84路;86路;93路;101路;103路;108路;115路;376路;S2路/商务公交2号线;S4路/商务公交4号线,,0,0,126.666591,45.75109,,,http://map.baidu.com/,,,,,,,,,,,,,,,,,,,,0
b0c08766da1a7fd826e0a0c8,建筑艺术广场,交通设施,公交车站,黑龙江省,哈尔滨市,道里区,2路;5路;5路夜班车;8路;13路;23路;28路;29路;42路;47路;52路;74路;116路;130路;201路;206路;S11路/商务公交11号线,,0,0,126.633837,45.775544,,,http://map.baidu.com/,,,,,,,,,,,,,,,,,,,,0
d2a8cca9ad2e8a57f3193702,辽阳街,交通设施,公交车站,黑龙江省,哈尔滨市,南岗区,89路,,0,0,126.66275,45.770836,,,http://map.baidu.com/,,,,,,,,,,,,,,,,,,,,0
3e2590d8eb3be400d02dd67b,南马路,交通设施,公交车站,黑龙江省,哈尔滨市,道外区,1路;4路;5路;5路夜班车;19路;28路;53路;61路;65路;107路;108路;109路;113路;114路;120路;130路;132路;136路;205路;388路,,0,0,126.646637,45.780377,,,http://map.baidu.com/,,,,,,,,,,,,,,,,,,,,0
7c3616ba1193c707bea240ab,省档案馆,交通设施,公交车站,黑龙江省,哈尔滨市,南岗区,7路;8路;18路;63路;87路;202路;267路;386路,,0,0,126.669336,45.755389,,,http://map.baidu.com/,,,,,,,,,,,,,,,,,,,,0
bdde158860b420554c6d468b,南极市场,交通设施,公交车站,黑龙江省,哈尔滨市,道外区,7路;23路;36路;56路;66路;91路;97路;106路;113路;116路;132路;136路;201路;机场大巴3号线,,0,0,126.651057,45.778339,,,http://map.baidu.com/,,,,,,,,,,,,,,,,,,,,0
c8b95bf20b465d7c6cc02cb1,宽城街,交通设施,公交车站,黑龙江省,哈尔滨市,南岗区,5路;5路夜班车;23路;26路;40路;60路;113路;136路;201路;202路,,0,0,126.67227,45.771864,,,http://map.baidu.com/,,,,,,,,,,,,,,,,,,,,0
f5ad98409766828472210b83,文明街,交通设施,公交车站,黑龙江省,哈尔滨市,南岗区,17路;62路;82路;109路;121路,,0,0,126.657024,45.751891,,,http://map.baidu.com/,,,,,,,,,,,,,,,,,,,,0
29a751db607d880dede4a5d1,烟厂,交通设施,公交车站,黑龙江省,哈尔滨市,南岗区,3路;6路;6路夜班车;10路;14路;33路;37路;46路;53路;55路;66路;72路;73路;74路;91路;104路;104路夜班车;105路;115路;S2路区间/商务公交2号线区间,,0,0,126.663674,45.775833,,,http://map.baidu.com/,,,,,,,,,,,,,,,,,,,,0
d5a3a1bb3dad449d5e17c3d6,宣德街,交通设施,公交车站,黑龙江省,哈尔滨市,南岗区,62路;121路;202路,,0,0,126.671066,45.760506,,,http://map.baidu.com/,,,,,,,,,,,,,,,,,,,,0
d6aca521ffd171b4e4073802,哈工大第二学区,交通设施,公交车站,黑龙江省,哈尔滨市,南岗区,27路;70路;70路早晚高峰;82路;84路;89路;91路;267路;268路;376路;386路,,0,0,126.694597,45.760864,,,http://map.baidu.com/,,,,,,,,,,,,,,,,,,,,0
c1fb6a1a594e060eca09f052,中植方洲苑小区,交通设施,公交车站,黑龙江省,哈尔滨市,南岗区,201路,,0,0,126.691568,45.766871,,,http://map.baidu.com/,,,,,,,,,,,,,,,,,,,,0
bf44fabfb33fcddec056aca4,辽河小区,交通设施,公交车站,黑龙江省,哈尔滨市,道外区,5路;5路夜班车;25路;31路;44路;70路;70路早晚高峰;82路;84路;201路;268路,,0,0,126.694102,45.767991,,,http://map.baidu.com/,,,,,,,,,,,,,,,,,,,,0
4b09252a091e6f4cfbdc850a,建工新区小区,交通设施,公交车站,黑龙江省,哈尔滨市,南岗区,63路,,0,0,126.687337,45.763505,,,http://map.baidu.com/,,,,,,,,,,,,,,,,,,,,0
f480647c0d42995d40ab9a39,中植方洲苑小区,交通设施,公交车站,黑龙江省,哈尔滨市,南岗区,201路,,0,0,126.691663,45.76677,,,http://map.baidu.com/,,,,,,,,,,,,,,,,,,,,0
970bd559e43991b4932ca325,建工新区小区,交通设施,公交车站,黑龙江省,哈尔滨市,南岗区,63路,,0,0,126.687337,45.763505,,,http://map.baidu.com/,,,,,,,,,,,,,,,,,,,,0
3fa1a71ab09820e14f6d460c,玉山路,交通设施,公交车站,黑龙江省,哈尔滨市,南岗区,7路;24路;40路;52路;68路区间/235路;71路;112路;209路;234路,,0,0,126.692835,45.755833,,,http://map.baidu.com/,,,,,,,,,,,,,,,,,,,,0
7b2256b220c25fd834b06c5d,黄河路,交通设施,公交车站,黑龙江省,哈尔滨市,南岗区,23路;27路;84路;86路;89路;91路;267路;376路;386路,,0,0,126.684902,45.75938,,,http://map.baidu.com/,,,,,,,,,,,,,,,,,,,,0
15f49b5c482699be33169b44,宣庆小区,交通设施,公交车站,黑龙江省,哈尔滨市,南岗区,27路;84路;267路;376路;386路,,0,0,126.688305,45.75965,,,http://map.baidu.com/,,,,,,,,,,,,,,,,,,,,0
b370976100598762d72ce290,龙塔,交通设施,公交车站,黑龙江省,哈尔滨市,南岗区,7路;24路;52路;68路区间/235路;71路;112路;209路;234路;S4路/商务公交4号线,,0,0,126.685686,45.755145,,,http://map.baidu.com/,,,,,,,,,,,,,,,,,,,,0
9214f85fc5d17cbb97031942,中植方洲苑小区,交通设施,公交车站,黑龙江省,哈尔滨市,南岗区,8路;25路;93路;201路;205路,,0,0,126.689944,45.768679,,,http://map.baidu.com/,,,,,,,,,,,,,,,,,,,,0
cd473c1bb253fd328bf15d5a,哈体育学院,交通设施,公交车站,黑龙江省,哈尔滨市,南岗区,40路;63路;366路,,0,0,126.686504,45.767094,,,http://map.baidu.com/,,,,,,,,,,,,,,,,,,,,0
4674df710f1d820df60e7750,淮河路,交通设施,公交车站,黑龙江省,哈尔滨市,南岗区,5路;5路夜班车;25路;31路;44路;51路;58路;76路;82路;84路;201路,,0,0,126.701636,45.768256,,,http://map.baidu.com/,,,,,,,,,,,,,,,,,,,,0
81c68606a8a3d4bffb22135a,辽河路,交通设施,公交车站,黑龙江省,哈尔滨市,道外区,8路;26路;82路;93路;205路,,0,0,126.698322,45.770426,,,http://map.baidu.com/,,,,,,,,,,,,,,,,,,,,0
673b04b6a8e5fb8216a190c2,哈尔滨体育学院,交通设施,公交车站,黑龙江省,哈尔滨市,南岗区,40路;63路;366路,,0,0,126.686539,45.76716,,,http://map.baidu.com/,,,,,,,,,,,,,,,,,,,,0
a795ff48bf16bdad364aae6c,会展中心[机场巴士站],交通设施,公交车站,黑龙江省,哈尔滨市,南岗区,机场大巴2号线,,0,0,126.702645,45.75969,,,http://map.baidu.com/,,,,,,,,,,,,,,,,,,,,0
18436a2f3c197787ad080f06,会展中心,交通设施,公交车站,黑龙江省,哈尔滨市,南岗区,8路;26路;40路;51路;52路;58路;61路;68路;68路区间/235路;71路;74路;76路;90路;91路;201路;203路;209路;234路;266路;267路;376路;553路;603路;S4路/商务公交4号线;机场大巴2号线,,0,0,126.70416,45.758788,,,http://map.baidu.com/,,,,,,,,,,,,,,,,,,,,0
213ab26c44b192c617c8f6c2,宣化街,交通设施,公交车站,黑龙江省,哈尔滨市,南岗区,3路;7路;8路;17路;25路;30路;37路;60路;63路;72路;84路;86路;93路;112路;267路;376路;386路,,0,0,126.673084,45.755953,,,http://map.baidu.com/,,,,,,,,,,,,,,,,,,,,0
0c98e65f8554ec68a8175a94,理治街,交通设施,公交车站,黑龙江省,哈尔滨市,南岗区,3路;17路;30路;60路;63路;93路,,0,0,126.673934,45.759128,,,http://map.baidu.com/,,,,,,,,,,,,,,,,,,,,0
e1e35ffd51e6379ec9e33c38,嵩山小区,交通设施,公交车站,黑龙江省,哈尔滨市,南岗区,5路;5路夜班车;13路;26路;31路;33路;44路;46路;62路;70路;70路早晚高峰;113路;136路;366路,,0,0,126.691066,45.772271,,,http://map.baidu.com/,,,,,,,,,,,,,,,,,,,,0
0dc7ba4c5e147d5981a12ec1,九三集团,交通设施,公交车站,黑龙江省,哈尔滨市,南岗区,8路;24路;26路;51路;58路;74路;76路;90路;91路;201路;203路;266路;267路,,0,0,126.702887,45.754897,,,http://map.baidu.com/,,,,,,,,,,,,,,,,,,,,0
7b3cd298f61048484d2fdfe9,哈体育学院,交通设施,公交车站,黑龙江省,哈尔滨市,南岗区,8路;24路;25路;62路;91路;93路;205路,,0,0,126.682184,45.765226,,,http://map.baidu.com/,,,,,,,,,,,,,,,,,,,,0
c7d6c5a1b09d7e46d8131873,南直路,交通设施,公交车站,黑龙江省,哈尔滨市,道外区,5路;5路夜班车;31路;44路;51路;58路;71路;76路;84路;113路;136路;201路,,0,0,126.712503,45.770394,,,http://map.baidu.com/,,,,,,,,,,,,,,,,,,,,0
db638bb168540614047ce8a5,湘江路,交通设施,公交车站,黑龙江省,哈尔滨市,南岗区,7路;21路;23路;34路;112路;S2路/商务公交2号线,,0,0,126.697142,45.748766,,,http://map.baidu.com/,,,,,,,,,,,,,,,,,,,,0
729b285bd60fab4c57bfffbc,湘江路,交通设施,公交车站,黑龙江省,哈尔滨市,南岗区,7路;21路;23路;34路;112路;S2路/商务公交2号线,,0,0,126.697142,45.748766,,,http://map.baidu.com/,,,,,,,,,,,,,,,,,,,,0
58a5bf8e4cbf64e99e82ea74,大成街,交通设施,公交车站,黑龙江省,哈尔滨市,南岗区,3路;8路;13路;23路;30路;31路;37路;44路;60路;72路;87路;89路;91路;92路;93路,,0,0,126.673785,45.766078,,,http://map.baidu.com/,,,,,,,,,,,,,,,,,,,,0
43a895dce1b94802705e8034,宣庆街,交通设施,公交车站,黑龙江省,哈尔滨市,南岗区,84路,,0,0,126.680188,45.758872,,,http://map.baidu.com/,,,,,,,,,,,,,,,,,,,,0
b44d37c26ff2e4ba8d772779,市二院,交通设施,公交车站,黑龙江省,哈尔滨市,道外区,13路,,0,0,126.705906,45.776354,,,http://map.baidu.com/,,,,,,,,,,,,,,,,,,,,0
92bae52891ff2b4ed92f28c9,闽江路,交通设施,公交车站,黑龙江省,哈尔滨市,南岗区,16路;91路;201路,,0,0,126.709348,45.753229,,,http://map.baidu.com/,,,,,,,,,,,,,,,,,,,,0
23d5533f1896dd3efe0eb0ca,市二院,交通设施,公交车站,黑龙江省,哈尔滨市,道外区,27路;33路;55路;74路;76路;93路;268路;367路,,0,0,126.70551,45.777849,,,http://map.baidu.com/,,,,,,,,,,,,,,,,,,,,0
c81f1e0d0759af7762685855,泰山路,交通设施,公交车站,黑龙江省,哈尔滨市,香坊区,201路,,0,0,126.704517,45.747794,,,http://map.baidu.com/,,,,,,,,,,,,,,,,,,,,0
4ba2e7af414a9bff223bf2a7,中和街,交通设施,公交车站,黑龙江省,哈尔滨市,南岗区,89路;92路,,0,0,126.66838,45.765811,,,http://map.baidu.com/,,,,,,,,,,,,,,,,,,,,0
4dbf936078a482c497ec849a,先锋小区,交通设施,公交车站,黑龙江省,哈尔滨市,南岗区,5路;5路夜班车;13路;24路;26路;31路;33路;44路;46路;62路;70路;70路早晚高峰;113路;136路,,0,0,126.682142,45.770981,,,http://map.baidu.com/,,,,,,,,,,,,,,,,,,,,0
82223850c4afd421bb17e7e5,闽江小区,交通设施,公交车站,黑龙江省,哈尔滨市,南岗区,8路;24路;68路;91路;201路,,0,0,126.707722,45.753464,,,http://map.baidu.com/,,,,,,,,,,,,,,,,,,,,0
4c880acfe35c00e1b42655f0,芦家街,交通设施,公交车站,黑龙江省,哈尔滨市,南岗区,87路;89路;92路,,0,0,126.667373,45.76362,,,http://map.baidu.com/,,,,,,,,,,,,,,,,,,,,0
a6cca510234f17787dc8768b,红旗小区,交通设施,公交车站,黑龙江省,哈尔滨市,道外区,5路;5路夜班车;25路;31路;44路;51路;58路;71路;76路;82路;84路;201路,,0,0,126.707749,45.769108,,,http://map.baidu.com/,,,,,,,,,,,,,,,,,,,,0
148f55f47b3f9fd095ca073a,红平小区,交通设施,公交车站,黑龙江省,哈尔滨市,道外区,14路;61路;73路;89路;90路;203路;205路;266路;357路;365路;366路,,0,0,126.697532,45.779899,,,http://map.baidu.com/,,,,,,,,,,,,,,,,,,,,0
aaa9b788eb646f63a5da3947,省人才市场,交通设施,公交车站,黑龙江省,哈尔滨市,南岗区,7路;17路;24路;27路;52路;68路区间/235路;71路;72路;112路;205路;234路;S4路/商务公交4号线,,0,0,126.679778,45.754362,,,http://map.baidu.com/,,,,,,,,,,,,,,,,,,,,0
d137b63d82e6b2782afc4831,市二院,交通设施,公交车站,黑龙江省,哈尔滨市,道外区,13路;27路;33路;55路;74路;76路;93路;268路;367路,,0,0,126.705593,45.777379,,,http://map.baidu.com/,,,,,,,,,,,,,,,,,,,,0
6dc7042ee59fd992eb12e4d6,香坊万达广场,交通设施,公交车站,黑龙江省,哈尔滨市,香坊区,17路;27路;34路;72路;74路;203路;205路;209路;366路;S2路/商务公交2号线,,0,0,126.685496,45.746354,,,http://map.baidu.com/,,,,,,,,,,,,,,,,,,,,0
c8b95bf20b465d7c6cc02cb1,宽城街,交通设施,公交车站,黑龙江省,哈尔滨市,南岗区,5路;5路夜班车;23路;26路;40路;60路;113路;136路;201路;202路,,0,0,126.67227,45.771864,,,http://map.baidu.com/,,,,,,,,,,,,,,,,,,,,0
224f78a165df78a85a109301,泰山小区,交通设施,公交车站,黑龙江省,哈尔滨市,南岗区,16路;24路;68路;91路;201路,,0,0,126.709162,45.751982,,,http://map.baidu.com/,,,,,,,,,,,,,,,,,,,,0
af8cec1fd42e1fe075e5b636,创业中心,交通设施,公交车站,黑龙江省,哈尔滨市,南岗区,21路;23路;34路;70路;70路早晚高峰;74路;82路;86路;112路;203路,,0,0,126.695502,45.746747,,,http://map.baidu.com/,,,,,,,,,,,,,,,,,,,,0
af52685cb0d804f87f29bdec,泰山路,交通设施,公交车站,黑龙江省,哈尔滨市,香坊区,201路,,0,0,126.704518,45.747834,,,http://map.baidu.com/,,,,,,,,,,,,,,,,,,,,0
bb20497a35254ebe774ff1d7,新吉商城,交通设施,公交车站,黑龙江省,哈尔滨市,南岗区,121路;202路,,0,0,126.672056,45.765656,,,http://map.baidu.com/,,,,,,,,,,,,,,,,,,,,0
e2d48f9278f4a66d8c1a898d,天木小区,交通设施,公交车站,黑龙江省,哈尔滨市,道外区,82路,,0,0,126.712289,45.769777,,,http://map.baidu.com/,,,,,,,,,,,,,,,,,,,,0
6cb6463a996927a041ab9a36,鸿翔路,交通设施,公交车站,黑龙江省,哈尔滨市,南岗区,27路;72路;203路;205路;209路,,0,0,126.680091,45.748583,,,http://map.baidu.com/,,,,,,,,,,,,,,,,,,,,0
b649d50087b08c99dc1e526b,闽江路,交通设施,公交车站,黑龙江省,哈尔滨市,南岗区,91路;201路,,0,0,126.706691,45.75353,,,http://map.baidu.com/,,,,,,,,,,,,,,,,,,,,0
af58bef96e032ad15dd4fe9f,马端街,交通设施,公交车站,黑龙江省,哈尔滨市,南岗区,8路;25路;63路;93路;205路,,0,0,126.678654,45.769009,,,http://map.baidu.com/,,,,,,,,,,,,,,,,,,,,0
6a97f97a0155167208ccdd18,宣礼街,交通设施,公交车站,黑龙江省,哈尔滨市,南岗区,24路;205路,,0,0,126.676983,45.757829,,,http://map.baidu.com/,,,,,,,,,,,,,,,,,,,,0
89673476c2318ec4da2f2853,张家店,交通设施,公交车站,黑龙江省,哈尔滨市,道外区,206路;367路,,0,0,126.739939,45.763379,,,http://map.baidu.com/,,,,,,,,,,,,,,,,,,,,0
698968090afd72c6ad31e55f,长江路(化工路口)[路中站],交通设施,公交车站,黑龙江省,哈尔滨市,香坊区,40路;52路;68路区间/235路;234路;268路;603路,,0,0,126.740626,45.761645,,,http://map.baidu.com/,,,,,,,,,,,,,,,,,,,,0
fcf96d07c2c26cf6e40738c2,长江路(化工路口)[路中站],交通设施,公交车站,黑龙江省,哈尔滨市,香坊区,40路;52路;68路区间/235路;234路;268路;603路,,0,0,126.739496,45.76162,,,http://map.baidu.com/,,,,,,,,,,,,,,,,,,,,0
0adf14fa1552b41407026f3f,长江路(化工路口)[路中站],交通设施,公交车站,黑龙江省,哈尔滨市,香坊区,40路;52路;68路区间/235路;234路;268路;603路,,0,0,126.741191,45.761657,,,http://map.baidu.com/,,,,,,,,,,,,,,,,,,,,0
333b679ea6ace3a80b69d98e,化工五厂,交通设施,公交车站,黑龙江省,哈尔滨市,道外区,206路;367路,,0,0,126.738977,45.767222,,,http://map.baidu.com/,,,,,,,,,,,,,,,,,,,,0
ef2b078513e7300b1d5800e3,会展中心公交换乘枢纽站,交通设施,公交车站,黑龙江省,哈尔滨市,南岗区,5路;5路夜班车;8路;14路,,0,0,126.715824,45.761569,,,http://map.baidu.com/,,,,,,,,,,,,,,,,,,,,0
00e7ca3c120f9ffe5d17c34f,长江路(农大北门)[路中站],交通设施,公交车站,黑龙江省,哈尔滨市,香坊区,40路;52路;68路区间/235路;234路;268路,,0,0,126.732567,45.760738,,,http://map.baidu.com/,,,,,,,,,,,,,,,,,,,,0
b4f47cc29f63b6ba0c0a70f2,化工热电厂,交通设施,公交车站,黑龙江省,哈尔滨市,香坊区,206路;367路,,0,0,126.741465,45.757259,,,http://map.baidu.com/,,,,,,,,,,,,,,,,,,,,0
f6f5e1200e715df3abf7294c,化工六厂,交通设施,公交车站,黑龙江省,哈尔滨市,道外区,206路;367路,,0,0,126.738106,45.770692,,,http://map.baidu.com/,,,,,,,,,,,,,,,,,,,,0
bb618c4cf1dc2e5dd3f49e4c,长江路,交通设施,公交车站,黑龙江省,哈尔滨市,南岗区,61路;68路;78路,,0,0,126.722295,45.759617,,,http://map.baidu.com/,,,,,,,,,,,,,,,,,,,,0
ef20eae5ff69b1c648cc4a21,泰鑫国典公交首末站,交通设施,公交车站,黑龙江省,哈尔滨市,香坊区,16路;99路,,0,0,126.721103,45.749749,,,http://map.baidu.com/,,,,,,,,,,,,,,,,,,,,0
15fbab9a36dfc9f45b10939d,哈油漆厂,交通设施,公交车站,黑龙江省,哈尔滨市,道外区,19路;62路;77路;113路;136路;206路;357路;367路;386路,,0,0,126.736165,45.778334,,,http://map.baidu.com/,,,,,,,,,,,,,,,,,,,,0
ade5c1ca058ae10b095cb33b,化工二厂,交通设施,公交车站,黑龙江省,哈尔滨市,香坊区,206路;367路,,0,0,126.742382,45.753602,,,http://map.baidu.com/,,,,,,,,,,,,,,,,,,,,0
c7d6c5a1b09d7e46d8131873,南直路,交通设施,公交车站,黑龙江省,哈尔滨市,道外区,5路;5路夜班车;31路;44路;51路;58路;71路;76路;84路;113路;136路;201路,,0,0,126.712503,45.770394,,,http://map.baidu.com/,,,,,,,,,,,,,,,,,,,,0
98c36e25cc42a521a2d230a9,和平小区,交通设施,公交车站,黑龙江省,哈尔滨市,道外区,25路,,0,0,126.712333,45.769864,,,http://map.baidu.com/,,,,,,,,,,,,,,,,,,,,0
fe12adc6064d8d3a931fc9c2,信恒古玩城,交通设施,公交车站,黑龙江省,哈尔滨市,南岗区,5路;5路夜班车;14路;201路;209路,,0,0,126.71545,45.764741,,,http://map.baidu.com/,,,,,,,,,,,,,,,,,,,,0
66dd13390572ed59a8059d94,油漆厂,交通设施,公交车站,黑龙江省,哈尔滨市,道外区,58路;73路,,0,0,126.737621,45.778416,,,http://map.baidu.com/,,,,,,,,,,,,,,,,,,,,0
e3264de9d1537643744ff13d,油漆厂,交通设施,公交车站,黑龙江省,哈尔滨市,道外区,58路;73路,,0,0,126.737621,45.778416,,,http://map.baidu.com/,,,,,,,,,,,,,,,,,,,,0
2ed665e61e920b30354aaef3,长江路(南直路口)[路中站],交通设施,公交车站,黑龙江省,哈尔滨市,南岗区,8路;53路;77路;116路;365路,,0,0,126.717071,45.759584,,,http://map.baidu.com/,,,,,,,,,,,,,,,,,,,,0
03ce9914cfd539aab817e789,和平小区,交通设施,公交车站,黑龙江省,哈尔滨市,道外区,14路;25路;31路;44路;53路;58路;77路;84路;116路;365路,,0,0,126.714656,45.77138,,,http://map.baidu.com/,,,,,,,,,,,,,,,,,,,,0
7c316603a13bd441c41b7597,长江路(南直路口),交通设施,公交车站,黑龙江省,哈尔滨市,南岗区,40路;52路;68路区间/235路;234路;268路,,0,0,126.718123,45.759074,,,http://map.baidu.com/,,,,,,,,,,,,,,,,,,,,0
880cea85609cfe2e1c1d1178,长江路(南直路口),交通设施,公交车站,黑龙江省,哈尔滨市,南岗区,8路;40路;52路;53路;61路;68路;68路区间/235路;77路;78路;116路;234路;268路;365路,,0,0,126.717505,45.758676,,,http://map.baidu.com/,,,,,,,,,,,,,,,,,,,,0
9f808da1f8e94536902ca368,长江路(南直路口)[路中站],交通设施,公交车站,黑龙江省,哈尔滨市,南岗区,8路;53路;77路;116路;365路,,0,0,126.716794,45.758862,,,http://map.baidu.com/,,,,,,,,,,,,,,,,,,,,0
e62bd1f95ad663a943ab9a3e,会展中心公交换乘枢纽站,交通设施,公交车站,黑龙江省,哈尔滨市,南岗区,8路,,0,0,126.716273,45.761903,,,http://map.baidu.com/,,,,,,,,,,,,,,,,,,,,0
e2f17fca1381974d6dc02c53,会展中心公交换乘枢纽站,交通设施,公交车站,黑龙江省,哈尔滨市,南岗区,5路,,0,0,126.716631,45.761902,,,http://map.baidu.com/,,,,,,,,,,,,,,,,,,,,0
54cb978e68c52498c336448d,东棵街(先锋路口),交通设施,公交车站,黑龙江省,哈尔滨市,道外区,19路;58路;62路;73路;77路;113路;136路;206路;357路;367路;386路,,0,0,126.73,45.777624,,,http://map.baidu.com/,,,,,,,,,,,,,,,,,,,,0
313830b84274c5b3bda2406a,闽江路,交通设施,公交车站,黑龙江省,哈尔滨市,南岗区,16路,,0,0,126.714724,45.752619,,,http://map.baidu.com/,,,,,,,,,,,,,,,,,,,,0
53216ca7decfa7fb077ce81b,和平小区[路中站],交通设施,公交车站,黑龙江省,哈尔滨市,道外区,14路;53路;84路;116路;365路,,0,0,126.714358,45.770415,,,http://map.baidu.com/,,,,,,,,,,,,,,,,,,,,0
bdb7851ea8a6e39141e19230,泰海花园小区,交通设施,公交车站,黑龙江省,哈尔滨市,南岗区,201路;209路;268路,,0,0,126.713404,45.763235,,,http://map.baidu.com/,,,,,,,,,,,,,,,,,,,,0
e45b84c674eda037f4e73b8c,民福路,交通设施,公交车站,黑龙江省,哈尔滨市,南岗区,16路,,0,0,126.718307,45.752258,,,http://map.baidu.com/,,,,,,,,,,,,,,,,,,,,0
2172ef83550c089b0782c2dd,绿色食品交易中心,交通设施,公交车站,黑龙江省,哈尔滨市,南岗区,40路;52路;61路;68路区间/235路;234路,,0,0,126.712051,45.758084,,,http://map.baidu.com/,,,,,,,,,,,,,,,,,,,,0
ea175797f86f36db0782c288,石化公司,交通设施,公交车站,黑龙江省,哈尔滨市,道外区,40路;52路;68路区间/235路;69路;234路;268路,,0,0,126.755249,45.757595,,,http://map.baidu.com/,,,,,,,,,,,,,,,,,,,,0
e2d48f9278f4a66d8c1a898d,天木小区,交通设施,公交车站,黑龙江省,哈尔滨市,道外区,82路,,0,0,126.712289,45.769777,,,http://map.baidu.com/,,,,,,,,,,,,,,,,,,,,0
b77c250e50bbb2092fe67be7,省戒毒中心,交通设施,公交车站,黑龙江省,哈尔滨市,道外区,19路;58路;62路;73路;77路;113路;136路;206路;357路;367路;386路,,0,0,126.7193,45.776272,,,http://map.baidu.com/,,,,,,,,,,,,,,,,,,,,0
009883606be20c76deee8bda,哈车钢材市场,交通设施,公交车站,黑龙江省,哈尔滨市,道外区,19路;58路;62路;73路;77路;113路;136路;357路;386路,,0,0,126.74557,45.779368,,,http://map.baidu.com/,,,,,,,,,,,,,,,,,,,,0
56eb075a4c6b5e499222e02a,东北农业大学东门,交通设施,公交车站,黑龙江省,哈尔滨市,香坊区,206路;367路,,0,0,126.743327,45.74992,,,http://map.baidu.com/,,,,,,,,,,,,,,,,,,,,0
cd4eeab34e0f9eeb28d7ab8a,长江路(南直路口),交通设施,公交车站,黑龙江省,哈尔滨市,南岗区,40路;52路;61路;68路;68路区间/235路;234路;268路,,0,0,126.718292,45.758708,,,http://map.baidu.com/,,,,,,,,,,,,,,,,,,,,0
1cc3b8cf0806a93d0c0e6bda,信恒古玩城[路中站],交通设施,公交车站,黑龙江省,哈尔滨市,南岗区,5路;5路夜班车;14路;53路;77路;116路;201路;209路;365路,,0,0,126.715962,45.763677,,,http://map.baidu.com/,,,,,,,,,,,,,,,,,,,,0
1bdf63ba094bd5ddf503b82f,和平小区,交通设施,公交车站,黑龙江省,哈尔滨市,道外区,31路,,0,0,126.718836,45.774239,,,http://map.baidu.com/,,,,,,,,,,,,,,,,,,,,0
8736354394314bf93686f4b5,和平小区,交通设施,公交车站,黑龙江省,哈尔滨市,道外区,14路;53路;77路;116路;365路,,0,0,126.714163,45.769042,,,http://map.baidu.com/,,,,,,,,,,,,,,,,,,,,0
faffd601b2b52625cae33cbd,和平小区,交通设施,公交车站,黑龙江省,哈尔滨市,道外区,58路;77路,,0,0,126.714221,45.771264,,,http://map.baidu.com/,,,,,,,,,,,,,,,,,,,,0
af1abb4246a0d1e7611c6772,长江路(南直路口),交通设施,公交车站,黑龙江省,哈尔滨市,南岗区,78路,,0,0,126.718459,45.758608,,,http://map.baidu.com/,,,,,,,,,,,,,,,,,,,,0
c04ea08e4e8dad1e0782c2c1,古铁市场,交通设施,公交车站,黑龙江省,哈尔滨市,道外区,19路;58路;62路;73路;77路;113路;136路;357路;386路,,0,0,126.740744,45.778845,,,http://map.baidu.com/,,,,,,,,,,,,,,,,,,,,0
f3d8d0420684a8225d17c35e,长江路(南直路口),交通设施,公交车站,黑龙江省,哈尔滨市,南岗区,61路,,0,0,126.718117,45.759073,,,http://map.baidu.com/,,,,,,,,,,,,,,,,,,,,0
9eaeec49376079104c6d466a,民福路,交通设施,公交车站,黑龙江省,哈尔滨市,南岗区,16路,,0,0,126.718629,45.752255,,,http://map.baidu.com/,,,,,,,,,,,,,,,,,,,,0
6f10ec0ec8c8ca9501294fcb,民福路,交通设施,公交车站,黑龙江省,哈尔滨市,香坊区,16路,,0,0,126.717986,45.75226,,,http://map.baidu.com/,,,,,,,,,,,,,,,,,,,,0
0c091dbf27b9bb02ca1b957c,尚东辉煌城小区,交通设施,公交车站,黑龙江省,哈尔滨市,香坊区,52路;68路区间/235路;234路;386路,,0,0,126.774884,45.757206,,,http://map.baidu.com/,,,,,,,,,,,,,,,,,,,,0
e6dc04bc2cbbd75b7bf79647,尚东辉煌城小区,交通设施,公交车站,黑龙江省,哈尔滨市,香坊区,52路;68路区间/235路;234路;386路,,0,0,126.774905,45.757336,,,http://map.baidu.com/,,,,,,,,,,,,,,,,,,,,0
972f550e60a687dc2db908e1,会展城上城,交通设施,公交车站,黑龙江省,哈尔滨市,香坊区,52路;68路区间/235路;234路;386路;603路,,0,0,126.782783,45.75806,,,http://map.baidu.com/,,,,,,,,,,,,,,,,,,,,0
e12dab033f2037e996ec841c,会展城上城小区,交通设施,公交车站,黑龙江省,哈尔滨市,香坊区,52路;68路区间/235路;234路;386路,,0,0,126.782587,45.758205,,,http://map.baidu.com/,,,,,,,,,,,,,,,,,,,,0
d5f8b1d684624d03a5da39dc,会展城上城小区,交通设施,公交车站,黑龙江省,哈尔滨市,香坊区,52路;68路区间/235路;234路;386路;603路,,0,0,126.783108,45.758167,,,http://map.baidu.com/,,,,,,,,,,,,,,,,,,,,0
f5cb506d24b910bbc17da213,会展城上城小区,交通设施,公交车站,黑龙江省,哈尔滨市,香坊区,603路,,0,0,126.784601,45.758449,,,http://map.baidu.com/,,,,,,,,,,,,,,,,,,,,0
75a978b8719693791ef74d96,尚东辉煌城小区,交通设施,公交车站,黑龙江省,哈尔滨市,香坊区,52路;68路区间/235路;234路;386路,,0,0,126.774862,45.757077,,,http://map.baidu.com/,,,,,,,,,,,,,,,,,,,,0
09bf7882ec770bdff6eafc87,长江路(禧龙大街口),交通设施,公交车站,黑龙江省,哈尔滨市,香坊区,52路;68路区间/235路;234路;386路;603路,,0,0,126.769004,45.756607,,,http://map.baidu.com/,,,,,,,,,,,,,,,,,,,,0
08b84e576aeadfb604026ffd,禧龙美居购物广场,交通设施,公交车站,黑龙江省,哈尔滨市,道外区,386路,,0,0,126.764078,45.76347,,,http://map.baidu.com/,,,,,,,,,,,,,,,,,,,,0
d6fcf5b759278bd138221cb3,香福路(长江路口),交通设施,公交车站,黑龙江省,哈尔滨市,香坊区,40路;69路;268路,,0,0,126.767245,45.75471,,,http://map.baidu.com/,,,,,,,,,,,,,,,,,,,,0
313cea4284f36bd079dbd240,香福路(长江路口),交通设施,公交车站,黑龙江省,哈尔滨市,香坊区,69路,,0,0,126.767233,45.7551,,,http://map.baidu.com/,,,,,,,,,,,,,,,,,,,,0
85d2ba7290e301a7eee4a54b,香福路(长江路口),交通设施,公交车站,黑龙江省,哈尔滨市,香坊区,40路;69路;268路,,0,0,126.766912,45.755221,,,http://map.baidu.com/,,,,,,,,,,,,,,,,,,,,0
0037484ed46b00fff50e7786,东鸿艺境小区,交通设施,公交车站,黑龙江省,哈尔滨市,香坊区,69路;268路,,0,0,126.768064,45.752862,,,http://map.baidu.com/,,,,,,,,,,,,,,,,,,,,0
6f9f6d1be949b955b5147fc1,东鸿艺境小区,交通设施,公交车站,黑龙江省,哈尔滨市,香坊区,40路;69路;268路,,0,0,126.768217,45.752734,,,http://map.baidu.com/,,,,,,,,,,,,,,,,,,,,0
d44bd00034741fec0782c2af,东鸿艺境小区,交通设施,公交车站,黑龙江省,哈尔滨市,香坊区,40路;69路;268路,,0,0,126.76832,45.752648,,,http://map.baidu.com/,,,,,,,,,,,,,,,,,,,,0
4a19c3ede3e2646304fef518,禧龙五金市场,交通设施,公交车站,黑龙江省,哈尔滨市,道外区,386路,,0,0,126.762061,45.771281,,,http://map.baidu.com/,,,,,,,,,,,,,,,,,,,,0
e44fb2fd2fa80dfc593ac817,禧龙美居购物广场,交通设施,公交车站,黑龙江省,哈尔滨市,道外区,386路,,0,0,126.764045,45.763387,,,http://map.baidu.com/,,,,,,,,,,,,,,,,,,,,0
4149140ce4c640bd0b1cc705,新松茂樾山小区,交通设施,公交车站,黑龙江省,哈尔滨市,香坊区,40路;69路;268路,,0,0,126.769909,45.749083,,,http://map.baidu.com/,,,,,,,,,,,,,,,,,,,,0
7885ee6f25587da3c0f1cfa4,新松茂樾山小区,交通设施,公交车站,黑龙江省,哈尔滨市,香坊区,40路;69路;268路,,0,0,126.770035,45.748619,,,http://map.baidu.com/,,,,,,,,,,,,,,,,,,,,0
d1fe02fd6e3795d026e0a0b2,新松茂樾山小区,交通设施,公交车站,黑龙江省,哈尔滨市,香坊区,40路;69路;268路,,0,0,126.770161,45.748154,,,http://map.baidu.com/,,,,,,,,,,,,,,,,,,,,0
6460497690276e1ed7851fa4,水田,交通设施,公交车站,黑龙江省,哈尔滨市,香坊区,353路,,0,0,126.775323,45.746201,,,http://map.baidu.com/,,,,,,,,,,,,,,,,,,,,0
a9f87644f517cbc7a7da39b4,长江路(禧龙大街口),交通设施,公交车站,黑龙江省,哈尔滨市,香坊区,52路;68路区间/235路;234路;386路;603路,,0,0,126.769092,45.75672,,,http://map.baidu.com/,,,,,,,,,,,,,,,,,,,,0
4184bfff94cc338381288a9d,禧龙五金市场,交通设施,公交车站,黑龙江省,哈尔滨市,道外区,386路,,0,0,126.7618,45.7718,,,http://map.baidu.com/,,,,,,,,,,,,,,,,,,,,0
a5819201cae9bc8cd22dd6fc,长江路(禧龙大街路口),交通设施,公交车站,黑龙江省,哈尔滨市,香坊区,52路;68路区间/235路;234路;386路;603路,,0,0,126.768872,45.756437,,,http://map.baidu.com/,,,,,,,,,,,,,,,,,,,,0
ea175797f86f36db0782c288,石化公司,交通设施,公交车站,黑龙江省,哈尔滨市,道外区,40路;52路;68路区间/235路;69路;234路;268路,,0,0,126.755249,45.757595,,,http://map.baidu.com/,,,,,,,,,,,,,,,,,,,,0
2739be22b108bea06f47602a,长江路(香福路路口),交通设施,公交车站,黑龙江省,哈尔滨市,香坊区,40路;52路;68路区间/235路;234路;268路,,0,0,126.765925,45.756367,,,http://map.baidu.com/,,,,,,,,,,,,,,,,,,,,0
3510095ef0dab0995fbe86c7,禧龙石材市场,交通设施,公交车站,黑龙江省,哈尔滨市,道外区,386路,,0,0,126.760679,45.775895,,,http://map.baidu.com/,,,,,,,,,,,,,,,,,,,,0
bebff0727ef8927a4d5547c2,禧龙宾馆,交通设施,公交车站,黑龙江省,哈尔滨市,道外区,386路,,0,0,126.763106,45.766991,,,http://map.baidu.com/,,,,,,,,,,,,,,,,,,,,0
a40efdf3d458b7192f473355,禧龙五金市场,交通设施,公交车站,黑龙江省,哈尔滨市,道外区,386路,,0,0,126.762061,45.771281,,,http://map.baidu.com/,,,,,,,,,,,,,,,,,,,,0
1acffc341ca407359122e0b3,HBP总部基地,交通设施,公交车站,黑龙江省,哈尔滨市,道外区,52路;234路;386路;388路;603路,,0,0,126.815925,45.761633,,,http://map.baidu.com/,,,,,,,,,,,,,,,,,,,,0
61c78fe2cd66c84e28201a60,御湖壹号小区,交通设施,公交车站,黑龙江省,哈尔滨市,道外区,52路;234路;386路;388路;603路,,0,0,126.82627,45.761328,,,http://map.baidu.com/,,,,,,,,,,,,,,,,,,,,0
4e833d0662699ad39d82ea3e,代连诊所,交通设施,公交车站,黑龙江省,哈尔滨市,道外区,356路,,0,0,126.82993,45.768218,,,http://map.baidu.com/,,,,,,,,,,,,,,,,,,,,0
728b7c5ce1f512d3a8f0cd8c,代连小学,交通设施,公交车站,黑龙江省,哈尔滨市,道外区,356路,,0,0,126.831173,45.767091,,,http://map.baidu.com/,,,,,,,,,,,,,,,,,,,,0
f119fc7188f2587fd92f28e5,管厂,交通设施,公交车站,黑龙江省,哈尔滨市,道外区,356路,,0,0,126.817774,45.775059,,,http://map.baidu.com/,,,,,,,,,,,,,,,,,,,,0
81d36b9839c6b2f970455ba1,曲路屯,交通设施,公交车站,黑龙江省,哈尔滨市,道外区,356路,,0,0,126.83945,45.762104,,,http://map.baidu.com/,,,,,,,,,,,,,,,,,,,,0
219a7af1c86ef2381e5800c4,代连小学,交通设施,公交车站,黑龙江省,哈尔滨市,道外区,356路,,0,0,126.831661,45.766816,,,http://map.baidu.com/,,,,,,,,,,,,,,,,,,,,0
c991bf72f219888897ec848a,曲路屯,交通设施,公交车站,黑龙江省,哈尔滨市,道外区,234路;388路,,0,0,126.840618,45.761735,,,http://map.baidu.com/,,,,,,,,,,,,,,,,,,,,0
f190c2278680ef2eb23c8180,曲路屯,交通设施,公交车站,黑龙江省,哈尔滨市,道外区,52路;234路;356路;386路;388路,,0,0,126.839968,45.761854,,,http://map.baidu.com/,,,,,,,,,,,,,,,,,,,,0
5f96f6c2d279856fc9291561,代连诊所,交通设施,公交车站,黑龙江省,哈尔滨市,道外区,356路,,0,0,126.829805,45.768429,,,http://map.baidu.com/,,,,,,,,,,,,,,,,,,,,0
f65886991479e87163180960,代连富强食杂店,交通设施,公交车站,黑龙江省,哈尔滨市,道外区,356路,,0,0,126.827371,45.769804,,,http://map.baidu.com/,,,,,,,,,,,,,,,,,,,,0
fe186feaa3c6bef6130daa48,传化信息交易中心,交通设施,公交车站,黑龙江省,哈尔滨市,道外区,356路,,0,0,126.81337,45.77808,,,http://map.baidu.com/,,,,,,,,,,,,,,,,,,,,0
67442d74648c09e41b94c6e0,高家店,交通设施,公交车站,黑龙江省,哈尔滨市,道外区,388路,,0,0,126.805359,45.771939,,,http://map.baidu.com/,,,,,,,,,,,,,,,,,,,,0
406f2ae1f3f24c8d2b11d1da,管厂,交通设施,公交车站,黑龙江省,哈尔滨市,道外区,356路,,0,0,126.817924,45.774937,,,http://map.baidu.com/,,,,,,,,,,,,,,,,,,,,0
f29e63fff3d5dafa4f6d46da,红利村,交通设施,公交车站,黑龙江省,哈尔滨市,道外区,234路,,0,0,126.86438,45.758638,,,http://map.baidu.com/,,,,,,,,,,,,,,,,,,,,0
ce40c7ee9b37a7b9b426557e,华南城奥特莱斯广场,交通设施,公交车站,黑龙江省,哈尔滨市,道外区,52路;234路;356路;386路;388路,,0,0,126.858682,45.76032,,,http://map.baidu.com/,,,,,,,,,,,,,,,,,,,,0
b1292aee6d92fc88631809f7,华南城奥特莱斯广场,交通设施,公交车站,黑龙江省,哈尔滨市,道外区,52路;234路;356路;386路;388路,,0,0,126.858682,45.76032,,,http://map.baidu.com/,,,,,,,,,,,,,,,,,,,,0
4ea7df2b0da996e7f7e73bfa,红利村,交通设施,公交车站,黑龙江省,哈尔滨市,道外区,234路,,0,0,126.863592,45.758956,,,http://map.baidu.com/,,,,,,,,,,,,,,,,,,,,0
a65a9b506511d5552bb97cbd,华南城皮草城,交通设施,公交车站,黑龙江省,哈尔滨市,道外区,52路;234路;356路;386路;388路;603路,,0,0,126.863198,45.759115,,,http://map.baidu.com/,,,,,,,,,,,,,,,,,,,,0
6d8fff3ec7c38db3901fc9d6,华南城皮草城,交通设施,公交车站,黑龙江省,哈尔滨市,道外区,52路;234路;356路;386路;388路;603路,,0,0,126.861143,45.759535,,,http://map.baidu.com/,,,,,,,,,,,,,,,,,,,,0
8fc87920a8c3f1f6fb22130d,徐乡屯道口,交通设施,公交车站,黑龙江省,哈尔滨市,道外区,356路程家支线;356路东方红支线,,0,0,126.865438,45.760651,,,http://map.baidu.com/,,,,,,,,,,,,,,,,,,,,0
3d34228f7340ae58f8dc859b,华南城五金市场,交通设施,公交车站,黑龙江省,哈尔滨市,道外区,52路;234路;356路;356路程家支线;356路东方红支线;386路;388路,,0,0,126.863783,45.756433,,,http://map.baidu.com/,,,,,,,,,,,,,,,,,,,,0
6c482217540132706f476020,吕顺屯,交通设施,公交车站,黑龙江省,哈尔滨市,道外区,356路程家支线;356路东方红支线,,0,0,126.875752,45.76,,,http://map.baidu.com/,,,,,,,,,,,,,,,,,,,,0
c991bf72f219888897ec848a,曲路屯,交通设施,公交车站,黑龙江省,哈尔滨市,道外区,234路;388路,,0,0,126.840618,45.761735,,,http://map.baidu.com/,,,,,,,,,,,,,,,,,,,,0
932983d6dbd99bc1d518b777,哈东华府,交通设施,公交车站,黑龙江省,哈尔滨市,道外区,234路,,0,0,126.862167,45.752192,,,http://map.baidu.com/,,,,,,,,,,,,,,,,,,,,0
81d36b9839c6b2f970455ba1,曲路屯,交通设施,公交车站,黑龙江省,哈尔滨市,道外区,356路,,0,0,126.83945,45.762104,,,http://map.baidu.com/,,,,,,,,,,,,,,,,,,,,0
0c84753a48b35e1c1ce999ee,武警培训基地,交通设施,公交车站,黑龙江省,哈尔滨市,道外区,356路程家支线,,0,0,126.886,45.762399,,,http://map.baidu.com/,,,,,,,,,,,,,,,,,,,,0
8a899c90acb5df620c0e6b2c,华南城种子市场,交通设施,公交车站,黑龙江省,哈尔滨市,道外区,52路;234路;388路,,0,0,126.877868,45.751245,,,http://map.baidu.com/,,,,,,,,,,,,,,,,,,,,0
f190c2278680ef2eb23c8180,曲路屯,交通设施,公交车站,黑龙江省,哈尔滨市,道外区,52路;234路;356路;386路;388路,,0,0,126.839968,45.761854,,,http://map.baidu.com/,,,,,,,,,,,,,,,,,,,,0
d3a4ef0802a69a85ae045749,华南城种子市场,交通设施,公交车站,黑龙江省,哈尔滨市,道外区,388路,,0,0,126.877105,45.751006,,,http://map.baidu.com/,,,,,,,,,,,,,,,,,,,,0
8ea73d0567ec53e95e17c3c4,华南城公交停车场,交通设施,公交车站,黑龙江省,哈尔滨市,道外区,52路,,0,0,126.865623,45.751292,,,http://map.baidu.com/,,,,,,,,,,,,,,,,,,,,0
04e091ba4ed4a6809ff77979,华南城招商中心,交通设施,公交车站,黑龙江省,哈尔滨市,道外区,52路;234路;386路;388路,,0,0,126.869856,45.753016,,,http://map.baidu.com/,,,,,,,,,,,,,,,,,,,,0
7df76847e4f3c36a88f15def,华南中路(晶城四路口),交通设施,公交车站,黑龙江省,哈尔滨市,道外区,386路,,0,0,126.881155,45.75746,,,http://map.baidu.com/,,,,,,,,,,,,,,,,,,,,0
a09a04d41606ae5279dbd22a,华南城公交停车场,交通设施,公交车站,黑龙江省,哈尔滨市,道外区,52路;386路;388路,,0,0,126.86504,45.751163,,,http://map.baidu.com/,,,,,,,,,,,,,,,,,,,,0
ab6fcba222fe7f957c29bdb9,哈东华府小区,交通设施,公交车站,黑龙江省,哈尔滨市,道外区,52路;356路;356路东方红支线;386路;388路,,0,0,126.861449,45.751678,,,http://map.baidu.com/,,,,,,,,,,,,,,,,,,,,0
cba13a747e2c7093b42655e6,郭地方道口,交通设施,公交车站,黑龙江省,哈尔滨市,道外区,356路程家支线;356路东方红支线,,0,0,126.881612,45.758781,,,http://map.baidu.com/,,,,,,,,,,,,,,,,,,,,0
410bc8a6cfcca9527c29bd10,华南城公交停车场,交通设施,公交车站,黑龙江省,哈尔滨市,道外区,52路;386路;388路,,0,0,126.865146,45.751298,,,http://map.baidu.com/,,,,,,,,,,,,,,,,,,,,0
4912bb35bfbc0c16c4f50d19,华南城公交停车场,交通设施,公交车站,黑龙江省,哈尔滨市,道外区,386路;388路,,0,0,126.86459,45.750895,,,http://map.baidu.com/,,,,,,,,,,,,,,,,,,,,0
2d74a3c8cac4ed6f2fb96d2c,华南中路(晶城四路口),交通设施,公交车站,黑龙江省,哈尔滨市,道外区,386路,,0,0,126.881155,45.75746,,,http://map.baidu.com/,,,,,,,,,,,,,,,,,,,,0
6f3aa519e294f7da922ca382,石槽村,交通设施,公交车站,黑龙江省,哈尔滨市,香坊区,356路东方红支线;377路支线10;397路,,0,0,126.919427,45.748954,,,http://map.baidu.com/,,,,,,,,,,,,,,,,,,,,0
aac007fbd83b6e9a2b11d10b,鸿业村,交通设施,公交车站,黑龙江省,哈尔滨市,香坊区,356路东方红支线,,0,0,126.898946,45.755101,,,http://map.baidu.com/,,,,,,,,,,,,,,,,,,,,0
0c84753a48b35e1c1ce999ee,武警培训基地,交通设施,公交车站,黑龙江省,哈尔滨市,道外区,356路程家支线,,0,0,126.886,45.762399,,,http://map.baidu.com/,,,,,,,,,,,,,,,,,,,,0
35046c7087648aa116a19059,乾龙物流园,交通设施,公交车站,黑龙江省,哈尔滨市,道外区,234路,,0,0,126.88511,45.753993,,,http://map.baidu.com/,,,,,,,,,,,,,,,,,,,,0
7df76847e4f3c36a88f15def,华南中路(晶城四路口),交通设施,公交车站,黑龙江省,哈尔滨市,道外区,386路,,0,0,126.881155,45.75746,,,http://map.baidu.com/,,,,,,,,,,,,,,,,,,,,0
1df57c98f0d8cede4e2fdf1b,物流,交通设施,公交车站,黑龙江省,哈尔滨市,道外区,356路东方红支线,,0,0,126.887749,45.757769,,,http://map.baidu.com/,,,,,,,,,,,,,,,,,,,,0
22680b170f1f10d9250bd024,华南城汽配城,交通设施,公交车站,黑龙江省,哈尔滨市,道外区,52路,,0,0,126.884161,45.753667,,,http://map.baidu.com/,,,,,,,,,,,,,,,,,,,,0
1f087f75d3bd88e4f5c59c6d,鸿业幼儿园,交通设施,公交车站,黑龙江省,哈尔滨市,香坊区,356路东方红支线,,0,0,126.906682,45.752827,,,http://map.baidu.com/,,,,,,,,,,,,,,,,,,,,0
ab831aac38628d8d2ce67b39,孙家道口,交通设施,公交车站,黑龙江省,哈尔滨市,道外区,356路程家支线,,0,0,126.889557,45.76798,,,http://map.baidu.com/,,,,,,,,,,,,,,,,,,,,0
3e70ebe7872300211d1d112c,龙鹏食杂店,交通设施,公交车站,黑龙江省,哈尔滨市,香坊区,356路东方红支线,,0,0,126.891056,45.756941,,,http://map.baidu.com/,,,,,,,,,,,,,,,,,,,,0
cba13a747e2c7093b42655e6,郭地方道口,交通设施,公交车站,黑龙江省,哈尔滨市,道外区,356路程家支线;356路东方红支线,,0,0,126.881612,45.758781,,,http://map.baidu.com/,,,,,,,,,,,,,,,,,,,,0
2d74a3c8cac4ed6f2fb96d2c,华南中路(晶城四路口),交通设施,公交车站,黑龙江省,哈尔滨市,道外区,386路,,0,0,126.881155,45.75746,,,http://map.baidu.com/,,,,,,,,,,,,,,,,,,,,0
ff4614207ea26e1c28201a32,程家道口,交通设施,公交车站,黑龙江省,哈尔滨市,道外区,356路程家支线,,0,0,126.891444,45.777489,,,http://map.baidu.com/,,,,,,,,,,,,,,,,,,,,0
b59bf0dca024e22d0969d96f,乾龙物流园,交通设施,公交车站,黑龙江省,哈尔滨市,道外区,234路,,0,0,126.885251,45.754104,,,http://map.baidu.com/,,,,,,,,,,,,,,,,,,,,0
00f6ceb72f7ff38ac2f1cf72,刘明村,交通设施,公交车站,黑龙江省,哈尔滨市,香坊区,334路;380路,,0,0,126.945247,45.762106,,,http://map.baidu.com/,,,,,,,,,,,,,,,,,,,,0
91b2045c5a51c67e28b97cc7,向阳村,交通设施,公交车站,黑龙江省,哈尔滨市,香坊区,334路;377路支线10;380路,,0,0,126.933216,45.762537,,,http://map.baidu.com/,,,,,,,,,,,,,,,,,,,,0
7be9a1aeb5d561b6ede4a5a2,刘二转屯,交通设施,公交车站,黑龙江省,哈尔滨市,香坊区,334路;377路支线10;380路,,0,0,126.934118,45.772606,,,http://map.baidu.com/,,,,,,,,,,,,,,,,,,,,0
2c023c773bc8ee36b05c6ad6,李太屯,交通设施,公交车站,黑龙江省,哈尔滨市,香坊区,397路,,0,0,126.997338,45.759866,,,http://map.baidu.com/,,,,,,,,,,,,,,,,,,,,0
43dda6c7ab4c1aea343a715a,李太屯,交通设施,公交车站,黑龙江省,哈尔滨市,香坊区,397路,,0,0,126.99734,45.759863,,,http://map.baidu.com/,,,,,,,,,,,,,,,,,,,,0
dfd0a313aeb0ce07c6effb6f,西齐家屯,交通设施,公交车站,黑龙江省,哈尔滨市,香坊区,397路,,0,0,126.997864,45.752196,,,http://map.baidu.com/,,,,,,,,,,,,,,,,,,,,0
9a5a55da5b16d95cd92f2882,宁家屯,交通设施,公交车站,黑龙江省,哈尔滨市,道外区,385路,,0,0,127.025555,45.76753,,,http://map.baidu.com/,,,,,,,,,,,,,,,,,,,,0
766d2d817e9cd94aed74f8f5,闫家屯,交通设施,公交车站,黑龙江省,哈尔滨市,道外区,385路,,0,0,127.029839,45.754752,,,http://map.baidu.com/,,,,,,,,,,,,,,,,,,,,0
439ba2eaafbf03b5132935a8,李国清屯,交通设施,公交车站,黑龙江省,哈尔滨市,道外区,385路,,0,0,127.026856,45.772916,,,http://map.baidu.com/,,,,,,,,,,,,,,,,,,,,0
829a0dd1da11f537d518b7b1,兰家屯,交通设施,公交车站,黑龙江省,哈尔滨市,松北区,346-2路;346路,,0,0,126.392349,45.810844,,,http://map.baidu.com/,,,,,,,,,,,,,,,,,,,,0
514409adadf7921baf080f6d,兰波道口,交通设施,公交车站,黑龙江省,哈尔滨市,松北区,346-2路;346路,,0,0,126.387914,45.808733,,,http://map.baidu.com/,,,,,,,,,,,,,,,,,,,,0
fce29f7da2e274b1a20464de,兰波道口,交通设施,公交车站,黑龙江省,哈尔滨市,松北区,346-2路;346路,,0,0,126.388505,45.808986,,,http://map.baidu.com/,,,,,,,,,,,,,,,,,,,,0
b144fc6f330f67f56cc02c49,桂琴仓买,交通设施,公交车站,黑龙江省,哈尔滨市,松北区,346-2路;346路,,0,0,126.384466,45.807239,,,http://map.baidu.com/,,,,,,,,,,,,,,,,,,,,0
586ff14602fe3f7036b06ca6,兰家屯,交通设施,公交车站,黑龙江省,哈尔滨市,松北区,346-2路;346路,,0,0,126.391941,45.810659,,,http://map.baidu.com/,,,,,,,,,,,,,,,,,,,,0
27343de8d2127f21a20464b3,肇木供销社,交通设施,公交车站,黑龙江省,哈尔滨市,松北区,346-2路;346路,,0,0,126.381776,45.805752,,,http://map.baidu.com/,,,,,,,,,,,,,,,,,,,,0
3373f922830a84083362127e,钓鱼供销社,交通设施,公交车站,黑龙江省,哈尔滨市,松北区,346-2路;346路,,0,0,126.401169,45.813688,,,http://map.baidu.com/,,,,,,,,,,,,,,,,,,,,0
aec94f455cc90aa7a1a934bd,兰波道口,交通设施,公交车站,黑龙江省,哈尔滨市,松北区,346-2路;346路,,0,0,126.388209,45.80886,,,http://map.baidu.com/,,,,,,,,,,,,,,,,,,,,0
6d916a61e73cc5444d2fdf44,钓鱼供销社,交通设施,公交车站,黑龙江省,哈尔滨市,松北区,346-2路;346路,,0,0,126.401458,45.813814,,,http://map.baidu.com/,,,,,,,,,,,,,,,,,,,,0
161cc546cd46f7c98b2fb54f,肇木供销社,交通设施,公交车站,黑龙江省,哈尔滨市,松北区,346-2路;346路,,0,0,126.381968,45.805876,,,http://map.baidu.com/,,,,,,,,,,,,,,,,,,,,0
7337f451590b5b2cc4f50db6,桂琴仓买,交通设施,公交车站,黑龙江省,哈尔滨市,松北区,346-2路;346路,,0,0,126.384704,45.807351,,,http://map.baidu.com/,,,,,,,,,,,,,,,,,,,,0
08522bfb54758409e7073886,钓鱼供销社,交通设施,公交车站,黑龙江省,哈尔滨市,松北区,346-2路;346路,,0,0,126.401314,45.813751,,,http://map.baidu.com/,,,,,,,,,,,,,,,,,,,,0
666f788689f0c3b4233bf28e,前沙坨子,交通设施,公交车站,黑龙江省,哈尔滨市,松北区,80路前沙坨子支线,,0,0,126.435705,45.794404,,,http://map.baidu.com/,,,,,,,,,,,,,,,,,,,,0
741763779f95619609f5eb1e,腰沙坨子,交通设施,公交车站,黑龙江省,哈尔滨市,松北区,80路前沙坨子支线,,0,0,126.434044,45.800084,,,http://map.baidu.com/,,,,,,,,,,,,,,,,,,,,0
bc63c9689036ae8fc51e5117,宝能城,交通设施,公交车站,黑龙江省,哈尔滨市,松北区,哈尔滨新区智轨1号线,,0,0,126.45104,45.807987,,,http://map.baidu.com/,,,,,,,,,,,,,,,,,,,,0
3720c2c10572fa52c2f1cf21,宝能城小区,交通设施,公交车站,黑龙江省,哈尔滨市,松北区,新区3号线,,0,0,126.454883,45.807492,,,http://map.baidu.com/,,,,,,,,,,,,,,,,,,,,0
27a827bf94168448be484262,宝能城小区,交通设施,公交车站,黑龙江省,哈尔滨市,松北区,146路区间;新区3号线,,0,0,126.456707,45.807262,,,http://map.baidu.com/,,,,,,,,,,,,,,,,,,,,0
96e4f516e801aef4b726557d,宝能城小区,交通设施,公交车站,黑龙江省,哈尔滨市,松北区,146路区间;新区3号线,,0,0,126.457512,45.80686,,,http://map.baidu.com/,,,,,,,,,,,,,,,,,,,,0
224e70d73f1be0603b221c71,宝能城小区,交通设施,公交车站,黑龙江省,哈尔滨市,松北区,146路区间,,0,0,126.45692,45.807837,,,http://map.baidu.com/,,,,,,,,,,,,,,,,,,,,0
64f53f8a61b7a09860180908,宝能城,交通设施,公交车站,黑龙江省,哈尔滨市,松北区,哈尔滨新区智轨1号线,,0,0,126.45104,45.807987,,,http://map.baidu.com/,,,,,,,,,,,,,,,,,,,,0
abf6638fa263f1b4a1d2308d,智轨车辆段,交通设施,公交车站,黑龙江省,哈尔滨市,松北区,新区3号线,,0,0,126.448068,45.809129,,,http://map.baidu.com/,,,,,,,,,,,,,,,,,,,,0
c0ff07322be6a1988e55ec80,后沙坨子,交通设施,公交车站,黑龙江省,哈尔滨市,松北区,80路前沙坨子支线,,0,0,126.435628,45.810277,,,http://map.baidu.com/,,,,,,,,,,,,,,,,,,,,0
d549b3a5aaeed613dbeced31,世茂威廉公馆,交通设施,公交车站,黑龙江省,哈尔滨市,松北区,145路,,0,0,126.485983,45.796694,,,http://map.baidu.com/,,,,,,,,,,,,,,,,,,,,0
36058abdfd217a1d85420ed2,世茂威廉公馆,交通设施,公交车站,黑龙江省,哈尔滨市,松北区,145路;新区3号线,,0,0,126.486064,45.79684,,,http://map.baidu.com/,,,,,,,,,,,,,,,,,,,,0
f88ba365fbc1c481e011039b,青石路(智谷二街口),交通设施,公交车站,黑龙江省,哈尔滨市,松北区,新区3号线,,0,0,126.480371,45.795064,,,http://map.baidu.com/,,,,,,,,,,,,,,,,,,,,0
36a913c16c821976a80dd89e,青石路(智谷二街口),交通设施,公交车站,黑龙江省,哈尔滨市,松北区,新区3号线,,0,0,126.479608,45.795167,,,http://map.baidu.com/,,,,,,,,,,,,,,,,,,,,0
3dcb22c65f96f18fa5da394c,创新路,交通设施,公交车站,黑龙江省,哈尔滨市,松北区,47路,,0,0,126.494614,45.794696,,,http://map.baidu.com/,,,,,,,,,,,,,,,,,,,,0
5da94a7559467750210262e8,青石路(智谷二街口),交通设施,公交车站,黑龙江省,哈尔滨市,松北区,新区3号线,,0,0,126.478844,45.795271,,,http://map.baidu.com/,,,,,,,,,,,,,,,,,,,,0
d668e68c7bd50ae329fc4883,创新三路(科技五街口),交通设施,公交车站,黑龙江省,哈尔滨市,松北区,145路,,0,0,126.48984,45.799658,,,http://map.baidu.com/,,,,,,,,,,,,,,,,,,,,0
70ffac9e1c5887192bb97cd5,创新三路(科技五街口),交通设施,公交车站,黑龙江省,哈尔滨市,松北区,145路;新区3号线,,0,0,126.48992,45.799745,,,http://map.baidu.com/,,,,,,,,,,,,,,,,,,,,0
026c1f0154ea94fd2fb96dff,科技五街,交通设施,公交车站,黑龙江省,哈尔滨市,松北区,47路,,0,0,126.492366,45.798343,,,http://map.baidu.com/,,,,,,,,,,,,,,,,,,,,0
af09f22e72c4dd59f603b8eb,临时站一,交通设施,公交车站,黑龙江省,哈尔滨市,松北区,146路,,0,0,126.480022,45.803641,,,http://map.baidu.com/,,,,,,,,,,,,,,,,,,,,0
f25af3dde8b5513ab6147f4f,临时站(慧时代小区),交通设施,公交车站,黑龙江省,哈尔滨市,松北区,146路,,0,0,126.487328,45.802805,,,http://map.baidu.com/,,,,,,,,,,,,,,,,,,,,0
a7e690aeea2bf4bec056ac7d,临时站(慧时代小区),交通设施,公交车站,黑龙江省,哈尔滨市,松北区,146路,,0,0,126.487328,45.802805,,,http://map.baidu.com/,,,,,,,,,,,,,,,,,,,,0
1fc891a5f24ee1592fb908b4,深哈产业园,交通设施,公交车站,黑龙江省,哈尔滨市,松北区,146路区间,,0,0,126.472242,45.790986,,,http://map.baidu.com/,,,,,,,,,,,,,,,,,,,,0
5843ccb4633a2b5defdfca6f,临时站一(世茂大道智谷一街),交通设施,公交车站,黑龙江省,哈尔滨市,松北区,146路,,0,0,126.481362,45.803628,,,http://map.baidu.com/,,,,,,,,,,,,,,,,,,,,0
17dec42fa9f22d410bf5eb43,科技四街,交通设施,公交车站,黑龙江省,哈尔滨市,松北区,47路;145路,,0,0,126.495593,45.800051,,,http://map.baidu.com/,,,,,,,,,,,,,,,,,,,,0
5349c493c5f56c5f364aae70,临时站二,交通设施,公交车站,黑龙江省,哈尔滨市,松北区,146路,,0,0,126.47622,45.804261,,,http://map.baidu.com/,,,,,,,,,,,,,,,,,,,,0
ffcea2b7fb2beb601c389455,天玖澜湾墅小区西门,交通设施,公交车站,黑龙江省,哈尔滨市,松北区,146路区间,,0,0,126.471292,45.800023,,,http://map.baidu.com/,,,,,,,,,,,,,,,,,,,,0
d4ce8612940e2176a7da39bb,深哈产业园,交通设施,公交车站,黑龙江省,哈尔滨市,松北区,146路区间;深哈定制2号线,,0,0,126.47203,45.790772,,,http://map.baidu.com/,,,,,,,,,,,,,,,,,,,,0
31cc82f8b3a0932b744ff18c,都柏林小区,交通设施,公交车站,黑龙江省,哈尔滨市,松北区,146路,,0,0,126.494654,45.803191,,,http://map.baidu.com/,,,,,,,,,,,,,,,,,,,,0
7af22fbe43447224b21e3602,都柏林小区,交通设施,公交车站,黑龙江省,哈尔滨市,松北区,146路,,0,0,126.494755,45.803094,,,http://map.baidu.com/,,,,,,,,,,,,,,,,,,,,0
74ea8677dbd1c2ab17c905c9,世茂大道(科技五街口),交通设施,公交车站,黑龙江省,哈尔滨市,松北区,146路,,0,0,126.491783,45.802691,,,http://map.baidu.com/,,,,,,,,,,,,,,,,,,,,0
ed97ac9a6a6b30372102628b,都柏林小区,交通设施,公交车站,黑龙江省,哈尔滨市,松北区,146路,,0,0,126.494554,45.803288,,,http://map.baidu.com/,,,,,,,,,,,,,,,,,,,,0
fc32eb2bc5d83d5d82288ae6,临时站二(世茂大道智谷二街),交通设施,公交车站,黑龙江省,哈尔滨市,松北区,146路,,0,0,126.477052,45.804338,,,http://map.baidu.com/,,,,,,,,,,,,,,,,,,,,0
81664cd95716622a9dec2ba1,科技创新城停车场,交通设施,公交车站,黑龙江省,哈尔滨市,松北区,47路,,0,0,126.496637,45.794785,,,http://map.baidu.com/,,,,,,,,,,,,,,,,,,,,0
00aed16d775144ba901fc949,智谷大街(世茂大道口),交通设施,公交车站,黑龙江省,哈尔滨市,松北区,新区3号线,,0,0,126.471377,45.803856,,,http://map.baidu.com/,,,,,,,,,,,,,,,,,,,,0
5fa14977942736016d20b98c,创新路停车场,交通设施,公交车站,黑龙江省,哈尔滨市,松北区,47路,,0,0,126.496611,45.794909,,,http://map.baidu.com/,,,,,,,,,,,,,,,,,,,,0
3577f0bd2ec01e0c4251c03a,科技四街,交通设施,公交车站,黑龙江省,哈尔滨市,松北区,47路;145路;哈尔滨新区智轨1号线;新区3号线,,0,0,126.495894,45.80105,,,http://map.baidu.com/,,,,,,,,,,,,,,,,,,,,0
537823c48984f5a171210b13,科技四街,交通设施,公交车站,黑龙江省,哈尔滨市,松北区,哈尔滨新区智轨1号线,,0,0,126.497077,45.803895,,,http://map.baidu.com/,,,,,,,,,,,,,,,,,,,,0
96d5a53624bcf135b13c8157,世茂蓝屿小区,交通设施,公交车站,黑龙江省,哈尔滨市,松北区,146路,,0,0,126.499091,45.804415,,,http://map.baidu.com/,,,,,,,,,,,,,,,,,,,,0
f99aedb70ceedcd6b21e3619,世茂蓝屿小区,交通设施,公交车站,黑龙江省,哈尔滨市,松北区,47路;145路;146路;146路区间,,0,0,126.500803,45.802509,,,http://map.baidu.com/,,,,,,,,,,,,,,,,,,,,0
58e32b0baef50f40100daa38,世茂蓝屿小区,交通设施,公交车站,黑龙江省,哈尔滨市,松北区,47路;145路;146路区间,,0,0,126.501333,45.801779,,,http://map.baidu.com/,,,,,,,,,,,,,,,,,,,,0
8ab4c922282600bf58f6be27,临时站二,交通设施,公交车站,黑龙江省,哈尔滨市,松北区,146路,,0,0,126.47622,45.804261,,,http://map.baidu.com/,,,,,,,,,,,,,,,,,,,,0
3cf506de16e644f61b11d5a1,世茂蓝屿小区,交通设施,公交车站,黑龙江省,哈尔滨市,松北区,47路;145路;146路区间,,0,0,126.501327,45.801869,,,http://map.baidu.com/,,,,,,,,,,,,,,,,,,,,0
f0aee97e23cf30dcf7e73be5,世茂蓝屿小区,交通设施,公交车站,黑龙江省,哈尔滨市,松北区,146路,,0,0,126.499359,45.804718,,,http://map.baidu.com/,,,,,,,,,,,,,,,,,,,,0
fa56453074a3fb412b3a9f6e,泰豪熙江悦小区,交通设施,公交车站,黑龙江省,哈尔滨市,松北区,146路;146路区间,,0,0,126.470582,45.808574,,,http://map.baidu.com/,,,,,,,,,,,,,,,,,,,,0
29f813fd89557c8c4d776e10,万达唐宁郡西门,交通设施,公交车站,黑龙江省,哈尔滨市,松北区,42路;43路,,0,0,126.499399,45.810456,,,http://map.baidu.com/,,,,,,,,,,,,,,,,,,,,0
a70078e549aabbc643e192bf,万达唐宁郡西门,交通设施,公交车站,黑龙江省,哈尔滨市,松北区,42路;43路,,0,0,126.499145,45.810704,,,http://map.baidu.com/,,,,,,,,,,,,,,,,,,,,0
1fb23e77ac0a8221c42ba13e,创新路(科技四街口),交通设施,公交车站,黑龙江省,哈尔滨市,松北区,新区3号线,,0,0,126.502286,45.796487,,,http://map.baidu.com/,,,,,,,,,,,,,,,,,,,,0
6fbe2e4479b399e1d42ce278,创新路(科技四街口),交通设施,公交车站,黑龙江省,哈尔滨市,松北区,新区3号线,,0,0,126.502289,45.796426,,,http://map.baidu.com/,,,,,,,,,,,,,,,,,,,,0
edd6dae1fe5261886f4760a5,科技创新城停车场,交通设施,公交车站,黑龙江省,哈尔滨市,松北区,47路,,0,0,126.496637,45.794785,,,http://map.baidu.com/,,,,,,,,,,,,,,,,,,,,0
00660d887c272d21d518b7c0,创新三路(科技五街口),交通设施,公交车站,黑龙江省,哈尔滨市,松北区,145路;新区3号线,,0,0,126.489947,45.799774,,,http://map.baidu.com/,,,,,,,,,,,,,,,,,,,,0
c2725552dee973f74afd3fa2,临时站一,交通设施,公交车站,黑龙江省,哈尔滨市,松北区,146路,,0,0,126.480022,45.803641,,,http://map.baidu.com/,,,,,,,,,,,,,,,,,,,,0
dee6ab0ce5bcec8b81a12e9b,深哈产业园,交通设施,公交车站,黑龙江省,哈尔滨市,松北区,146路区间;深哈定制2号线;新区3号线,,0,0,126.472138,45.790859,,,http://map.baidu.com/,,,,,,,,,,,,,,,,,,,,0
6b2acff57fc3c936c3f1cf5c,临时站三(吴家店),交通设施,公交车站,黑龙江省,哈尔滨市,松北区,146路区间,,0,0,126.472809,45.813749,,,http://map.baidu.com/,,,,,,,,,,,,,,,,,,,,0
21719953288324a04207c14e,泰豪熙江悦小区,交通设施,公交车站,黑龙江省,哈尔滨市,松北区,146路,,0,0,126.471531,45.806668,,,http://map.baidu.com/,,,,,,,,,,,,,,,,,,,,0
4c09666dac87ef47c51b752b,天玖澜湾墅小区西门,交通设施,公交车站,黑龙江省,哈尔滨市,松北区,146路区间,,0,0,126.471166,45.799244,,,http://map.baidu.com/,,,,,,,,,,,,,,,,,,,,0
35a5b5900a75118585420e1d,世茂大道(科技五街口),交通设施,公交车站,黑龙江省,哈尔滨市,松北区,146路,,0,0,126.491029,45.8028,,,http://map.baidu.com/,,,,,,,,,,,,,,,,,,,,0
0e2bf3e62ac692c88f55ece9,万达嘉华酒店,交通设施,公交车站,黑龙江省,哈尔滨市,松北区,42路;43路,,0,0,126.501898,45.806494,,,http://map.baidu.com/,,,,,,,,,,,,,,,,,,,,0
f780de555b78c2c89f09f768,天玖澜湾墅小区西门,交通设施,公交车站,黑龙江省,哈尔滨市,松北区,146路区间,,0,0,126.471418,45.800801,,,http://map.baidu.com/,,,,,,,,,,,,,,,,,,,,0
549771e3127a6ef3a20464ad,泰豪熙江悦,交通设施,公交车站,黑龙江省,哈尔滨市,松北区,146路,,0,0,126.471753,45.806812,,,http://map.baidu.com/,,,,,,,,,,,,,,,,,,,,0
3cb6b3397f03fa959e9d6830,世茂大道(科技五街口),交通设施,公交车站,黑龙江省,哈尔滨市,松北区,146路,,0,0,126.492537,45.802581,,,http://map.baidu.com/,,,,,,,,,,,,,,,,,,,,0
3fc6336eebf0585cc72ba1d6,万达唐宁郡西门,交通设施,公交车站,黑龙江省,哈尔滨市,松北区,42路;43路,,0,0,126.499652,45.810207,,,http://map.baidu.com/,,,,,,,,,,,,,,,,,,,,0
0390d7c7d2dc9924e812e454,泰豪熙江悦小区,交通设施,公交车站,黑龙江省,哈尔滨市,松北区,146路区间,,0,0,126.470327,45.80954,,,http://map.baidu.com/,,,,,,,,,,,,,,,,,,,,0
292e4d172757bf85d6b74e7b,智谷大街(世茂大道口),交通设施,公交车站,黑龙江省,哈尔滨市,松北区,新区3号线,,0,0,126.471468,45.803578,,,http://map.baidu.com/,,,,,,,,,,,,,,,,,,,,0
470b1e570edf3a99f03cba44,泰豪熙江悦小区,交通设施,公交车站,黑龙江省,哈尔滨市,松北区,146路区间,,0,0,126.469888,45.809514,,,http://map.baidu.com/,,,,,,,,,,,,,,,,,,,,0
d88cac8ed7577e23cb213d3b,松北区政府,交通设施,公交车站,黑龙江省,哈尔滨市,松北区,146路区间,,0,0,126.521487,45.799575,,,http://map.baidu.com/,,,,,,,,,,,,,,,,,,,,0
5038292dba01b4e296ca07bc,秀月街,交通设施,公交车站,黑龙江省,哈尔滨市,松北区,146路;146路区间,,0,0,126.525062,45.800629,,,http://map.baidu.com/,,,,,,,,,,,,,,,,,,,,0
179200b95e33b74ef603b868,松北区政府,交通设施,公交车站,黑龙江省,哈尔滨市,松北区,146路区间;新区3号线,,0,0,126.521797,45.799622,,,http://map.baidu.com/,,,,,,,,,,,,,,,,,,,,0
40ddd04de0532b2a4151c0ba,创新一路(星月街口),交通设施,公交车站,黑龙江省,哈尔滨市,松北区,146路,,0,0,126.528816,45.801722,,,http://map.baidu.com/,,,,,,,,,,,,,,,,,,,,0
4311f649663fbf628a36ee86,哈电气集团,交通设施,公交车站,黑龙江省,哈尔滨市,松北区,146路;新区3号线,,0,0,126.514701,45.797488,,,http://map.baidu.com/,,,,,,,,,,,,,,,,,,,,0
6b911f52925ff89db23c81b0,哈尔滨市实验学校(初中部),交通设施,公交车站,黑龙江省,哈尔滨市,松北区,新区3号线,,0,0,126.528251,45.803079,,,http://map.baidu.com/,,,,,,,,,,,,,,,,,,,,0
a8a35b47fc66e152213bf2e5,哈尔滨市实验学校(初中部),交通设施,公交车站,黑龙江省,哈尔滨市,松北区,新区3号线,,0,0,126.528145,45.803163,,,http://map.baidu.com/,,,,,,,,,,,,,,,,,,,,0
89d1afd77384f5b800ff2d9f,澳洲风情园小区北门,交通设施,公交车站,黑龙江省,哈尔滨市,松北区,42路;122路;125路,,0,0,126.525392,45.803261,,,http://map.baidu.com/,,,,,,,,,,,,,,,,,,,,0
543463af4fd2b9fa2806ce92,哈电气集团,交通设施,公交车站,黑龙江省,哈尔滨市,松北区,146路;新区3号线,,0,0,126.514689,45.797457,,,http://map.baidu.com/,,,,,,,,,,,,,,,,,,,,0
bb58d1f6ee24396ca2a93417,翡冷翠小区东门,交通设施,公交车站,黑龙江省,哈尔滨市,松北区,122路;125路,,0,0,126.526652,45.805628,,,http://map.baidu.com/,,,,,,,,,,,,,,,,,,,,0
9d44a0e24b65fd79b35c6a2a,科技创新城,交通设施,公交车站,黑龙江省,哈尔滨市,松北区,42路;122路;125路,,0,0,126.519101,45.804634,,,http://map.baidu.com/,,,,,,,,,,,,,,,,,,,,0
6e3f6498429acd2902294ffe,创新一路(祥安南大街口),交通设施,公交车站,黑龙江省,哈尔滨市,松北区,42路,,0,0,126.532351,45.802756,,,http://map.baidu.com/,,,,,,,,,,,,,,,,,,,,0
5e623ed85cbc1b69ab175ae0,万达茂,交通设施,公交车站,黑龙江省,哈尔滨市,松北区,35路;42路;43路;47路;221路;230路;230路支线;396路,,0,0,126.509139,45.80751,,,http://map.baidu.com/,,,,,,,,,,,,,,,,,,,,0
eabf606c26b733c5c8213dcc,世纪大道(祥安南大街口),交通设施,公交车站,黑龙江省,哈尔滨市,松北区,42路;146路,,0,0,126.530671,45.804532,,,http://map.baidu.com/,,,,,,,,,,,,,,,,,,,,0
4e06783da5965a62ab059d72,世纪大道(祥安南大街口),交通设施,公交车站,黑龙江省,哈尔滨市,松北区,42路;146路,,0,0,126.530671,45.804532,,,http://map.baidu.com/,,,,,,,,,,,,,,,,,,,,0
36d8db9b6b6dc4ed4f3a59ea,哈尔滨市实验学校(小学部),交通设施,公交车站,黑龙江省,哈尔滨市,松北区,新区3号线,,0,0,126.526575,45.805837,,,http://map.baidu.com/,,,,,,,,,,,,,,,,,,,,0
7ebb18b7b430e744acee7a5a,科技二街(创新路口),交通设施,公交车站,黑龙江省,哈尔滨市,松北区,146路,,0,0,126.511109,45.798927,,,http://map.baidu.com/,,,,,,,,,,,,,,,,,,,,0
40abb7a42f5efc1ef60e7712,法兰西风情园小区西门(万达城),交通设施,公交车站,黑龙江省,哈尔滨市,松北区,122路,,0,0,126.523268,45.807208,,,http://map.baidu.com/,,,,,,,,,,,,,,,,,,,,0
4aba0ea3886fd75f95ca07d7,万达主题乐园,交通设施,公交车站,黑龙江省,哈尔滨市,松北区,35路;42路;43路;47路;221路;230路;230路支线;396路;新区2号线,,0,0,126.512773,45.808577,,,http://map.baidu.com/,,,,,,,,,,,,,,,,,,,,0
f2949364c9f36fa5c8213d07,市政府西门,交通设施,公交车站,黑龙江省,哈尔滨市,松北区,122路;125路,,0,0,126.537012,45.806717,,,http://map.baidu.com/,,,,,,,,,,,,,,,,,,,,0
4b1d62f185a98f65c056ac8c,市政府,交通设施,公交车站,黑龙江省,哈尔滨市,松北区,42路;122路;125路;146路;S12路/商务公交12号线;新区3号线,,0,0,126.544029,45.807972,,,http://map.baidu.com/,,,,,,,,,,,,,,,,,,,,0
cf2e84dd49177f52ad31e517,市政府广场,交通设施,公交车站,黑龙江省,哈尔滨市,松北区,122路;125路,,0,0,126.540288,45.807026,,,http://map.baidu.com/,,,,,,,,,,,,,,,,,,,,0
1b0c8a603550b61f43ab9a2a,市政府广场,交通设施,公交车站,黑龙江省,哈尔滨市,松北区,122路;125路,,0,0,126.540288,45.807026,,,http://map.baidu.com/,,,,,,,,,,,,,,,,,,,,0
c84161a1e7a6c98d0b1cc7be,万达娱雪乐园,交通设施,公交车站,黑龙江省,哈尔滨市,松北区,35路;145路;221路;230路;396路,,0,0,126.505806,45.808488,,,http://map.baidu.com/,,,,,,,,,,,,,,,,,,,,0
58e32b0baef50f40100daa38,世茂蓝屿小区,交通设施,公交车站,黑龙江省,哈尔滨市,松北区,47路;145路;146路区间,,0,0,126.501333,45.801779,,,http://map.baidu.com/,,,,,,,,,,,,,,,,,,,,0
3cf506de16e644f61b11d5a1,世茂蓝屿小区,交通设施,公交车站,黑龙江省,哈尔滨市,松北区,47路;145路;146路区间,,0,0,126.501327,45.801869,,,http://map.baidu.com/,,,,,,,,,,,,,,,,,,,,0
f99aedb70ceedcd6b21e3619,世茂蓝屿小区,交通设施,公交车站,黑龙江省,哈尔滨市,松北区,47路;145路;146路;146路区间,,0,0,126.500803,45.802509,,,http://map.baidu.com/,,,,,,,,,,,,,,,,,,,,0
79d679af5a83ab0415c9056d,法兰西风情园小区西门(万达城),交通设施,公交车站,黑龙江省,哈尔滨市,松北区,42路;122路;125路,,0,0,126.519463,45.808252,,,http://map.baidu.com/,,,,,,,,,,,,,,,,,,,,0
5ea2387d56dc8e9288db7387,创新三路(科技二街口),交通设施,公交车站,黑龙江省,哈尔滨市,松北区,47路,,0,0,126.507376,45.803575,,,http://map.baidu.com/,,,,,,,,,,,,,,,,,,,,0
d391c011b176d9e230169bb7,科技一路(冰城海关),交通设施,公交车站,黑龙江省,哈尔滨市,松北区,146路区间,,0,0,126.517079,45.804461,,,http://map.baidu.com/,,,,,,,,,,,,,,,,,,,,0
bf83157517c5412ecae33c67,创新一路(星月街口),交通设施,公交车站,黑龙江省,哈尔滨市,松北区,146路,,0,0,126.528156,45.801573,,,http://map.baidu.com/,,,,,,,,,,,,,,,,,,,,0
5dc68040c6675fb3cf06a415,宏源街,交通设施,公交车站,黑龙江省,哈尔滨市,松北区,43路;47路;125路;126路;129路;221路;230路;230路支线;396路,,0,0,126.519938,45.810639,,,http://map.baidu.com/,,,,,,,,,,,,,,,,,,,,0
1d67286e5ad11e68081cc728,哈尔滨国际环保科技产业园,交通设施,公交车站,黑龙江省,哈尔滨市,松北区,146路区间,,0,0,126.518207,45.802574,,,http://map.baidu.com/,,,,,,,,,,,,,,,,,,,,0
200996b994a1520ef603b805,澳洲风情园小区北门,交通设施,公交车站,黑龙江省,哈尔滨市,松北区,42路;122路;125路,,0,0,126.525406,45.803299,,,http://map.baidu.com/,,,,,,,,,,,,,,,,,,,,0
286d65ce318537aca2a934a5,法兰西风情园西门,交通设施,公交车站,黑龙江省,哈尔滨市,松北区,42路;122路;125路,,0,0,126.519463,45.808252,,,http://map.baidu.com/,,,,,,,,,,,,,,,,,,,,0
241e9207baa18959c51e5154,万达中央大剧院,交通设施,公交车站,黑龙江省,哈尔滨市,松北区,125路;126路;129路;S12路/商务公交12号线,,0,0,126.516174,45.813495,,,http://map.baidu.com/,,,,,,,,,,,,,,,,,,,,0
1507aa8e671be28e22f01727,创新一路(祥安南大街口),交通设施,公交车站,黑龙江省,哈尔滨市,松北区,42路,,0,0,126.532351,45.802756,,,http://map.baidu.com/,,,,,,,,,,,,,,,,,,,,0
8e05b6b7fcfd14644c6d465f,澳洲风情园小区北门,交通设施,公交车站,黑龙江省,哈尔滨市,松北区,42路;122路;125路,,0,0,126.525378,45.803222,,,http://map.baidu.com/,,,,,,,,,,,,,,,,,,,,0
b311e575efe9417f0a5cb312,市政府西门(天翔街),交通设施,公交车站,黑龙江省,哈尔滨市,松北区,122路;125路,,0,0,126.536105,45.80839,,,http://map.baidu.com/,,,,,,,,,,,,,,,,,,,,0
abb2cda722b54772e215f984,万达文华酒店,交通设施,公交车站,黑龙江省,哈尔滨市,松北区,42路;43路;145路;146路,,0,0,126.50523,45.806356,,,http://map.baidu.com/,,,,,,,,,,,,,,,,,,,,0
8d7addd461a442898c1a89d6,翡冷翠小区东门,交通设施,公交车站,黑龙江省,哈尔滨市,松北区,122路;125路,,0,0,126.526685,45.805664,,,http://map.baidu.com/,,,,,,,,,,,,,,,,,,,,0
58a6bf6f395e4e326268589f,融创城[机场巴士站],交通设施,公交车站,黑龙江省,哈尔滨市,松北区,机场大巴融创线,,0,0,126.516143,45.811972,,,http://map.baidu.com/,,,,,,,,,,,,,,,,,,,,0
6abd60e9661678c903ec015a,创新一路(星月街口),交通设施,公交车站,黑龙江省,哈尔滨市,松北区,146路,,0,0,126.529477,45.80187,,,http://map.baidu.com/,,,,,,,,,,,,,,,,,,,,0
6c164e71b3fbae831c389455,哈尔滨市实验学校(初中部),交通设施,公交车站,黑龙江省,哈尔滨市,松北区,新区3号线,,0,0,126.528358,45.802995,,,http://map.baidu.com/,,,,,,,,,,,,,,,,,,,,0
530c06fa7508ab2d5bf6be2b,翡冷翠小区东门,交通设施,公交车站,黑龙江省,哈尔滨市,松北区,122路;125路,,0,0,126.526619,45.805593,,,http://map.baidu.com/,,,,,,,,,,,,,,,,,,,,0
87117e33eb375fc9d22dd637,市政府西门,交通设施,公交车站,黑龙江省,哈尔滨市,松北区,42路;122路;125路,,0,0,126.537233,45.806444,,,http://map.baidu.com/,,,,,,,,,,,,,,,,,,,,0
6d46783b7fc399d0d13ce38b,万豪酒店,交通设施,公交车站,黑龙江省,哈尔滨市,松北区,42路;146路;新区3号线,,0,0,126.535096,45.804591,,,http://map.baidu.com/,,,,,,,,,,,,,,,,,,,,0
eddf2619bdc98ce10aa8d4fb,市政府西门(金河湾壹号),交通设施,公交车站,黑龙江省,哈尔滨市,松北区,146路,,0,0,126.535014,45.804572,,,http://map.baidu.com/,,,,,,,,,,,,,,,,,,,,0
57a9fe17fae7a4363586f4c8,科技二街(创新路口),交通设施,公交车站,黑龙江省,哈尔滨市,松北区,146路,,0,0,126.511466,45.798279,,,http://map.baidu.com/,,,,,,,,,,,,,,,,,,,,0
f3213ebe7a96173c901fc955,市政府,交通设施,公交车站,黑龙江省,哈尔滨市,松北区,42路;122路;125路;146路;S12路/商务公交12号线;新区3号线,,0,0,126.544029,45.807972,,,http://map.baidu.com/,,,,,,,,,,,,,,,,,,,,0
b97a34ff7f685764d7851f9f,黑龙江农业科学院,交通设施,公交车站,黑龙江省,哈尔滨市,松北区,146路区间,,0,0,126.511846,45.804811,,,http://map.baidu.com/,,,,,,,,,,,,,,,,,,,,0
2b832e1dae35681432870acd,法兰西风情园小区西门(万达城),交通设施,公交车站,黑龙江省,哈尔滨市,松北区,42路;122路;125路,,0,0,126.519212,45.808527,,,http://map.baidu.com/,,,,,,,,,,,,,,,,,,,,0
febaa599facaf3a82e47336b,太阳岛道口,交通设施,公交车站,黑龙江省,哈尔滨市,松北区,29路;42路;43路;47路;80路;80路前沙坨子支线;80路王玉村支线;119路;125路;126路;127路;211路;212路;213路;215路;216路;219路;219路[石油学院区间];223路;225路;226路;346-2路;346路;346路万乐支线;551路;552路;S11路/商务公交11号线;机场大巴4号线;旅游巴士3号线,,0,0,126.579834,45.7823,,,http://map.baidu.com/,,,,,,,,,,,,,,,,,,,,0
2f9039ec9c52205700ff2db7,冰雪大世界,交通设施,公交车站,黑龙江省,哈尔滨市,松北区,43路,,0,0,126.575142,45.785866,,,http://map.baidu.com/,,,,,,,,,,,,,,,,,,,,0
d38fcb466a42d819b817e75b,冰雪大世界,交通设施,公交车站,黑龙江省,哈尔滨市,松北区,42路;47路;80路;80路前沙坨子支线;80路王玉村支线;119路;125路;126路;211路;213路;215路;216路;219路;219路[石油学院区间];225路;346-2路;346路;346路万乐支线;551路;552路;S11路/商务公交11号线,,0,0,126.575151,45.785859,,,http://map.baidu.com/,,,,,,,,,,,,,,,,,,,,0
18765649694d6d21d618b74f,冰雪大世界,交通设施,公交车站,黑龙江省,哈尔滨市,松北区,29路;127路;223路,,0,0,126.57516,45.785853,,,http://map.baidu.com/,,,,,,,,,,,,,,,,,,,,0
33c198e271fc9861c9e33cc9,冰雪大世界,交通设施,公交车站,黑龙江省,哈尔滨市,松北区,29路;42路;43路;47路;80路;80路前沙坨子支线;80路王玉村支线;119路;125路;126路;127路;211路;212路;213路;215路;216路;219路;219路[石油学院区间];223路;225路;226路;346-2路;346路;346路万乐支线;551路;552路;S11路/商务公交11号线,,0,0,126.575037,45.785826,,,http://map.baidu.com/,,,,,,,,,,,,,,,,,,,,0
d5e3a8383863220473455b74,北岸明珠小区,交通设施,公交车站,黑龙江省,哈尔滨市,松北区,35路;42路;80路;80路前沙坨子支线;80路王玉村支线;125路;126路;146路;221路;新区1号线,,0,0,126.557598,45.812117,,,http://map.baidu.com/,,,,,,,,,,,,,,,,,,,,0
ec819c229cd7fea5354aaece,北岸明珠小区,交通设施,公交车站,黑龙江省,哈尔滨市,松北区,新区3号线,,0,0,126.557966,45.812861,,,http://map.baidu.com/,,,,,,,,,,,,,,,,,,,,0
8695061e177b1d9b077ce802,北岸明珠小区,交通设施,公交车站,黑龙江省,哈尔滨市,松北区,35路;42路;80路;80路前沙坨子支线;80路王玉村支线;122路;125路;126路;146路;221路;新区1号线,,0,0,126.557945,45.812896,,,http://map.baidu.com/,,,,,,,,,,,,,,,,,,,,0
c2c194094336e41381288a67,北岸明珠小区,交通设施,公交车站,黑龙江省,哈尔滨市,松北区,29路;43路;47路;119路;211路;213路;216路;219路;219路[石油学院区间];225路;226路,,0,0,126.559524,45.810343,,,http://map.baidu.com/,,,,,,,,,,,,,,,,,,,,0
d6f39ff56b53fb6b581093fa,松北区行政服务中心(新新怡园),交通设施,公交车站,黑龙江省,哈尔滨市,松北区,29路;35路;119路;122路;127路;146路;新区1号线,,0,0,126.562841,45.81315,,,http://map.baidu.com/,,,,,,,,,,,,,,,,,,,,0
ab747918b1627548b13c812c,松北区行政服务中心(新新怡园),交通设施,公交车站,黑龙江省,哈尔滨市,松北区,29路;35路;119路;122路;127路;146路;新区1号线,,0,0,126.561583,45.813062,,,http://map.baidu.com/,,,,,,,,,,,,,,,,,,,,0
d7445d815a15d2bf31f71dfb,北岸明珠小区南门,交通设施,公交车站,黑龙江省,哈尔滨市,松北区,226路,,0,0,126.556034,45.809545,,,http://map.baidu.com/,,,,,,,,,,,,,,,,,,,,0
4d79a0912e46f553ddee8b05,北岸明珠小区南门,交通设施,公交车站,黑龙江省,哈尔滨市,松北区,226路,,0,0,126.555163,45.809555,,,http://map.baidu.com/,,,,,,,,,,,,,,,,,,,,0
b2a4379d7bf69260ca29159a,学海街(松北一路口),交通设施,公交车站,黑龙江省,哈尔滨市,松北区,29路;35路;119路;122路;127路;146路;新区1号线,,0,0,126.568129,45.814327,,,http://map.baidu.com/,,,,,,,,,,,,,,,,,,,,0
5263034eb40a7805a3acc4d7,松北区行政服务中心(新新怡园),交通设施,公交车站,黑龙江省,哈尔滨市,松北区,29路;35路;119路;122路;127路;146路;新区1号线,,0,0,126.56338,45.813187,,,http://map.baidu.com/,,,,,,,,,,,,,,,,,,,,0
d4adf0888ccf67f129fc482e,冰雪大世界[机场巴士站],交通设施,公交车站,黑龙江省,哈尔滨市,松北区,机场大巴4号线,,0,0,126.577197,45.784246,,,http://map.baidu.com/,,,,,,,,,,,,,,,,,,,,0
a4185b0c88120514cf06a4c5,冰雪大世界道口,交通设施,公交车站,黑龙江省,哈尔滨市,松北区,旅游巴士3号线,,0,0,126.57751,45.788175,,,http://map.baidu.com/,,,,,,,,,,,,,,,,,,,,0
52efffa78e3474dd8c1a8935,北岸明珠小区,交通设施,公交车站,黑龙江省,哈尔滨市,松北区,29路;35路;42路;43路;47路;80路;80路前沙坨子支线;80路王玉村支线;119路;122路;125路;126路;127路;146路;211路;212路;213路;215路;216路;219路;219路[石油学院区间];221路;223路;225路;226路;新区1号线;新区3号线,,0,0,126.558504,45.811833,,,http://map.baidu.com/,,,,,,,,,,,,,,,,,,,,0
be9304c92bb89d515fbe8667,科技馆,交通设施,公交车站,黑龙江省,哈尔滨市,松北区,旅游巴士3号线,,0,0,126.583121,45.784485,,,http://map.baidu.com/,,,,,,,,,,,,,,,,,,,,0
f81b933be7ecbd7cd92f28d7,北岸明珠小区南门,交通设施,公交车站,黑龙江省,哈尔滨市,松北区,226路,,0,0,126.556906,45.809535,,,http://map.baidu.com/,,,,,,,,,,,,,,,,,,,,0
0324a6eefd8bc4593617dc5d,笨熊乐园,交通设施,公交车站,黑龙江省,哈尔滨市,松北区,太阳岛景区内部观光车,,0,0,126.60642,45.799194,,,http://map.baidu.com/,,,,,,,,,,,,,,,,,,,,0
da9159a9aaa6d7bace04ef0e,笨熊乐园,交通设施,公交车站,黑龙江省,哈尔滨市,松北区,太阳岛景区内部观光车,,0,0,126.60642,45.799194,,,http://map.baidu.com/,,,,,,,,,,,,,,,,,,,,0
f833f0e9622de646cf06a4cd,浴日台,交通设施,公交车站,黑龙江省,哈尔滨市,松北区,太阳岛景区内部观光车,,0,0,126.608717,45.8021,,,http://map.baidu.com/,,,,,,,,,,,,,,,,,,,,0
118fae80d70864483c9a5ee3,水阁云天,交通设施,公交车站,黑龙江省,哈尔滨市,松北区,太阳岛景区内部观光车,,0,0,126.602072,45.797591,,,http://map.baidu.com/,,,,,,,,,,,,,,,,,,,,0
ee6954ec06055180b04c4900,九站公交首末站,交通设施,公交车站,黑龙江省,哈尔滨市,道里区,8路;75路;103路;118路,,0,0,126.613658,45.782404,,,http://map.baidu.com/,,,,,,,,,,,,,,,,,,,,0
6062ceb0bd4868c916c905b4,太阳岛[索道站],交通设施,公交车站,黑龙江省,哈尔滨市,松北区,松花江索道,,0,0,126.607479,45.791727,,,http://map.baidu.com/,,,,,,,,,,,,,,,,,,,,0
f7c1f955a54a19758a36ee72,东北抗联纪念馆,交通设施,公交车站,黑龙江省,哈尔滨市,松北区,太阳岛观光线路,,0,0,126.613578,45.796496,,,http://map.baidu.com/,,,,,,,,,,,,,,,,,,,,0
7877252426d22f7de011034a,太阳瀑,交通设施,公交车站,黑龙江省,哈尔滨市,松北区,太阳岛景区内部观光车,,0,0,126.598862,45.803736,,,http://map.baidu.com/,,,,,,,,,,,,,,,,,,,,0
c0129f0a2d1c621cc1f1cf8e,太阳岛三联[码头],交通设施,公交车站,黑龙江省,哈尔滨市,松北区,九站太阳岛三联轮渡;七道街太阳岛三联轮渡,,0,0,126.61533,45.794217,,,http://map.baidu.com/,,,,,,,,,,,,,,,,,,,,0
968f4ca7d5b947e49868b46d,栖凤台,交通设施,公交车站,黑龙江省,哈尔滨市,松北区,太阳岛景区内部观光车,,0,0,126.604165,45.795527,,,http://map.baidu.com/,,,,,,,,,,,,,,,,,,,,0
89fbb691124580ed704b8722,市人大,交通设施,公交车站,黑龙江省,哈尔滨市,道里区,12路;13路;23路;24路;29路;42路;47路;56路;65路;74路;85路;95路;128路;201路;S11路/商务公交11号线;旅游巴士3号线,,0,0,126.612635,45.781059,,,http://map.baidu.com/,,,,,,,,,,,,,,,,,,,,0
316d214e8d93d2771fe99945,三联码头,交通设施,公交车站,黑龙江省,哈尔滨市,松北区,太阳岛观光线路,,0,0,126.614815,45.794532,,,http://map.baidu.com/,,,,,,,,,,,,,,,,,,,,0
53878337104009fa5cd4feb3,坐龙广场,交通设施,公交车站,黑龙江省,哈尔滨市,松北区,太阳岛景区内部观光车,,0,0,126.601958,45.794546,,,http://map.baidu.com/,,,,,,,,,,,,,,,,,,,,0
8aacb350ab40cfe2882fb5b4,松鼠岛,交通设施,公交车站,黑龙江省,哈尔滨市,松北区,太阳岛景区内部观光车,,0,0,126.592518,45.800325,,,http://map.baidu.com/,,,,,,,,,,,,,,,,,,,,0
8c8f80057a0fdf33902ca36c,船厂,交通设施,公交车站,黑龙江省,哈尔滨市,松北区,49路,,0,0,126.624501,45.806716,,,http://map.baidu.com/,,,,,,,,,,,,,,,,,,,,0
2d48b6e108da820cc17da28b,索道码头,交通设施,公交车站,黑龙江省,哈尔滨市,松北区,太阳岛观光线路,,0,0,126.607657,45.791829,,,http://map.baidu.com/,,,,,,,,,,,,,,,,,,,,0
bf9b40a27068449a5d0d02d4,浴日台,交通设施,公交车站,黑龙江省,哈尔滨市,松北区,太阳岛景区内部观光车,,0,0,126.608717,45.8021,,,http://map.baidu.com/,,,,,,,,,,,,,,,,,,,,0
fb78197913f15abd9cf779e5,太阳桥,交通设施,公交车站,黑龙江省,哈尔滨市,松北区,太阳岛景区内部观光车,,0,0,126.599832,45.793584,,,http://map.baidu.com/,,,,,,,,,,,,,,,,,,,,0
771b64465c45b44f7f29bde4,九站[码头],交通设施,公交车站,黑龙江省,哈尔滨市,道里区,九站太阳岛三联轮渡,,0,0,126.6141,45.784495,,,http://map.baidu.com/,,,,,,,,,,,,,,,,,,,,0
a0623248f81aca0fbc48425d,水阁云天,交通设施,公交车站,黑龙江省,哈尔滨市,松北区,太阳岛景区内部观光车,,0,0,126.602072,45.797591,,,http://map.baidu.com/,,,,,,,,,,,,,,,,,,,,0
0ca6f7a473f02425cb09f042,斜拉桥轮渡码头,交通设施,公交车站,黑龙江省,哈尔滨市,松北区,太阳岛观光线路,,0,0,126.605479,45.790859,,,http://map.baidu.com/,,,,,,,,,,,,,,,,,,,,0
750684023a9f98d2ae080f63,青年宫,交通设施,公交车站,黑龙江省,哈尔滨市,道里区,26路,,0,0,126.631466,45.789748,,,http://map.baidu.com/,,,,,,,,,,,,,,,,,,,,0
c8dc54fc4e51ad0757bfffbc,船厂,交通设施,公交车站,黑龙江省,哈尔滨市,松北区,49路,,0,0,126.624506,45.806715,,,http://map.baidu.com/,,,,,,,,,,,,,,,,,,,,0
5944dfab93d2783ecafa5f7d,通江湿地公交枢纽站,交通设施,公交车站,黑龙江省,哈尔滨市,道里区,2路;2路夜班车;4路;16路,,0,0,126.618076,45.784147,,,http://map.baidu.com/,,,,,,,,,,,,,,,,,,,,0
7bf5dfa20080ba89b13c814b,景区三号门俄罗斯风情小镇,交通设施,公交车站,黑龙江省,哈尔滨市,松北区,太阳岛观光线路,,0,0,126.606564,45.792916,,,http://map.baidu.com/,,,,,,,,,,,,,,,,,,,,0
755d6bca858ab7364f6d46a3,友谊宫,交通设施,公交车站,黑龙江省,哈尔滨市,道里区,9路;79路,,0,0,126.614638,45.781551,,,http://map.baidu.com/,,,,,,,,,,,,,,,,,,,,0
e4be43a2e10f02b4b13c810f,防洪纪念塔(百盛购物广场),交通设施,公交车站,黑龙江省,哈尔滨市,道里区,2路;2路夜班车;23路;24路;56路;65路;74路;79路;85路;103路;118路;201路,,0,0,126.622236,45.784294,,,http://map.baidu.com/,,,,,,,,,,,,,,,,,,,,0
9dd87640c9002199b04c4917,船厂,交通设施,公交车站,黑龙江省,哈尔滨市,松北区,49路,,0,0,126.624497,45.806718,,,http://map.baidu.com/,,,,,,,,,,,,,,,,,,,,0
f867108a18b6828eabf7290a,中东铁路桥,交通设施,公交车站,黑龙江省,哈尔滨市,松北区,太阳岛观光线路,,0,0,126.622666,45.804103,,,http://map.baidu.com/,,,,,,,,,,,,,,,,,,,,0
6e903c50fc65f76933621226,防洪纪念塔(友谊路),交通设施,公交车站,黑龙江省,哈尔滨市,道里区,2路;4路;8路;12路;16路;23路;29路;64路;94路;94路区间;95路;101路;102路;102路夜班车;103路;114路;118路;126路;128路;132路;136路;S11路/商务公交11号线;旅游巴士3号线,,0,0,126.626347,45.784557,,,http://map.baidu.com/,,,,,,,,,,,,,,,,,,,,0
275122a3b3fd2bf7f11937dd,水上公园,交通设施,公交车站,黑龙江省,哈尔滨市,松北区,太阳岛观光线路,,0,0,126.618207,45.801906,,,http://map.baidu.com/,,,,,,,,,,,,,,,,,,,,0
252a61e32355dff9b6f42f30,友谊园,交通设施,公交车站,黑龙江省,哈尔滨市,松北区,太阳岛景区内部观光车,,0,0,126.597714,45.799515,,,http://map.baidu.com/,,,,,,,,,,,,,,,,,,,,0
a8a3200ed45492fd1576433b,通江湿地公交枢纽站[索道站],交通设施,公交车站,黑龙江省,哈尔滨市,道里区,松花江索道,,0,0,126.616806,45.784473,,,http://map.baidu.com/,,,,,,,,,,,,,,,,,,,,0
5e4aa2b5f48ca41132f71dcf,防洪纪念塔(友谊路),交通设施,公交车站,黑龙江省,哈尔滨市,道里区,2路;16路;118路,,0,0,126.625857,45.784574,,,http://map.baidu.com/,,,,,,,,,,,,,,,,,,,,0
c6eb0eb6a67706d9ede4a545,防洪纪念塔(友谊路),交通设施,公交车站,黑龙江省,哈尔滨市,道里区,4路;8路;12路;23路;29路;95路;103路,,0,0,126.625797,45.784901,,,http://map.baidu.com/,,,,,,,,,,,,,,,,,,,,0
54674a131450c1b628201a6a,通江湿地公交枢纽站,交通设施,公交车站,黑龙江省,哈尔滨市,道里区,2路;2路夜班车;4路;16路,,0,0,126.617993,45.783923,,,http://map.baidu.com/,,,,,,,,,,,,,,,,,,,,0
b37a1e052120c4053c9a5e18,太阳瀑,交通设施,公交车站,黑龙江省,哈尔滨市,松北区,太阳岛景区内部观光车,,0,0,126.598862,45.803736,,,http://map.baidu.com/,,,,,,,,,,,,,,,,,,,,0
d7d352589b0869d46140a95d,青年宫,交通设施,公交车站,黑龙江省,哈尔滨市,道里区,26路;52路;83路,,0,0,126.630327,45.789332,,,http://map.baidu.com/,,,,,,,,,,,,,,,,,,,,0
780dfa9744f7d6c0b1077d7e,太阳岛,交通设施,公交车站,黑龙江省,哈尔滨市,松北区,旅游巴士3号线,,0,0,126.592963,45.792101,,,http://map.baidu.com/,,,,,,,,,,,,,,,,,,,,0
87418714676d81a7eee4a5d5,松鼠岛,交通设施,公交车站,黑龙江省,哈尔滨市,松北区,太阳岛景区内部观光车,,0,0,126.592518,45.800325,,,http://map.baidu.com/,,,,,,,,,,,,,,,,,,,,0
5491ed580b2f2b10f02d8348,太阳石广场极地馆,交通设施,公交车站,黑龙江省,哈尔滨市,松北区,太阳岛观光线路,,0,0,126.598104,45.791663,,,http://map.baidu.com/,,,,,,,,,,,,,,,,,,,,0
f3dd0679a978f271626858fc,防洪纪念塔(百盛购物广场),交通设施,公交车站,黑龙江省,哈尔滨市,道里区,2路;2路夜班车;23路;24路;56路;65路;74路;79路;85路;103路;118路;201路,,0,0,126.622331,45.784257,,,http://map.baidu.com/,,,,,,,,,,,,,,,,,,,,0
17f2f53d6d91e6a816c90552,省航运站,交通设施,公交车站,黑龙江省,哈尔滨市,道外区,70路,,0,0,126.648214,45.795294,,,http://map.baidu.com/,,,,,,,,,,,,,,,,,,,,0
2aa43e34d44c8b8af4b916f3,道外七道街,交通设施,公交车站,黑龙江省,哈尔滨市,道外区,1路;3路;12路;19路;24路;28路;56路;64路;70路早晚高峰;76路;79路;94路;94路区间;107路;108路;109路;206路;207路;239路;356路,,0,0,126.65019,45.792868,,,http://map.baidu.com/,,,,,,,,,,,,,,,,,,,,0
07b99f69da0b011ca3d230ce,道外北十四道街,交通设施,公交车站,黑龙江省,哈尔滨市,道外区,7路,,0,0,126.654974,45.798456,,,http://map.baidu.com/,,,,,,,,,,,,,,,,,,,,0
7efbeba531d579326fa3ccac,靖宇街,交通设施,公交车站,黑龙江省,哈尔滨市,道外区,24路,,0,0,126.651718,45.79177,,,http://map.baidu.com/,,,,,,,,,,,,,,,,,,,,0
1516fc38ca6aa39e0a5cb332,靖宇街,交通设施,公交车站,黑龙江省,哈尔滨市,道外区,7路;24路;60路;76路;145路;388路,,0,0,126.657016,45.794252,,,http://map.baidu.com/,,,,,,,,,,,,,,,,,,,,0
1a9063e6a1f00cfc3a04b13c,靖宇街,交通设施,公交车站,黑龙江省,哈尔滨市,道外区,7路;60路;76路;145路;388路,,0,0,126.657876,45.795142,,,http://map.baidu.com/,,,,,,,,,,,,,,,,,,,,0
449e0e8fb00370570aa8d4ef,靖宇街,交通设施,公交车站,黑龙江省,哈尔滨市,道外区,24路,,0,0,126.652427,45.791229,,,http://map.baidu.com/,,,,,,,,,,,,,,,,,,,,0
9b10793bce742aec3a04b1ce,道外十二道街[临时站],交通设施,公交车站,黑龙江省,哈尔滨市,道外区,28路,,0,0,126.655811,45.795736,,,http://map.baidu.com/,,,,,,,,,,,,,,,,,,,,0
9a17d64c7b5f68bf46e274d4,道外十二道街,交通设施,公交车站,黑龙江省,哈尔滨市,道外区,1路;3路;12路;19路;28路;64路;70路;70路早晚高峰;76路;79路;94路;94路区间;95路;107路;108路;109路;206路;207路;239路;356路,,0,0,126.655579,45.795614,,,http://map.baidu.com/,,,,,,,,,,,,,,,,,,,,0
8326e57b35b15d3c631809e9,七道街[码头],交通设施,公交车站,黑龙江省,哈尔滨市,道外区,七道街船厂轮渡;七道街太阳岛三联轮渡,,0,0,126.646029,45.795773,,,http://map.baidu.com/,,,,,,,,,,,,,,,,,,,,0
803de4e6546ada5d62685895,道外北十四道街,交通设施,公交车站,黑龙江省,哈尔滨市,道外区,7路,,0,0,126.655082,45.798359,,,http://map.baidu.com/,,,,,,,,,,,,,,,,,,,,0
ddc8303d0cbeaa50ca1b956b,景阳街,交通设施,公交车站,黑龙江省,哈尔滨市,道外区,1路;3路;19路;26路;28路;107路;108路;109路,,0,0,126.643303,45.788831,,,http://map.baidu.com/,,,,,,,,,,,,,,,,,,,,0
a71ead56470b0e033210af36,南勋街,交通设施,公交车站,黑龙江省,哈尔滨市,道外区,24路;120路;205路;357路,,0,0,126.655458,45.788407,,,http://map.baidu.com/,,,,,,,,,,,,,,,,,,,,0
cd30d5ec0567bac002294f6e,滨江站,交通设施,公交车站,黑龙江省,哈尔滨市,道外区,7路;36路;56路;61路;65路;72路;73路;87路;97路;106路;115路;116路;121路;132路;145路,,0,0,126.662408,45.781854,,,http://map.baidu.com/,,,,,,,,,,,,,,,,,,,,0
f0b74a1fd7eacd3d3b13fd86,道外十六道街,交通设施,公交车站,黑龙江省,哈尔滨市,道外区,12路;79路;206路;207路;356路;388路,,0,0,126.659524,45.797076,,,http://map.baidu.com/,,,,,,,,,,,,,,,,,,,,0
c032e505fa51087ec41b75a6,靖宇街,交通设施,公交车站,黑龙江省,哈尔滨市,道外区,7路;60路;145路;388路,,0,0,126.658414,45.794516,,,http://map.baidu.com/,,,,,,,,,,,,,,,,,,,,0
c73fa7dacca698874c3a59f8,南勋街,交通设施,公交车站,黑龙江省,哈尔滨市,道外区,24路,,0,0,126.654922,45.789014,,,http://map.baidu.com/,,,,,,,,,,,,,,,,,,,,0
d2aee36347a9b511631c6780,道外十六道街,交通设施,公交车站,黑龙江省,哈尔滨市,道外区,3路;12路;19路;60路;76路;79路;95路;107路;108路;109路;145路;206路;207路;239路;356路;388路,,0,0,126.660402,45.797399,,,http://map.baidu.com/,,,,,,,,,,,,,,,,,,,,0
6f8cbbfae0e972b104fef521,江畔路,交通设施,公交车站,黑龙江省,哈尔滨市,道外区,83路,,0,0,126.639076,45.79149,,,http://map.baidu.com/,,,,,,,,,,,,,,,,,,,,0
8f88b48d4c88681c9122e02b,阿拉伯广场,交通设施,公交车站,黑龙江省,哈尔滨市,道外区,7路;28路;36路;60路;64路;70路;70路早晚高峰;73路;87路;94路;94路区间;120路;145路;202路;205路;388路,,0,0,126.659283,45.79298,,,http://map.baidu.com/,,,,,,,,,,,,,,,,,,,,0
3f31ddce8e44781cc2f1cf36,滨江新城公交首末站,交通设施,公交车站,黑龙江省,哈尔滨市,道外区,28路;106路;108路;122路;132路,,0,0,126.6665,45.786666,,,http://map.baidu.com/,,,,,,,,,,,,,,,,,,,,0
04acbce5996f535189f15dbd,道台府,交通设施,公交车站,黑龙江省,哈尔滨市,道外区,3路;12路;19路;36路;60路;73路;76路;79路;95路;107路;108路;145路;206路;207路;239路;388路,,0,0,126.664862,45.798714,,,http://map.baidu.com/,,,,,,,,,,,,,,,,,,,,0
1188bf79bd27ca880c0a70e0,太古十四道街,交通设施,公交车站,黑龙江省,哈尔滨市,道外区,7路;24路;28路;36路;61路;65路;70路;70路早晚高峰;72路;73路;87路;94路;94路区间;97路;145路;202路;388路,,0,0,126.661913,45.788857,,,http://map.baidu.com/,,,,,,,,,,,,,,,,,,,,0
30ec25d85d41d893b6147f6a,南极街,交通设施,公交车站,黑龙江省,哈尔滨市,道外区,3路;5路;5路夜班车;7路;10路;26路;36路;40路;56路;60路;61路;65路;72路;73路;87路;97路;106路;130路;132路;145路,,0,0,126.657272,45.78047,,,http://map.baidu.com/,,,,,,,,,,,,,,,,,,,,0
446c8405ea2507f9882fb5ad,江畔路,交通设施,公交车站,黑龙江省,哈尔滨市,道外区,83路,,0,0,126.639076,45.79149,,,http://map.baidu.com/,,,,,,,,,,,,,,,,,,,,0
1fd5d60f8ece96c34afc8dac,南平街,交通设施,公交车站,黑龙江省,哈尔滨市,道外区,4路;5路;5路夜班车;28路;40路;53路;61路;65路;130路;205路,,0,0,126.650525,45.781357,,,http://map.baidu.com/,,,,,,,,,,,,,,,,,,,,0
3e2590d8eb3be400d02dd67b,南马路,交通设施,公交车站,黑龙江省,哈尔滨市,道外区,1路;4路;5路;5路夜班车;19路;28路;53路;61路;65路;107路;108路;109路;113路;114路;120路;130路;132路;136路;205路;388路,,0,0,126.646637,45.780377,,,http://map.baidu.com/,,,,,,,,,,,,,,,,,,,,0
ea0988b7a8f38adf5a3ac8b7,金蟾商厦,交通设施,公交车站,黑龙江省,哈尔滨市,道外区,64路;72路;97路;357路,,0,0,126.665066,45.791559,,,http://map.baidu.com/,,,,,,,,,,,,,,,,,,,,0
e7d8e97f24861bd93b221c6e,仁里街,交通设施,公交车站,黑龙江省,哈尔滨市,道外区,84路,,0,0,126.666968,45.794488,,,http://map.baidu.com/,,,,,,,,,,,,,,,,,,,,0
7504ccb7cd9f35eea0acc4e7,一面街,交通设施,公交车站,黑龙江省,哈尔滨市,道里区,4路;20路;52路;56路;76路;83路;101路;102路;102路夜班车;131路;205路;207路;239路;356路,,0,0,126.63631,45.784017,,,http://map.baidu.com/,,,,,,,,,,,,,,,,,,,,0
1e10bfee53f89ecd343a7152,南极街,交通设施,公交车站,黑龙江省,哈尔滨市,道外区,97路,,0,0,126.658982,45.780347,,,http://map.baidu.com/,,,,,,,,,,,,,,,,,,,,0
6742a2a56e36cdf6ddee8b67,市老年大学,交通设施,公交车站,黑龙江省,哈尔滨市,道外区,12路;24路;26路;64路;76路;79路;94路;94路区间;95路;206路;207路;239路;356路,,0,0,126.637317,45.789515,,,http://map.baidu.com/,,,,,,,,,,,,,,,,,,,,0
4cf650a1163daabd3f9a5e47,松浦大桥,交通设施,公交车站,黑龙江省,哈尔滨市,道外区,1路;12路;72路;73路;79路;84路;87路;92路;95路;107路;120路;206路;388路,,0,0,126.669176,45.800021,,,http://map.baidu.com/,,,,,,,,,,,,,,,,,,,,0
9a91d1c56339078154bfffc9,靖宇二十道街,交通设施,公交车站,黑龙江省,哈尔滨市,道外区,1路;72路;84路;87路;92路;108路;120路;122路;202路;205路;231路[哈铁文化小区支线];231路支线;266路;268路;356路;553路,,0,0,126.668327,45.796961,,,http://map.baidu.com/,,,,,,,,,,,,,,,,,,,,0
cc6ae355284e01a997ec8473,太古十六道街,交通设施,公交车站,黑龙江省,哈尔滨市,道外区,4路;61路;65路;94路;94路区间,,0,0,126.666291,45.789544,,,http://map.baidu.com/,,,,,,,,,,,,,,,,,,,,0
d7d352589b0869d46140a95d,青年宫,交通设施,公交车站,黑龙江省,哈尔滨市,道里区,26路;52路;83路,,0,0,126.630327,45.789332,,,http://map.baidu.com/,,,,,,,,,,,,,,,,,,,,0
3045de33e6c102bf157643cf,道外客运站[机场巴士站],交通设施,公交车站,黑龙江省,哈尔滨市,道外区,机场大巴3号线,,0,0,126.651842,45.778526,,,http://map.baidu.com/,,,,,,,,,,,,,,,,,,,,0
f8f96e1365ddac2b16b54b9b,大方里小区,交通设施,公交车站,黑龙江省,哈尔滨市,道外区,24路;70路;70路早晚高峰;115路;116路;121路;202路,,0,0,126.67084,45.785624,,,http://map.baidu.com/,,,,,,,,,,,,,,,,,,,,0
5f4206721421f1256018090c,南平街,交通设施,公交车站,黑龙江省,哈尔滨市,道外区,4路;5路;5路夜班车;40路;53路;61路;65路;130路;205路,,0,0,126.651004,45.781523,,,http://map.baidu.com/,,,,,,,,,,,,,,,,,,,,0
284270c5ec57dfe3c9fa5f2d,太古头道街,交通设施,公交车站,黑龙江省,哈尔滨市,道外区,4路;60路;120路;205路;357路;388路,,0,0,126.6487,45.78495,,,http://map.baidu.com/,,,,,,,,,,,,,,,,,,,,0
ab0accaabfb8c0b570210b4b,更新街,交通设施,公交车站,黑龙江省,哈尔滨市,道外区,1路;12路;19路;72路;73路;76路;79路;84路;87路;92路;95路;107路;120路;206路;388路,,0,0,126.674386,45.801506,,,http://map.baidu.com/,,,,,,,,,,,,,,,,,,,,0
bc62731d8d65c36b82a00c30,松浦大桥南,交通设施,公交车站,黑龙江省,哈尔滨市,道外区,108路;266路;553路,,0,0,126.667114,45.799999,,,http://map.baidu.com/,,,,,,,,,,,,,,,,,,,,0
5817f203b9cbe2af82288a25,太平桥,交通设施,公交车站,黑龙江省,哈尔滨市,道外区,6路;6路夜班车;14路;30路;37路;53路;55路;61路;66路;73路;74路;105路;266路;268路;331路;334路;339路;339路白渔泡支线;352路;355路;355路白渔泡支线;355路巨源支线;356路;358路;360路;366路;375路;380路;385路;385路区间;398路;郊5路上烟村支线;郊5路兴隆沟支线;郊5路永源支线,,0,0,126.687238,45.791424,,,http://map.baidu.com/,,,,,,,,,,,,,,,,,,,,0
2dbf6550c355bff3283a9f23,黑龙江工程学院,交通设施,公交车站,黑龙江省,哈尔滨市,道外区,4路;37路;268路;356路,,0,0,126.694284,45.793843,,,http://map.baidu.com/,,,,,,,,,,,,,,,,,,,,0
bfce8fb00e70557f52e5c537,道外公安分局,交通设施,公交车站,黑龙江省,哈尔滨市,道外区,6路;6路夜班车;30路;55路;66路,,0,0,126.697629,45.795017,,,http://map.baidu.com/,,,,,,,,,,,,,,,,,,,,0
f1e9588d907661ce2ce67b6b,道外公安分局,交通设施,公交车站,黑龙江省,哈尔滨市,道外区,4路;6路;6路夜班车;30路;37路;53路;55路;66路;74路;116路;203路;268路;331路;334路;339路;339路白渔泡支线;352路;355路;355路白渔泡支线;355路巨源支线;356路;358路;360路;375路;380路;385路;385路区间;398路;郊5路上烟村支线;郊5路兴隆沟支线;郊5路永源支线,,0,0,126.697824,45.795036,,,http://map.baidu.com/,,,,,,,,,,,,,,,,,,,,0
90346264bbea3d70364aae4a,太平大街,交通设施,公交车站,黑龙江省,哈尔滨市,道外区,35路;65路;115路;359路,,0,0,126.697333,45.796616,,,http://map.baidu.com/,,,,,,,,,,,,,,,,,,,,0
99769b7a339f26a8e507382d,通港街,交通设施,公交车站,黑龙江省,哈尔滨市,道外区,84路;366路,,0,0,126.691022,45.802166,,,http://map.baidu.com/,,,,,,,,,,,,,,,,,,,,0
1f94d5b14f3e1f6680a12ebe,太平南四道街,交通设施,公交车站,黑龙江省,哈尔滨市,道外区,4路;35路;41路;61路;65路;73路;115路;116路;121路;266路;268路;355路;355路白渔泡支线;355路巨源支线;356路;357路;358路;359路;366路;380路;398路,,0,0,126.687855,45.79349,,,http://map.baidu.com/,,,,,,,,,,,,,,,,,,,,0
7c308aba8c7104e58bdb7304,太平桥[机场巴士站],交通设施,公交车站,黑龙江省,哈尔滨市,道外区,机场大巴3号线,,0,0,126.691481,45.79076,,,http://map.baidu.com/,,,,,,,,,,,,,,,,,,,,0
0f37e5b152337ec139e4a65e,通港街,交通设施,公交车站,黑龙江省,哈尔滨市,道外区,92路;366路,,0,0,126.690905,45.802343,,,http://map.baidu.com/,,,,,,,,,,,,,,,,,,,,0
12ef000967e580d76ca3cc5b,桦树街,交通设施,公交车站,黑龙江省,哈尔滨市,道外区,55路;74路;76路;93路;116路;268路;367路,,0,0,126.701207,45.794425,,,http://map.baidu.com/,,,,,,,,,,,,,,,,,,,,0
a9aef62e7d0c76bb8bb9888c,桦树街,交通设施,公交车站,黑龙江省,哈尔滨市,道外区,55路;74路;76路;116路;268路,,0,0,126.701382,45.794255,,,http://map.baidu.com/,,,,,,,,,,,,,,,,,,,,0
4f18c60db66e3574c8c3db2a,宏南街,交通设施,公交车站,黑龙江省,哈尔滨市,道外区,27路;33路;55路;74路;76路;90路;93路;268路;367路,,0,0,126.702488,45.789684,,,http://map.baidu.com/,,,,,,,,,,,,,,,,,,,,0
e68c661e7bd642559a0050fd,桦树街,交通设施,公交车站,黑龙江省,哈尔滨市,道外区,6路;6路夜班车;19路;27路;30路;33路;35路;51路;53路;55路;65路;74路;76路;84路;90路;93路;116路;120路;121路;206路;231路;268路;332路;365路;367路;380路区间;郊5路;郊5路巨源支线;郊5路永平支线,,0,0,126.706882,45.794132,,,http://map.baidu.com/,,,,,,,,,,,,,,,,,,,,0
8a9552e2f91d160e6dc02c3a,太平北三道街,交通设施,公交车站,黑龙江省,哈尔滨市,道外区,35路;65路;115路;359路,,0,0,126.692155,45.794958,,,http://map.baidu.com/,,,,,,,,,,,,,,,,,,,,0
e0ac0f89ab68fb5654bfff41,港务局,交通设施,公交车站,黑龙江省,哈尔滨市,道外区,12路;19路;76路;92路;95路;206路,,0,0,126.68658,45.805708,,,http://map.baidu.com/,,,,,,,,,,,,,,,,,,,,0
af6e90f185f16b29e812e4ec,桦树街,交通设施,公交车站,黑龙江省,哈尔滨市,道外区,27路,,0,0,126.705986,45.794353,,,http://map.baidu.com/,,,,,,,,,,,,,,,,,,,,0
ad27a60677f42e4a94ec849e,港务局,交通设施,公交车站,黑龙江省,哈尔滨市,道外区,79路;84路;120路;366路;388路,,0,0,126.687516,45.806017,,,http://map.baidu.com/,,,,,,,,,,,,,,,,,,,,0
12bf7e58ee80839f9e82eac7,港务局,交通设施,公交车站,黑龙江省,哈尔滨市,道外区,1路;12路;19路;76路;79路;84路;92路;95路;120路;206路;366路;388路,,0,0,126.687209,45.805844,,,http://map.baidu.com/,,,,,,,,,,,,,,,,,,,,0
02cee01969119f8ce0110367,油石厂,交通设施,公交车站,黑龙江省,哈尔滨市,道外区,1路;12路;19路;73路;76路;79路;84路;87路;92路;120路;206路;388路,,0,0,126.679974,45.803442,,,http://map.baidu.com/,,,,,,,,,,,,,,,,,,,,0
c59891e255329de20bccddcf,陶瓷小区,交通设施,公交车站,黑龙江省,哈尔滨市,道外区,1路;12路;87路;92路;95路;366路,,0,0,126.688299,45.803282,,,http://map.baidu.com/,,,,,,,,,,,,,,,,,,,,0
30f9516d6387a70c95ca07d7,桦树街,交通设施,公交车站,黑龙江省,哈尔滨市,道外区,90路,,0,0,126.706872,45.794466,,,http://map.baidu.com/,,,,,,,,,,,,,,,,,,,,0
86a27b04712e76f0283a9f22,大新鞋城,交通设施,公交车站,黑龙江省,哈尔滨市,道外区,14路;61路;73路;105路;121路;203路;205路;266路;357路;366路;553路,,0,0,126.693873,45.787983,,,http://map.baidu.com/,,,,,,,,,,,,,,,,,,,,0
d245ba2c6c3b0e5e09ccdd3b,宏图街,交通设施,公交车站,黑龙江省,哈尔滨市,道外区,89路;90路;105路;121路;365路,,0,0,126.696852,45.786302,,,http://map.baidu.com/,,,,,,,,,,,,,,,,,,,,0
08aa0303a177c72d43e192e5,哈东站,交通设施,公交车站,黑龙江省,哈尔滨市,道外区,4路;6路;6路夜班车;30路;33路;35路;51路;65路;66路;79路;89路;90路;93路;203路;231路;332路;334路;339路;339路白渔泡支线;352路;355路;355路白渔泡支线;355路巨源支线;356路;358路;359路;360路;365路;367路;375路;380路;380路区间;385路;385路区间;388路;398路;S4路/商务公交4号线;郊5路;郊5路巨源支线;郊5路上烟村支线;郊5路兴隆沟支线;郊5路永平支线;郊5路永源支线,,0,0,126.712148,45.796944,,,http://map.baidu.com/,,,,,,,,,,,,,,,,,,,,0
15ec20d3076ce9cd28d7ab7f,兴隆八道街,交通设施,公交车站,黑龙江省,哈尔滨市,道外区,115路;116路;121路,,0,0,126.678274,45.791589,,,http://map.baidu.com/,,,,,,,,,,,,,,,,,,,,0
a01e9ed237309a3aca1b9538,市老年医院,交通设施,公交车站,黑龙江省,哈尔滨市,道外区,4路;35路;41路;61路;65路;92路;115路;116路;121路;205路;231路[哈铁文化小区支线];231路支线;266路;268路;355路;355路白渔泡支线;355路巨源支线;356路;357路;358路;359路;380路;385路;398路;郊5路上烟村支线;郊5路兴隆沟支线;郊5路永源支线,,0,0,126.682193,45.791292,,,http://map.baidu.com/,,,,,,,,,,,,,,,,,,,,0
234117dbcd6e54eaaaf0cd03,北棵街,交通设施,公交车站,黑龙江省,哈尔滨市,道外区,90路;93路,,0,0,126.713564,45.798203,,,http://map.baidu.com/,,,,,,,,,,,,,,,,,,,,0
5e341c8d15f90c1285420ee5,木材市场,交通设施,公交车站,黑龙江省,哈尔滨市,道外区,1路;12路;19路;79路;84路;92路;95路;120路;388路,,0,0,126.684041,45.804792,,,http://map.baidu.com/,,,,,,,,,,,,,,,,,,,,0
20e55d7add902d2c4251c0bf,北棵街,交通设施,公交车站,黑龙江省,哈尔滨市,道外区,90路;93路,,0,0,126.714442,45.797991,,,http://map.baidu.com/,,,,,,,,,,,,,,,,,,,,0
346381afa6710536eaf8530c,港务局,交通设施,公交车站,黑龙江省,哈尔滨市,道外区,1路;12路;19路;76路;79路;84路;92路;120路;206路;366路;388路,,0,0,126.687396,45.80584,,,http://map.baidu.com/,,,,,,,,,,,,,,,,,,,,0
f3a6d7df177cbd951b11d512,宏伟路,交通设施,公交车站,黑龙江省,哈尔滨市,道外区,27路;33路;55路;74路;76路;93路;268路;367路,,0,0,126.704339,45.782256,,,http://map.baidu.com/,,,,,,,,,,,,,,,,,,,,0
148f55f47b3f9fd095ca073a,红平小区,交通设施,公交车站,黑龙江省,哈尔滨市,道外区,14路;61路;73路;89路;90路;203路;205路;266路;357路;365路;366路,,0,0,126.697532,45.779899,,,http://map.baidu.com/,,,,,,,,,,,,,,,,,,,,0
4cf650a1163daabd3f9a5e47,松浦大桥,交通设施,公交车站,黑龙江省,哈尔滨市,道外区,1路;12路;72路;73路;79路;84路;87路;92路;95路;107路;120路;206路;388路,,0,0,126.669176,45.800021,,,http://map.baidu.com/,,,,,,,,,,,,,,,,,,,,0
c50c6c064935414fc06c1409,南通大街,交通设施,公交车站,黑龙江省,哈尔滨市,南岗区,6路;6路夜班车;14路;30路;37路;53路;55路;66路;74路;92路;104路;104路夜班车;105路;231路[哈铁文化小区支线];231路支线;S2路区间/商务公交2号线区间,,0,0,126.677889,45.783949,,,http://map.baidu.com/,,,,,,,,,,,,,,,,,,,,0
eb4c83ae345467bd21022053,哈东站[机场巴士站],交通设施,公交车站,黑龙江省,哈尔滨市,道外区,机场大巴3号线,,0,0,126.715425,45.794747,,,http://map.baidu.com/,,,,,,,,,,,,,,,,,,,,0
9a91d1c56339078154bfffc9,靖宇二十道街,交通设施,公交车站,黑龙江省,哈尔滨市,道外区,1路;72路;84路;87路;92路;108路;120路;122路;202路;205路;231路[哈铁文化小区支线];231路支线;266路;268路;356路;553路,,0,0,126.668327,45.796961,,,http://map.baidu.com/,,,,,,,,,,,,,,,,,,,,0
ff7839ddb8c0c1ef1b94c6e9,北棵街,交通设施,公交车站,黑龙江省,哈尔滨市,道外区,90路;93路,,0,0,126.714399,45.798159,,,http://map.baidu.com/,,,,,,,,,,,,,,,,,,,,0
ab0accaabfb8c0b570210b4b,更新街,交通设施,公交车站,黑龙江省,哈尔滨市,道外区,1路;12路;19路;72路;73路;76路;79路;84路;87路;92路;95路;107路;120路;206路;388路,,0,0,126.674386,45.801506,,,http://map.baidu.com/,,,,,,,,,,,,,,,,,,,,0
87f213a636426a069de3218f,宏图街,交通设施,公交车站,黑龙江省,哈尔滨市,道外区,89路;90路;105路;121路;365路,,0,0,126.696491,45.786212,,,http://map.baidu.com/,,,,,,,,,,,,,,,,,,,,0
6333ed55533c75eb9968b442,道口街,交通设施,公交车站,黑龙江省,哈尔滨市,道外区,4路;27路;66路;79路;121路;331路;332路;334路;339路;339路白渔泡支线;352路;355路;355路白渔泡支线;355路巨源支线;356路;358路;359路;360路;367路;375路;380路;380路区间;385路;385路区间;388路;398路;郊5路;郊5路巨源支线;郊5路上烟村支线;郊5路兴隆沟支线;郊5路永平支线;郊5路永源支线,,0,0,126.725256,45.800174,,,http://map.baidu.com/,,,,,,,,,,,,,,,,,,,,0
0cdda6b6cdf3e41297031928,太平机械厂,交通设施,公交车站,黑龙江省,哈尔滨市,道外区,27路;66路;339路;352路;355路;355路白渔泡支线;355路巨源支线;356路;358路;359路;360路;380路;380路区间;388路;398路;郊5路;郊5路巨源支线;郊5路上烟村支线;郊5路兴隆沟支线;郊5路永平支线;郊5路永源支线,,0,0,126.730649,45.800001,,,http://map.baidu.com/,,,,,,,,,,,,,,,,,,,,0
9d4dfa6f6f3d5d9f95ca0783,韩家洼子,交通设施,公交车站,黑龙江省,哈尔滨市,道外区,27路;332路;334路;339路白渔泡支线;352路;355路;355路白渔泡支线;356路;358路;359路;360路;380路;380路区间;385路;385路区间;郊5路;郊5路巨源支线;郊5路上烟村支线;郊5路兴隆沟支线;郊5路永平支线;郊5路永源支线,,0,0,126.740941,45.799513,,,http://map.baidu.com/,,,,,,,,,,,,,,,,,,,,0
1ae7df134b6db45960180908,韩家洼子,交通设施,公交车站,黑龙江省,哈尔滨市,道外区,66路;339路;355路巨源支线;388路;398路,,0,0,126.742457,45.799165,,,http://map.baidu.com/,,,,,,,,,,,,,,,,,,,,0
4fa83da193eda2dba1d2309d,韩家洼子,交通设施,公交车站,黑龙江省,哈尔滨市,道外区,27路;66路;332路;334路;339路;339路白渔泡支线;352路;355路;355路白渔泡支线;356路;358路;359路;360路;380路;380路区间;385路;385路区间;398路;郊5路;郊5路巨源支线;郊5路上烟村支线;郊5路兴隆沟支线;郊5路永平支线;郊5路永源支线,,0,0,126.742058,45.799411,,,http://map.baidu.com/,,,,,,,,,,,,,,,,,,,,0
d73b226df35285eb85154128,哈东钢材市场,交通设施,公交车站,黑龙江省,哈尔滨市,道外区,27路;66路;332路;334路;339路;339路白渔泡支线;352路;355路;355路白渔泡支线;355路巨源支线;356路;358路;359路;360路;380路;380路区间;385路;385路区间;388路;398路;郊5路;郊5路巨源支线;郊5路上烟村支线;郊5路兴隆沟支线;郊5路永平支线;郊5路永源支线,,0,0,126.736558,45.799832,,,http://map.baidu.com/,,,,,,,,,,,,,,,,,,,,0
079fcceb48565976f8dc853e,韩家洼子,交通设施,公交车站,黑龙江省,哈尔滨市,道外区,27路;66路;332路;334路;339路;339路白渔泡支线;352路;355路;355路白渔泡支线;355路巨源支线;356路;358路;359路;360路;380路;380路区间;385路;385路区间;388路;398路;郊5路;郊5路巨源支线;郊5路上烟村支线;郊5路兴隆沟支线;郊5路永平支线;郊5路永源支线,,0,0,126.741643,45.799429,,,http://map.baidu.com/,,,,,,,,,,,,,,,,,,,,0
cea842e6fbe5fe527fc87635,哈东新区,交通设施,公交车站,黑龙江省,哈尔滨市,道外区,121路;367路,,0,0,126.724728,45.79592,,,http://map.baidu.com/,,,,,,,,,,,,,,,,,,,,0
771622d704da260897031947,阿什河桥,交通设施,公交车站,黑龙江省,哈尔滨市,道外区,332路;334路;339路;339路白渔泡支线;352路;355路;355路白渔泡支线;355路巨源支线;356路;358路;359路;360路;380路;380路区间;385路;385路区间;388路;398路;郊5路;郊5路巨源支线;郊5路上烟村支线;郊5路兴隆沟支线;郊5路永平支线;郊5路永源支线,,0,0,126.750977,45.796286,,,http://map.baidu.com/,,,,,,,,,,,,,,,,,,,,0
dafcb4916ce69d6ec07da272,新一街,交通设施,公交车站,黑龙江省,哈尔滨市,道外区,4路,,0,0,126.724174,45.803531,,,http://map.baidu.com/,,,,,,,,,,,,,,,,,,,,0
1bb9105c43d611e60a69d981,东化工路,交通设施,公交车站,黑龙江省,哈尔滨市,道外区,73路,,0,0,126.740263,45.78774,,,http://map.baidu.com/,,,,,,,,,,,,,,,,,,,,0
08aa0303a177c72d43e192e5,哈东站,交通设施,公交车站,黑龙江省,哈尔滨市,道外区,4路;6路;6路夜班车;30路;33路;35路;51路;65路;66路;79路;89路;90路;93路;203路;231路;332路;334路;339路;339路白渔泡支线;352路;355路;355路白渔泡支线;355路巨源支线;356路;358路;359路;360路;365路;367路;375路;380路;380路区间;385路;385路区间;388路;398路;S4路/商务公交4号线;郊5路;郊5路巨源支线;郊5路上烟村支线;郊5路兴隆沟支线;郊5路永平支线;郊5路永源支线,,0,0,126.712148,45.796944,,,http://map.baidu.com/,,,,,,,,,,,,,,,,,,,,0
9fa84395b8569c6e283a9f60,新一街,交通设施,公交车站,黑龙江省,哈尔滨市,道外区,4路,,0,0,126.724312,45.803532,,,http://map.baidu.com/,,,,,,,,,,,,,,,,,,,,0
3631389101a8c4f82b06ce54,绿荫小区,交通设施,公交车站,黑龙江省,哈尔滨市,道外区,105路,,0,0,126.71695,45.789197,,,http://map.baidu.com/,,,,,,,,,,,,,,,,,,,,0
9f5cfd00423ebf556cc02c05,新一街,交通设施,公交车站,黑龙江省,哈尔滨市,道外区,4路,,0,0,126.724037,45.80353,,,http://map.baidu.com/,,,,,,,,,,,,,,,,,,,,0
83c84e6db214d2639cf779cd,绿荫小区,交通设施,公交车站,黑龙江省,哈尔滨市,道外区,231路,,0,0,126.716854,45.788564,,,http://map.baidu.com/,,,,,,,,,,,,,,,,,,,,0
9c243c7262c4996ac336445c,阿什河桥,交通设施,公交车站,黑龙江省,哈尔滨市,道外区,332路;334路;339路;339路白渔泡支线;352路;355路;355路白渔泡支线;355路巨源支线;356路;358路;359路;360路;380路;380路区间;385路;385路区间;388路;398路;郊5路;郊5路巨源支线;郊5路上烟村支线;郊5路兴隆沟支线;郊5路永平支线;郊5路永源支线,,0,0,126.751333,45.796149,,,http://map.baidu.com/,,,,,,,,,,,,,,,,,,,,0
20e55d7add902d2c4251c0bf,北棵街,交通设施,公交车站,黑龙江省,哈尔滨市,道外区,90路;93路,,0,0,126.714442,45.797991,,,http://map.baidu.com/,,,,,,,,,,,,,,,,,,,,0
c931fc457dc66cdf25d2bbe6,悦城231小区,交通设施,公交车站,黑龙江省,哈尔滨市,道外区,58路;66路,,0,0,126.739291,45.789824,,,http://map.baidu.com/,,,,,,,,,,,,,,,,,,,,0
234117dbcd6e54eaaaf0cd03,北棵街,交通设施,公交车站,黑龙江省,哈尔滨市,道外区,90路;93路,,0,0,126.713564,45.798203,,,http://map.baidu.com/,,,,,,,,,,,,,,,,,,,,0
1ff983256f05382e0f0e6b8e,龙江电工厂,交通设施,公交车站,黑龙江省,哈尔滨市,道外区,79路;331路;375路,,0,0,126.719723,45.806012,,,http://map.baidu.com/,,,,,,,,,,,,,,,,,,,,0
b593d6172f25114bd52ce22c,东化工路,交通设施,公交车站,黑龙江省,哈尔滨市,道外区,66路,,0,0,126.742641,45.792568,,,http://map.baidu.com/,,,,,,,,,,,,,,,,,,,,0
8a3809362ecc3124bb17e7d9,哈东新区,交通设施,公交车站,黑龙江省,哈尔滨市,道外区,121路;367路,,0,0,126.724682,45.795854,,,http://map.baidu.com/,,,,,,,,,,,,,,,,,,,,0
c5ee0d076086037146e2749b,南棵街,交通设施,公交车站,黑龙江省,哈尔滨市,道外区,89路,,0,0,126.716619,45.789624,,,http://map.baidu.com/,,,,,,,,,,,,,,,,,,,,0
6b8f778dfdd7b67d9cf779c0,绿荫小区,交通设施,公交车站,黑龙江省,哈尔滨市,道外区,71路;89路;105路;120路;203路;231路,,0,0,126.716159,45.788899,,,http://map.baidu.com/,,,,,,,,,,,,,,,,,,,,0
eb4c83ae345467bd21022053,哈东站[机场巴士站],交通设施,公交车站,黑龙江省,哈尔滨市,道外区,机场大巴3号线,,0,0,126.715425,45.794747,,,http://map.baidu.com/,,,,,,,,,,,,,,,,,,,,0
ff7839ddb8c0c1ef1b94c6e9,北棵街,交通设施,公交车站,黑龙江省,哈尔滨市,道外区,90路;93路,,0,0,126.714399,45.798159,,,http://map.baidu.com/,,,,,,,,,,,,,,,,,,,,0
e980edf6465480cc07fef599,市政材料公司,交通设施,公交车站,黑龙江省,哈尔滨市,道外区,79路;375路,,0,0,126.726427,45.813491,,,http://map.baidu.com/,,,,,,,,,,,,,,,,,,,,0
7854f95eb4ba1ebf96ca073b,东化工路,交通设施,公交车站,黑龙江省,哈尔滨市,道外区,73路,,0,0,126.740263,45.78774,,,http://map.baidu.com/,,,,,,,,,,,,,,,,,,,,0
6c4e1ad053760b09b6147f50,哈东新区,交通设施,公交车站,黑龙江省,哈尔滨市,道外区,121路;367路,,0,0,126.724773,45.795986,,,http://map.baidu.com/,,,,,,,,,,,,,,,,,,,,0
02f3f3bff4fdad99badf8fe0,三棵树客运站,交通设施,公交车站,黑龙江省,哈尔滨市,道外区,203路;郊5路;郊5路巨源支线;郊5路永平支线,,0,0,126.714968,45.796453,,,http://map.baidu.com/,,,,,,,,,,,,,,,,,,,,0
295090f057e9277ae812e4b6,南棵头道街,交通设施,公交车站,黑龙江省,哈尔滨市,道外区,65路;105路,,0,0,126.714303,45.788817,,,http://map.baidu.com/,,,,,,,,,,,,,,,,,,,,0
7a355c11c46dd8b4fbdc85e7,梧桐郡小区,交通设施,公交车站,黑龙江省,哈尔滨市,道外区,79路;375路,,0,0,126.721358,45.804943,,,http://map.baidu.com/,,,,,,,,,,,,,,,,,,,,0
0f24e4331d38a8a0364aae50,雪佳防水材料厂,交通设施,公交车站,黑龙江省,哈尔滨市,道外区,79路;331路;375路,,0,0,126.723287,45.810185,,,http://map.baidu.com/,,,,,,,,,,,,,,,,,,,,0
e206ee6064f0bf63764ff1a4,天恒大街,交通设施,公交车站,黑龙江省,哈尔滨市,道外区,332路;334路;339路;339路白渔泡支线;352路;355路;355路白渔泡支线;355路巨源支线;356路;358路;359路;360路;380路;380路区间;385路;385路区间;388路;398路;郊5路;郊5路巨源支线;郊5路上烟村支线;郊5路兴隆沟支线;郊5路永平支线;郊5路永源支线,,0,0,126.760624,45.797835,,,http://map.baidu.com/,,,,,,,,,,,,,,,,,,,,0
d295c71d14e94e7ed9d891f2,三棵树大街,交通设施,公交车站,黑龙江省,哈尔滨市,道外区,115路,,0,0,126.711202,45.800441,,,http://map.baidu.com/,,,,,,,,,,,,,,,,,,,,0
bbbd74f4b346ccf21b11d5dc,检查站,交通设施,公交车站,黑龙江省,哈尔滨市,道外区,332路;334路;339路;339路白渔泡支线;352路;355路;355路白渔泡支线;355路巨源支线;356路;358路;359路;360路;380路;380路区间;385路;385路区间;388路;398路;郊5路;郊5路巨源支线;郊5路上烟村支线;郊5路兴隆沟支线;郊5路永平支线;郊5路永源支线,,0,0,126.76984,45.794567,,,http://map.baidu.com/,,,,,,,,,,,,,,,,,,,,0
782b5baf933b73a2841541f8,检查站,交通设施,公交车站,黑龙江省,哈尔滨市,道外区,332路;334路;339路;339路白渔泡支线;352路;355路;355路白渔泡支线;355路巨源支线;356路;358路;359路;360路;380路;380路区间;385路;385路区间;388路;398路;郊5路;郊5路巨源支线;郊5路上烟村支线;郊5路兴隆沟支线;郊5路永平支线;郊5路永源支线,,0,0,126.769887,45.794472,,,http://map.baidu.com/,,,,,,,,,,,,,,,,,,,,0
9a275f31a57f83550482c2c0,检查站,交通设施,公交车站,黑龙江省,哈尔滨市,道外区,332路;334路;339路;339路白渔泡支线;352路;355路;355路白渔泡支线;355路巨源支线;356路;358路;359路;360路;380路;380路区间;385路;385路区间;388路;398路;郊5路;郊5路巨源支线;郊5路上烟村支线;郊5路兴隆沟支线;郊5路永平支线;郊5路永源支线,,0,0,126.769934,45.794378,,,http://map.baidu.com/,,,,,,,,,,,,,,,,,,,,0
8cad8f8ff6060effc72ba173,迎宾家园,交通设施,公交车站,黑龙江省,哈尔滨市,道外区,339路;339路白渔泡支线;352路;355路;355路白渔泡支线;355路巨源支线;356路;358路;359路;360路;380路;380路区间;388路;398路;郊5路;郊5路巨源支线;郊5路上烟村支线;郊5路兴隆沟支线;郊5路永平支线;郊5路永源支线,,0,0,126.774902,45.793579,,,http://map.baidu.com/,,,,,,,,,,,,,,,,,,,,0
69af1c0894bc3da809b93a3e,东风商场,交通设施,公交车站,黑龙江省,哈尔滨市,道外区,332路;334路;339路;339路白渔泡支线;352路;355路;355路白渔泡支线;355路巨源支线;356路;358路;359路;360路;380路;380路区间;385路;385路区间;388路;398路;郊5路;郊5路巨源支线;郊5路上烟村支线;郊5路兴隆沟支线;郊5路永平支线;郊5路永源支线,,0,0,126.779247,45.793617,,,http://map.baidu.com/,,,,,,,,,,,,,,,,,,,,0
d88391ca777e95a445e27496,黄家崴子,交通设施,公交车站,黑龙江省,哈尔滨市,道外区,332路;334路;339路;339路白渔泡支线;352路;355路;355路白渔泡支线;355路巨源支线;356路;357路;358路;359路;360路;380路;380路区间;385路;385路区间;388路;398路;郊5路;郊5路巨源支线;郊5路上烟村支线;郊5路兴隆沟支线;郊5路永平支线;郊5路永源支线,,0,0,126.783881,45.79297,,,http://map.baidu.com/,,,,,,,,,,,,,,,,,,,,0
59dd0377f6e629b97069d3fd,黄家崴子,交通设施,公交车站,黑龙江省,哈尔滨市,道外区,332路,,0,0,126.783113,45.793917,,,http://map.baidu.com/,,,,,,,,,,,,,,,,,,,,0
8bd5b7b56ee42e99cb291599,黄家崴子道口,交通设施,公交车站,黑龙江省,哈尔滨市,道外区,398路,,0,0,126.783381,45.794036,,,http://map.baidu.com/,,,,,,,,,,,,,,,,,,,,0
f8174d4e916df3a729fc488a,黄家崴子道口,交通设施,公交车站,黑龙江省,哈尔滨市,道外区,388路;398路,,0,0,126.783635,45.793776,,,http://map.baidu.com/,,,,,,,,,,,,,,,,,,,,0
90ece8b7b993a6bb6fc02cb8,知青公园,交通设施,公交车站,黑龙江省,哈尔滨市,道外区,339路;339路白渔泡支线;355路;355路白渔泡支线;355路巨源支线;359路;360路,,0,0,126.786694,45.802359,,,http://map.baidu.com/,,,,,,,,,,,,,,,,,,,,0
85dc1a100732e1012fb90879,黄家崴子,交通设施,公交车站,黑龙江省,哈尔滨市,道外区,332路;334路;339路;339路白渔泡支线;352路;355路;355路白渔泡支线;355路巨源支线;356路;357路;358路;359路;360路;380路;380路区间;385路;385路区间;388路;郊5路;郊5路巨源支线;郊5路上烟村支线;郊5路兴隆沟支线;郊5路永平支线;郊5路永源支线,,0,0,126.784893,45.79307,,,http://map.baidu.com/,,,,,,,,,,,,,,,,,,,,0
0cad398d5b6eb9a12fb96dc0,天河小区,交通设施,公交车站,黑龙江省,哈尔滨市,道外区,332路;334路;339路;339路白渔泡支线;352路;355路;355路白渔泡支线;355路巨源支线;356路;358路;359路;360路;380路;380路区间;385路;385路区间;398路;郊5路;郊5路巨源支线;郊5路上烟村支线;郊5路兴隆沟支线;郊5路永平支线;郊5路永源支线,,0,0,126.787186,45.794343,,,http://map.baidu.com/,,,,,,,,,,,,,,,,,,,,0
723c3643a9336c2d2afc48c8,三砖厂,交通设施,公交车站,黑龙江省,哈尔滨市,道外区,332路;334路;358路;380路;380路区间;385路;385路区间;398路;郊5路;郊5路巨源支线;郊5路上烟村支线;郊5路兴隆沟支线;郊5路永平支线;郊5路永源支线,,0,0,126.798213,45.792381,,,http://map.baidu.com/,,,,,,,,,,,,,,,,,,,,0
52de309560c45b9a882fb513,第九十中学,交通设施,公交车站,黑龙江省,哈尔滨市,道外区,332路;334路;339路;339路白渔泡支线;352路;355路;355路白渔泡支线;356路;358路;359路;360路;380路;380路区间;385路;385路区间;398路;郊5路;郊5路巨源支线;郊5路上烟村支线;郊5路兴隆沟支线;郊5路永平支线;郊5路永源支线,,0,0,126.790085,45.79439,,,http://map.baidu.com/,,,,,,,,,,,,,,,,,,,,0
5f3a21f7cc686630c9e33ccf,常胜村,交通设施,公交车站,黑龙江省,哈尔滨市,道外区,360路,,0,0,126.784906,45.808427,,,http://map.baidu.com/,,,,,,,,,,,,,,,,,,,,0
094f2807263f9cef92114c00,百菜道口,交通设施,公交车站,黑龙江省,哈尔滨市,道外区,352路,,0,0,126.794369,45.793252,,,http://map.baidu.com/,,,,,,,,,,,,,,,,,,,,0
a7b89c9e3d2c25109703191c,第九十中学,交通设施,公交车站,黑龙江省,哈尔滨市,道外区,332路;334路;339路;339路白渔泡支线;352路;355路;355路白渔泡支线;355路巨源支线;356路;358路;359路;360路;380路;380路区间;385路;385路区间;398路;郊5路;郊5路巨源支线;郊5路上烟村支线;郊5路兴隆沟支线;郊5路永平支线;郊5路永源支线,,0,0,126.790751,45.794389,,,http://map.baidu.com/,,,,,,,,,,,,,,,,,,,,0
6bd37b246dd48c44fa42b22c,第九十中学,交通设施,公交车站,黑龙江省,哈尔滨市,道外区,398路,,0,0,126.790811,45.794433,,,http://map.baidu.com/,,,,,,,,,,,,,,,,,,,,0
8588f1be5024daa415a19041,第九十中学,交通设施,公交车站,黑龙江省,哈尔滨市,道外区,332路;334路;339路;339路白渔泡支线;352路;355路;355路白渔泡支线;355路巨源支线;356路;358路;359路;360路;380路;380路区间;385路;385路区间;郊5路;郊5路巨源支线;郊5路上烟村支线;郊5路兴隆沟支线;郊5路永平支线;郊5路永源支线,,0,0,126.79135,45.794374,,,http://map.baidu.com/,,,,,,,,,,,,,,,,,,,,0
524a0825d684d7dbf02d83d1,中顺监测站,交通设施,公交车站,黑龙江省,哈尔滨市,道外区,388路,,0,0,126.786338,45.787971,,,http://map.baidu.com/,,,,,,,,,,,,,,,,,,,,0
6ed3fdc727ac42febbbd636f,天恒山,交通设施,公交车站,黑龙江省,哈尔滨市,道外区,355路;355路白渔泡支线;355路巨源支线;359路;360路,,0,0,126.789998,45.796952,,,http://map.baidu.com/,,,,,,,,,,,,,,,,,,,,0
512846168953112e2fb96d75,中顺监测站,交通设施,公交车站,黑龙江省,哈尔滨市,道外区,388路,,0,0,126.786338,45.787971,,,http://map.baidu.com/,,,,,,,,,,,,,,,,,,,,0
b83bc22734064aeff42310e6,百菜道口,交通设施,公交车站,黑龙江省,哈尔滨市,道外区,352路,,0,0,126.794314,45.79344,,,http://map.baidu.com/,,,,,,,,,,,,,,,,,,,,0
783270fd702653bb33169bd9,联胜汽车城,交通设施,公交车站,黑龙江省,哈尔滨市,道外区,357路,,0,0,126.778028,45.782851,,,http://map.baidu.com/,,,,,,,,,,,,,,,,,,,,0
d321e2ea6edb67d388db73e9,腾飞汽车修配厂,交通设施,公交车站,黑龙江省,哈尔滨市,道外区,352路,,0,0,126.795623,45.78999,,,http://map.baidu.com/,,,,,,,,,,,,,,,,,,,,0
29fc73046a134f32a0046451,百菜道口,交通设施,公交车站,黑龙江省,哈尔滨市,道外区,352路;356路;358路;380路;380路区间;郊5路;郊5路巨源支线;郊5路上烟村支线;郊5路兴隆沟支线;郊5路永平支线;郊5路永源支线,,0,0,126.794105,45.793638,,,http://map.baidu.com/,,,,,,,,,,,,,,,,,,,,0
1f2b0627e5babfd2fe0eb0d4,中顺二手车(临时站),交通设施,公交车站,黑龙江省,哈尔滨市,道外区,357路,,0,0,126.794574,45.784742,,,http://map.baidu.com/,,,,,,,,,,,,,,,,,,,,0
ac524d08237e962600ec0161,中顺二手车(临时站),交通设施,公交车站,黑龙江省,哈尔滨市,道外区,357路,,0,0,126.794574,45.784742,,,http://map.baidu.com/,,,,,,,,,,,,,,,,,,,,0
94bcdc1ca7f4fc59f33cba77,孔家店,交通设施,公交车站,黑龙江省,哈尔滨市,道外区,339路;339路白渔泡支线;355路;355路白渔泡支线;355路巨源支线;359路;360路,,0,0,126.787121,45.807124,,,http://map.baidu.com/,,,,,,,,,,,,,,,,,,,,0
aa6fc3e1d66beddcdf1e5218,奶牛场,交通设施,公交车站,黑龙江省,哈尔滨市,道外区,339路;339路白渔泡支线;355路;355路白渔泡支线;359路,,0,0,126.791899,45.809785,,,http://map.baidu.com/,,,,,,,,,,,,,,,,,,,,0
3ff15533acba2a7540ab9a22,道口,交通设施,公交车站,黑龙江省,哈尔滨市,道外区,360路,,0,0,126.782213,45.810043,,,http://map.baidu.com/,,,,,,,,,,,,,,,,,,,,0
a69d68421b97c3c2250bd078,中顺,交通设施,公交车站,黑龙江省,哈尔滨市,道外区,388路,,0,0,126.789098,45.784725,,,http://map.baidu.com/,,,,,,,,,,,,,,,,,,,,0
8df4ab8e800ba1b672455b65,佟家店,交通设施,公交车站,黑龙江省,哈尔滨市,道外区,360路,,0,0,126.781555,45.813487,,,http://map.baidu.com/,,,,,,,,,,,,,,,,,,,,0
f42be046e2661a30ae04570d,神通物流,交通设施,公交车站,黑龙江省,哈尔滨市,道外区,357路,,0,0,126.765228,45.781391,,,http://map.baidu.com/,,,,,,,,,,,,,,,,,,,,0
c4fb13aeb200d2a8adcb662e,第九十中学,交通设施,公交车站,黑龙江省,哈尔滨市,道外区,355路巨源支线,,0,0,126.791497,45.794639,,,http://map.baidu.com/,,,,,,,,,,,,,,,,,,,,0
996d1e7784446a98c27da2cd,联胜汽车城,交通设施,公交车站,黑龙江省,哈尔滨市,道外区,357路,,0,0,126.778028,45.782851,,,http://map.baidu.com/,,,,,,,,,,,,,,,,,,,,0
5066e382b45d59b9343a716c,佟家店,交通设施,公交车站,黑龙江省,哈尔滨市,道外区,360路,,0,0,126.781553,45.813481,,,http://map.baidu.com/,,,,,,,,,,,,,,,,,,,,0
50e680530254ab9d6fa3cc16,佟家店,交通设施,公交车站,黑龙江省,哈尔滨市,道外区,360路,,0,0,126.781554,45.813484,,,http://map.baidu.com/,,,,,,,,,,,,,,,,,,,,0
f02cf1e5c218675d921fc9b2,常胜村,交通设施,公交车站,黑龙江省,哈尔滨市,道外区,339路;339路白渔泡支线;355路;355路白渔泡支线;355路巨源支线;359路;360路,,0,0,126.790371,45.809472,,,http://map.baidu.com/,,,,,,,,,,,,,,,,,,,,0
e206ee6064f0bf63764ff1a4,天恒大街,交通设施,公交车站,黑龙江省,哈尔滨市,道外区,332路;334路;339路;339路白渔泡支线;352路;355路;355路白渔泡支线;355路巨源支线;356路;358路;359路;360路;380路;380路区间;385路;385路区间;388路;398路;郊5路;郊5路巨源支线;郊5路上烟村支线;郊5路兴隆沟支线;郊5路永平支线;郊5路永源支线,,0,0,126.760624,45.797835,,,http://map.baidu.com/,,,,,,,,,,,,,,,,,,,,0
f9a0288d6ab0bf5c16a1901b,中顺二手车市场临时站,交通设施,公交车站,黑龙江省,哈尔滨市,道外区,357路,,0,0,126.795391,45.784671,,,http://map.baidu.com/,,,,,,,,,,,,,,,,,,,,0
8c517d7958aa36d52b11d1d3,腾飞汽车修配厂,交通设施,公交车站,黑龙江省,哈尔滨市,道外区,352路,,0,0,126.795627,45.789981,,,http://map.baidu.com/,,,,,,,,,,,,,,,,,,,,0
5dd662be3f1464c78505bfb6,恒西屯,交通设施,公交车站,黑龙江省,哈尔滨市,道外区,398路,,0,0,126.818737,45.788653,,,http://map.baidu.com/,,,,,,,,,,,,,,,,,,,,0
8819f7269b73650a82a00c12,一砖市场,交通设施,公交车站,黑龙江省,哈尔滨市,道外区,334路;358路;380路;380路区间;385路;385路区间;398路;郊5路;郊5路巨源支线;郊5路上烟村支线;郊5路兴隆沟支线;郊5路永平支线;郊5路永源支线,,0,0,126.833722,45.791282,,,http://map.baidu.com/,,,,,,,,,,,,,,,,,,,,0
0c54c3548475e1519d9d688a,恒西屯,交通设施,公交车站,黑龙江省,哈尔滨市,道外区,332路;334路;358路;380路;380路区间;385路;385路区间;398路;郊5路;郊5路巨源支线;郊5路上烟村支线;郊5路兴隆沟支线;郊5路永平支线;郊5路永源支线,,0,0,126.819385,45.788706,,,http://map.baidu.com/,,,,,,,,,,,,,,,,,,,,0
d1bf4a1f3afc7dfed8ecedd4,恒东屯,交通设施,公交车站,黑龙江省,哈尔滨市,道外区,334路;358路;380路;380路区间;385路;385路区间;398路;郊5路;郊5路巨源支线;郊5路上烟村支线;郊5路兴隆沟支线;郊5路永平支线;郊5路永源支线,,0,0,126.842915,45.793893,,,http://map.baidu.com/,,,,,,,,,,,,,,,,,,,,0
dfb6cc84387c07bb17948e62,一火葬,交通设施,公交车站,黑龙江省,哈尔滨市,道外区,332路;334路;358路;380路;380路区间;398路;郊5路;郊5路巨源支线;郊5路上烟村支线;郊5路兴隆沟支线;郊5路永平支线;郊5路永源支线,,0,0,126.806425,45.789871,,,http://map.baidu.com/,,,,,,,,,,,,,,,,,,,,0
5702c3d53d85bc85a0acc470,哈工美校,交通设施,公交车站,黑龙江省,哈尔滨市,道外区,332路;334路;358路;380路;380路区间;385路;385路区间;398路;郊5路;郊5路巨源支线;郊5路上烟村支线;郊5路兴隆沟支线;郊5路永平支线;郊5路永源支线,,0,0,126.828954,45.790442,,,http://map.baidu.com/,,,,,,,,,,,,,,,,,,,,0
896ce25da3a76ceabea240e1,第四十五中学,交通设施,公交车站,黑龙江省,哈尔滨市,道外区,332路;334路;358路;380路;380路区间;385路;385路区间;398路;郊5路;郊5路巨源支线;郊5路上烟村支线;郊5路兴隆沟支线;郊5路永平支线;郊5路永源支线,,0,0,126.825037,45.78973,,,http://map.baidu.com/,,,,,,,,,,,,,,,,,,,,0
0b398a17c9093cc52d473313,第四十五中学,交通设施,公交车站,黑龙江省,哈尔滨市,道外区,332路;334路;358路;380路;380路区间;385路;385路区间;398路;郊5路;郊5路巨源支线;郊5路上烟村支线;郊5路兴隆沟支线;郊5路永平支线;郊5路永源支线,,0,0,126.825116,45.789794,,,http://map.baidu.com/,,,,,,,,,,,,,,,,,,,,0
7f42b7169fab930da7c7561a,第四十五中学,交通设施,公交车站,黑龙江省,哈尔滨市,道外区,332路,,0,0,126.824926,45.78966,,,http://map.baidu.com/,,,,,,,,,,,,,,,,,,,,0
723c3643a9336c2d2afc48c8,三砖厂,交通设施,公交车站,黑龙江省,哈尔滨市,道外区,332路;334路;358路;380路;380路区间;385路;385路区间;398路;郊5路;郊5路巨源支线;郊5路上烟村支线;郊5路兴隆沟支线;郊5路永平支线;郊5路永源支线,,0,0,126.798213,45.792381,,,http://map.baidu.com/,,,,,,,,,,,,,,,,,,,,0
cdefa54fea7527c83686f4e2,哈同老道口,交通设施,公交车站,黑龙江省,哈尔滨市,道外区,332路;334路;358路;380路;380路区间;385路;385路区间;398路;郊5路;郊5路巨源支线;郊5路上烟村支线;郊5路兴隆沟支线;郊5路永平支线;郊5路永源支线,,0,0,126.810297,45.788783,,,http://map.baidu.com/,,,,,,,,,,,,,,,,,,,,0
422773497d13290048cc4a8e,一砖厂,交通设施,公交车站,黑龙江省,哈尔滨市,道外区,332路;358路;380路;380路区间;398路;郊5路;郊5路巨源支线;郊5路上烟村支线;郊5路兴隆沟支线;郊5路永平支线;郊5路永源支线,,0,0,126.837027,45.791894,,,http://map.baidu.com/,,,,,,,,,,,,,,,,,,,,0
094f2807263f9cef92114c00,百菜道口,交通设施,公交车站,黑龙江省,哈尔滨市,道外区,352路,,0,0,126.794369,45.793252,,,http://map.baidu.com/,,,,,,,,,,,,,,,,,,,,0
b83bc22734064aeff42310e6,百菜道口,交通设施,公交车站,黑龙江省,哈尔滨市,道外区,352路,,0,0,126.794314,45.79344,,,http://map.baidu.com/,,,,,,,,,,,,,,,,,,,,0
e9c2dd198a70e6479868b47f,菜库,交通设施,公交车站,黑龙江省,哈尔滨市,道外区,334路;358路;380路;380路区间;郊5路;郊5路巨源支线;郊5路上烟村支线;郊5路兴隆沟支线;郊5路永平支线;郊5路永源支线,,0,0,126.815209,45.788191,,,http://map.baidu.com/,,,,,,,,,,,,,,,,,,,,0
2aa1eaf4e992450f9d95de3d,电缆厂,交通设施,公交车站,黑龙江省,哈尔滨市,道外区,358路;380路;380路区间;398路;郊5路;郊5路巨源支线;郊5路上烟村支线;郊5路兴隆沟支线;郊5路永平支线;郊5路永源支线,,0,0,126.803394,45.790767,,,http://map.baidu.com/,,,,,,,,,,,,,,,,,,,,0
f96a4a214e8eca4c8a2fb54b,中顺二手车市场,交通设施,公交车站,黑龙江省,哈尔滨市,道外区,356路,,0,0,126.803496,45.784669,,,http://map.baidu.com/,,,,,,,,,,,,,,,,,,,,0
517ce567861eb9bd43e1928b,中顺二手车市场,交通设施,公交车站,黑龙江省,哈尔滨市,道外区,357路,,0,0,126.802453,45.785039,,,http://map.baidu.com/,,,,,,,,,,,,,,,,,,,,0
0873d304696347532bb97c66,中顺二手车市场,交通设施,公交车站,黑龙江省,哈尔滨市,道外区,356路;357路,,0,0,126.803033,45.785028,,,http://map.baidu.com/,,,,,,,,,,,,,,,,,,,,0
d321e2ea6edb67d388db73e9,腾飞汽车修配厂,交通设施,公交车站,黑龙江省,哈尔滨市,道外区,352路,,0,0,126.795623,45.78999,,,http://map.baidu.com/,,,,,,,,,,,,,,,,,,,,0
9c7f4ee60c423445b54f54eb,腾飞汽车修配厂,交通设施,公交车站,黑龙江省,哈尔滨市,道外区,352路,,0,0,126.79562,45.789999,,,http://map.baidu.com/,,,,,,,,,,,,,,,,,,,,0
53f729d6b4dd1ec00e3dda77,中顺驾校,交通设施,公交车站,黑龙江省,哈尔滨市,道外区,352路,,0,0,126.802626,45.785712,,,http://map.baidu.com/,,,,,,,,,,,,,,,,,,,,0
29fc73046a134f32a0046451,百菜道口,交通设施,公交车站,黑龙江省,哈尔滨市,道外区,352路;356路;358路;380路;380路区间;郊5路;郊5路巨源支线;郊5路上烟村支线;郊5路兴隆沟支线;郊5路永平支线;郊5路永源支线,,0,0,126.794105,45.793638,,,http://map.baidu.com/,,,,,,,,,,,,,,,,,,,,0
bdb9e4644fd8d92d0e0e6ba2,第四十五中学,交通设施,公交车站,黑龙江省,哈尔滨市,道外区,334路;358路;380路;380路区间;385路;385路区间;398路;郊5路;郊5路巨源支线;郊5路上烟村支线;郊5路兴隆沟支线;郊5路永平支线;郊5路永源支线,,0,0,126.824963,45.789666,,,http://map.baidu.com/,,,,,,,,,,,,,,,,,,,,0
3038b84aee6efcf9c9c3db89,传化物流中心,交通设施,公交车站,黑龙江省,哈尔滨市,道外区,356路,,0,0,126.808018,45.781719,,,http://map.baidu.com/,,,,,,,,,,,,,,,,,,,,0
6e93d8212ea6e24ec6effbef,中顺二手车市场,交通设施,公交车站,黑龙江省,哈尔滨市,道外区,356路,,0,0,126.803776,45.785233,,,http://map.baidu.com/,,,,,,,,,,,,,,,,,,,,0
d60fabc4a6628a3d3b221c63,中顺二手车市场,交通设施,公交车站,黑龙江省,哈尔滨市,道外区,357路,,0,0,126.802404,45.785172,,,http://map.baidu.com/,,,,,,,,,,,,,,,,,,,,0
8c517d7958aa36d52b11d1d3,腾飞汽车修配厂,交通设施,公交车站,黑龙江省,哈尔滨市,道外区,352路,,0,0,126.795627,45.789981,,,http://map.baidu.com/,,,,,,,,,,,,,,,,,,,,0
cd29b9bec060a8f5b54f544c,哈同公路道路养护中心,交通设施,公交车站,黑龙江省,哈尔滨市,道外区,334路;358路;380路;385路;385路区间;郊5路;郊5路巨源支线;郊5路上烟村支线;郊5路兴隆沟支线;郊5路永平支线;郊5路永源支线,,0,0,126.859413,45.793629,,,http://map.baidu.com/,,,,,,,,,,,,,,,,,,,,0
12b9d563fd01b1b6c33644e7,长林道口,交通设施,公交车站,黑龙江省,哈尔滨市,道外区,398路,,0,0,126.867094,45.797457,,,http://map.baidu.com/,,,,,,,,,,,,,,,,,,,,0
7413a5c95e5026b16fc02c8f,长林道口,交通设施,公交车站,黑龙江省,哈尔滨市,道外区,398路,,0,0,126.867094,45.797457,,,http://map.baidu.com/,,,,,,,,,,,,,,,,,,,,0
c195ededf483e43df7eafcb1,石人沟道口,交通设施,公交车站,黑龙江省,哈尔滨市,道外区,398路,,0,0,126.865165,45.792992,,,http://map.baidu.com/,,,,,,,,,,,,,,,,,,,,0
00d6edee3474899dd1f49e1a,哈同公路道路养护中心,交通设施,公交车站,黑龙江省,哈尔滨市,道外区,334路;358路;380路;385路;385路区间;郊5路;郊5路巨源支线;郊5路上烟村支线;郊5路兴隆沟支线;郊5路永平支线;郊5路永源支线,,0,0,126.859498,45.793671,,,http://map.baidu.com/,,,,,,,,,,,,,,,,,,,,0
7de648bd7ef3590288b9883f,哈同公路道路养护中心,交通设施,公交车站,黑龙江省,哈尔滨市,道外区,334路;358路;380路;385路;385路区间;郊5路;郊5路巨源支线;郊5路上烟村支线;郊5路兴隆沟支线;郊5路永平支线;郊5路永源支线,,0,0,126.859335,45.793591,,,http://map.baidu.com/,,,,,,,,,,,,,,,,,,,,0
b055f208fbc5de06c9fa5fd4,塔头桥,交通设施,公交车站,黑龙江省,哈尔滨市,道外区,398路,,0,0,126.867208,45.803551,,,http://map.baidu.com/,,,,,,,,,,,,,,,,,,,,0
c2fb7f65a34d0bfd5fd4fe5e,恒东道口,交通设施,公交车站,黑龙江省,哈尔滨市,道外区,334路;380路;385路;385路区间;398路;郊5路巨源支线;郊5路上烟村支线;郊5路兴隆沟支线;郊5路永平支线;郊5路永源支线,,0,0,126.847942,45.794347,,,http://map.baidu.com/,,,,,,,,,,,,,,,,,,,,0
62eb197f94a1796197ec8473,塔头桥,交通设施,公交车站,黑龙江省,哈尔滨市,道外区,398路,,0,0,126.867207,45.80355,,,http://map.baidu.com/,,,,,,,,,,,,,,,,,,,,0
33d267429cedb6183ae4a6fe,塔头桥,交通设施,公交车站,黑龙江省,哈尔滨市,道外区,398路,,0,0,126.867208,45.803552,,,http://map.baidu.com/,,,,,,,,,,,,,,,,,,,,0
d30d773759159198c7f02528,石人沟道口,交通设施,公交车站,黑龙江省,哈尔滨市,道外区,334路;358路;380路;385路;385路区间;398路;郊5路;郊5路巨源支线;郊5路上烟村支线;郊5路兴隆沟支线;郊5路永平支线;郊5路永源支线,,0,0,126.865027,45.792693,,,http://map.baidu.com/,,,,,,,,,,,,,,,,,,,,0
4951dd771f0ea8a22bb97cf9,第二福利院,交通设施,公交车站,黑龙江省,哈尔滨市,道外区,334路;358路;380路;385路;385路区间;398路;郊5路;郊5路巨源支线;郊5路上烟村支线;郊5路兴隆沟支线;郊5路永平支线;郊5路永源支线,,0,0,126.850827,45.79428,,,http://map.baidu.com/,,,,,,,,,,,,,,,,,,,,0
d1bf4a1f3afc7dfed8ecedd4,恒东屯,交通设施,公交车站,黑龙江省,哈尔滨市,道外区,334路;358路;380路;380路区间;385路;385路区间;398路;郊5路;郊5路巨源支线;郊5路上烟村支线;郊5路兴隆沟支线;郊5路永平支线;郊5路永源支线,,0,0,126.842915,45.793893,,,http://map.baidu.com/,,,,,,,,,,,,,,,,,,,,0
be9f0623f3b37f88c4f025fb,西长林小学,交通设施,公交车站,黑龙江省,哈尔滨市,道外区,334路;358路;380路;385路;385路区间;郊5路;郊5路巨源支线;郊5路上烟村支线;郊5路兴隆沟支线;郊5路永平支线;郊5路永源支线,,0,0,126.870041,45.791812,,,http://map.baidu.com/,,,,,,,,,,,,,,,,,,,,0
5dd68c26db31b8642b3a9f01,石人沟屯头,交通设施,公交车站,黑龙江省,哈尔滨市,道外区,398路,,0,0,126.869561,45.807365,,,http://map.baidu.com/,,,,,,,,,,,,,,,,,,,,0
ff5c586d9b7d4ffe7e29bd62,石人沟屯头,交通设施,公交车站,黑龙江省,哈尔滨市,道外区,398路,,0,0,126.869561,45.807365,,,http://map.baidu.com/,,,,,,,,,,,,,,,,,,,,0
5d3f4502d4a474802ce67b31,钢丝绳厂道口,交通设施,公交车站,黑龙江省,哈尔滨市,道外区,334路;358路;380路;385路;385路区间;398路;郊5路;郊5路巨源支线;郊5路上烟村支线;郊5路兴隆沟支线;郊5路永平支线;郊5路永源支线,,0,0,126.85293,45.79426,,,http://map.baidu.com/,,,,,,,,,,,,,,,,,,,,0
b96c4e5ccaab24d89cf77935,恒东道口,交通设施,公交车站,黑龙江省,哈尔滨市,道外区,334路;358路;380路;385路;385路区间;398路;郊5路;郊5路巨源支线;郊5路上烟村支线;郊5路兴隆沟支线;郊5路永平支线;郊5路永源支线,,0,0,126.84759,45.794306,,,http://map.baidu.com/,,,,,,,,,,,,,,,,,,,,0
422773497d13290048cc4a8e,一砖厂,交通设施,公交车站,黑龙江省,哈尔滨市,道外区,332路;358路;380路;380路区间;398路;郊5路;郊5路巨源支线;郊5路上烟村支线;郊5路兴隆沟支线;郊5路永平支线;郊5路永源支线,,0,0,126.837027,45.791894,,,http://map.baidu.com/,,,,,,,,,,,,,,,,,,,,0
39847cc8c20dafcb8505bf6a,西长林道口,交通设施,公交车站,黑龙江省,哈尔滨市,道外区,334路;358路;380路;385路;385路区间;郊5路;郊5路巨源支线;郊5路上烟村支线;郊5路兴隆沟支线;郊5路永平支线;郊5路永源支线,,0,0,126.875389,45.790013,,,http://map.baidu.com/,,,,,,,,,,,,,,,,,,,,0
f28ce6b294566753a1a93435,石人沟供销社,交通设施,公交车站,黑龙江省,哈尔滨市,道外区,398路,,0,0,126.875616,45.810031,,,http://map.baidu.com/,,,,,,,,,,,,,,,,,,,,0
41419e5a11e7d97b2afc4803,石人沟供销社,交通设施,公交车站,黑龙江省,哈尔滨市,道外区,398路,,0,0,126.875616,45.810031,,,http://map.baidu.com/,,,,,,,,,,,,,,,,,,,,0
56be50188e1c185458bbbc03,南井道口,交通设施,公交车站,黑龙江省,哈尔滨市,道外区,334路;358路;380路;385路;385路区间;郊5路;郊5路巨源支线;郊5路上烟村支线;郊5路兴隆沟支线;郊5路永平支线;郊5路永源支线,,0,0,126.872482,45.791248,,,http://map.baidu.com/,,,,,,,,,,,,,,,,,,,,0
4e899636a3bd0666d22dd694,石人沟屯,交通设施,公交车站,黑龙江省,哈尔滨市,道外区,398路,,0,0,126.877366,45.810813,,,http://map.baidu.com/,,,,,,,,,,,,,,,,,,,,0
e4ebad09225ab6ca84154167,利民村道口,交通设施,公交车站,黑龙江省,哈尔滨市,道外区,398路,,0,0,126.87337,45.809101,,,http://map.baidu.com/,,,,,,,,,,,,,,,,,,,,0
9f193642bc8270c1e507384d,锅炉厂,交通设施,公交车站,黑龙江省,哈尔滨市,道外区,334路;358路;380路;385路;385路区间;郊5路;郊5路巨源支线;郊5路上烟村支线;郊5路兴隆沟支线;郊5路永平支线;郊5路永源支线,,0,0,126.881585,45.788749,,,http://map.baidu.com/,,,,,,,,,,,,,,,,,,,,0
3c32811d7973e5cd14c8f622,利民村道口,交通设施,公交车站,黑龙江省,哈尔滨市,道外区,398路,,0,0,126.87337,45.809101,,,http://map.baidu.com/,,,,,,,,,,,,,,,,,,,,0
235dae96a28f2fb7d8ecedcb,利民村道口,交通设施,公交车站,黑龙江省,哈尔滨市,道外区,398路,,0,0,126.873371,45.809101,,,http://map.baidu.com/,,,,,,,,,,,,,,,,,,,,0
184402f88662f4011b11d59f,东长林道口,交通设施,公交车站,黑龙江省,哈尔滨市,香坊区,358路,,0,0,126.906048,45.793517,,,http://map.baidu.com/,,,,,,,,,,,,,,,,,,,,0
e2d0a09f5f507af593114c0f,过桥,交通设施,公交车站,黑龙江省,哈尔滨市,香坊区,334路;358路;380路;385路;385路区间;郊5路;郊5路巨源支线;郊5路上烟村支线;郊5路兴隆沟支线;郊5路永平支线;郊5路永源支线,,0,0,126.900885,45.79263,,,http://map.baidu.com/,,,,,,,,,,,,,,,,,,,,0
361b7d765287b0eb8c55ec09,东长林道口,交通设施,公交车站,黑龙江省,哈尔滨市,香坊区,334路;358路;380路;385路;385路区间;郊5路;郊5路巨源支线;郊5路上烟村支线;郊5路兴隆沟支线;郊5路永平支线;郊5路永源支线,,0,0,126.906167,45.793244,,,http://map.baidu.com/,,,,,,,,,,,,,,,,,,,,0
b769bd6f60e64217d3f49e2c,东长林村,交通设施,公交车站,黑龙江省,哈尔滨市,香坊区,358路,,0,0,126.905928,45.796043,,,http://map.baidu.com/,,,,,,,,,,,,,,,,,,,,0
3fafee66786b44d454bfff25,蜡厂道口,交通设施,公交车站,黑龙江省,哈尔滨市,香坊区,358路,,0,0,126.910302,45.800061,,,http://map.baidu.com/,,,,,,,,,,,,,,,,,,,,0
34889791b3f97e26bea240f8,高铁道口,交通设施,公交车站,黑龙江省,哈尔滨市,香坊区,334路;358路;380路;385路;385路区间;郊5路;郊5路巨源支线;郊5路上烟村支线;郊5路兴隆沟支线;郊5路永平支线;郊5路永源支线,,0,0,126.896862,45.792189,,,http://map.baidu.com/,,,,,,,,,,,,,,,,,,,,0
e76b9324ebaf986dc91b9580,金家开发区东站,交通设施,公交车站,黑龙江省,哈尔滨市,香坊区,380路;385路;385路区间;郊5路;郊5路巨源支线;郊5路上烟村支线;郊5路兴隆沟支线;郊5路永平支线;郊5路永源支线,,0,0,126.925354,45.794615,,,http://map.baidu.com/,,,,,,,,,,,,,,,,,,,,0
1c4af2acbb6208382ab97c4e,金家开发区东站,交通设施,公交车站,黑龙江省,哈尔滨市,香坊区,380路;385路;385路区间;郊5路;郊5路巨源支线;郊5路上烟村支线;郊5路兴隆沟支线;郊5路永平支线;郊5路永源支线,,0,0,126.925345,45.794669,,,http://map.baidu.com/,,,,,,,,,,,,,,,,,,,,0
1fcb78ff295862cef723103c,金家开发区东站,交通设施,公交车站,黑龙江省,哈尔滨市,香坊区,380路;385路;385路区间;郊5路;郊5路巨源支线;郊5路上烟村支线;郊5路兴隆沟支线;郊5路永平支线;郊5路永源支线,,0,0,126.925363,45.794561,,,http://map.baidu.com/,,,,,,,,,,,,,,,,,,,,0
60cf855385277dde6cc02c04,东长林小桥,交通设施,公交车站,黑龙江省,哈尔滨市,香坊区,334路;358路;380路;385路;385路区间;郊5路;郊5路巨源支线;郊5路上烟村支线;郊5路兴隆沟支线;郊5路永平支线;郊5路永源支线,,0,0,126.888662,45.790561,,,http://map.baidu.com/,,,,,,,,,,,,,,,,,,,,0
3f67864d8e1224faa21de901,东长林小桥,交通设施,公交车站,黑龙江省,哈尔滨市,香坊区,334路;358路;380路;385路;385路区间;郊5路;郊5路巨源支线;郊5路上烟村支线;郊5路兴隆沟支线;郊5路永平支线;郊5路永源支线,,0,0,126.888654,45.790429,,,http://map.baidu.com/,,,,,,,,,,,,,,,,,,,,0
e14f89cac1718cacda2f284f,东长林小桥,交通设施,公交车站,黑龙江省,哈尔滨市,香坊区,334路;358路;380路;385路;385路区间;郊5路;郊5路巨源支线;郊5路上烟村支线;郊5路兴隆沟支线;郊5路永平支线;郊5路永源支线,,0,0,126.888658,45.790495,,,http://map.baidu.com/,,,,,,,,,,,,,,,,,,,,0
3334db8acbc0e68f48cc4a85,穆斯林公墓,交通设施,公交车站,黑龙江省,哈尔滨市,香坊区,334路;380路;385路;385路区间;郊5路;郊5路巨源支线;郊5路上烟村支线;郊5路兴隆沟支线;郊5路永平支线;郊5路永源支线,,0,0,126.917895,45.795504,,,http://map.baidu.com/,,,,,,,,,,,,,,,,,,,,0
bdab057f1205738f2bd7ab41,金家开发区,交通设施,公交车站,黑龙江省,哈尔滨市,香坊区,334路;380路;385路;385路区间;郊5路;郊5路巨源支线;郊5路上烟村支线;郊5路兴隆沟支线;郊5路永平支线;郊5路永源支线,,0,0,126.921626,45.795127,,,http://map.baidu.com/,,,,,,,,,,,,,,,,,,,,0
1ffc34786b638efe213bf260,里仁村,交通设施,公交车站,黑龙江省,哈尔滨市,香坊区,358路,,0,0,126.911368,45.809709,,,http://map.baidu.com/,,,,,,,,,,,,,,,,,,,,0
9f193642bc8270c1e507384d,锅炉厂,交通设施,公交车站,黑龙江省,哈尔滨市,道外区,334路;358路;380路;385路;385路区间;郊5路;郊5路巨源支线;郊5路上烟村支线;郊5路兴隆沟支线;郊5路永平支线;郊5路永源支线,,0,0,126.881585,45.788749,,,http://map.baidu.com/,,,,,,,,,,,,,,,,,,,,0
cae48dc84c40f88ec51e5106,交界牌,交通设施,公交车站,黑龙江省,哈尔滨市,香坊区,385路;385路区间;郊5路;郊5路巨源支线;郊5路上烟村支线;郊5路兴隆沟支线;郊5路永平支线;郊5路永源支线,,0,0,126.956037,45.785751,,,http://map.baidu.com/,,,,,,,,,,,,,,,,,,,,0
4a09d78eed90cf8632870a38,后天发号,交通设施,公交车站,黑龙江省,哈尔滨市,道外区,郊5路上烟村支线,,0,0,126.954606,45.798965,,,http://map.baidu.com/,,,,,,,,,,,,,,,,,,,,0
e4022fc483c2221b9ee321f1,金家道口,交通设施,公交车站,黑龙江省,哈尔滨市,香坊区,380路,,0,0,126.937174,45.79174,,,http://map.baidu.com/,,,,,,,,,,,,,,,,,,,,0
e545f83725ed93fc3686f480,金家道口,交通设施,公交车站,黑龙江省,哈尔滨市,香坊区,334路,,0,0,126.936774,45.791645,,,http://map.baidu.com/,,,,,,,,,,,,,,,,,,,,0
1461fbf7572a2c4715a190de,交界牌,交通设施,公交车站,黑龙江省,哈尔滨市,香坊区,郊5路上烟村支线;郊5路兴隆沟支线,,0,0,126.956628,45.786,,,http://map.baidu.com/,,,,,,,,,,,,,,,,,,,,0
eb6491d35d3f43d8d8ecedba,联塑管道,交通设施,公交车站,黑龙江省,哈尔滨市,香坊区,385路;385路区间;郊5路;郊5路巨源支线;郊5路上烟村支线;郊5路兴隆沟支线;郊5路永平支线;郊5路永源支线,,0,0,126.943731,45.789253,,,http://map.baidu.com/,,,,,,,,,,,,,,,,,,,,0
d15f7214a205e62143afe644,联塑管道,交通设施,公交车站,黑龙江省,哈尔滨市,香坊区,385路;385路区间;郊5路;郊5路巨源支线;郊5路上烟村支线;郊5路兴隆沟支线;郊5路永平支线;郊5路永源支线,,0,0,126.944279,45.789052,,,http://map.baidu.com/,,,,,,,,,,,,,,,,,,,,0
1853d752128044582b06ce32,联塑管道,交通设施,公交车站,黑龙江省,哈尔滨市,香坊区,385路;385路区间;郊5路;郊5路巨源支线;郊5路上烟村支线;郊5路兴隆沟支线;郊5路永平支线;郊5路永源支线,,0,0,126.944005,45.789153,,,http://map.baidu.com/,,,,,,,,,,,,,,,,,,,,0
b1095a3223fe249a26d2bb61,金家小区,交通设施,公交车站,黑龙江省,哈尔滨市,香坊区,385路;385路区间;郊5路;郊5路巨源支线;郊5路上烟村支线;郊5路兴隆沟支线;郊5路永平支线;郊5路永源支线,,0,0,126.946727,45.788121,,,http://map.baidu.com/,,,,,,,,,,,,,,,,,,,,0
9f4e2758cad9d27b59bbbc7b,金家小区,交通设施,公交车站,黑龙江省,哈尔滨市,香坊区,385路;385路区间;郊5路;郊5路巨源支线;郊5路上烟村支线;郊5路兴隆沟支线;郊5路永平支线;郊5路永源支线,,0,0,126.946727,45.788121,,,http://map.baidu.com/,,,,,,,,,,,,,,,,,,,,0
1e977db0b3a9c867b31e3676,金家小区,交通设施,公交车站,黑龙江省,哈尔滨市,香坊区,385路;385路区间;郊5路;郊5路巨源支线;郊5路上烟村支线;郊5路兴隆沟支线;郊5路永平支线;郊5路永源支线,,0,0,126.947931,45.787776,,,http://map.baidu.com/,,,,,,,,,,,,,,,,,,,,0
44e3fa15894dfa827dc876e8,金家小区,交通设施,公交车站,黑龙江省,哈尔滨市,香坊区,385路;385路区间;郊5路;郊5路巨源支线;郊5路上烟村支线;郊5路兴隆沟支线;郊5路永平支线;郊5路永源支线,,0,0,126.947931,45.787776,,,http://map.baidu.com/,,,,,,,,,,,,,,,,,,,,0
e76b9324ebaf986dc91b9580,金家开发区东站,交通设施,公交车站,黑龙江省,哈尔滨市,香坊区,380路;385路;385路区间;郊5路;郊5路巨源支线;郊5路上烟村支线;郊5路兴隆沟支线;郊5路永平支线;郊5路永源支线,,0,0,126.925354,45.794615,,,http://map.baidu.com/,,,,,,,,,,,,,,,,,,,,0
1fcb78ff295862cef723103c,金家开发区东站,交通设施,公交车站,黑龙江省,哈尔滨市,香坊区,380路;385路;385路区间;郊5路;郊5路巨源支线;郊5路上烟村支线;郊5路兴隆沟支线;郊5路永平支线;郊5路永源支线,,0,0,126.925363,45.794561,,,http://map.baidu.com/,,,,,,,,,,,,,,,,,,,,0
1c4af2acbb6208382ab97c4e,金家开发区东站,交通设施,公交车站,黑龙江省,哈尔滨市,香坊区,380路;385路;385路区间;郊5路;郊5路巨源支线;郊5路上烟村支线;郊5路兴隆沟支线;郊5路永平支线;郊5路永源支线,,0,0,126.925345,45.794669,,,http://map.baidu.com/,,,,,,,,,,,,,,,,,,,,0
a6a7dbb0949e2350b54f545a,金家道口,交通设施,公交车站,黑龙江省,哈尔滨市,香坊区,334路;380路;385路;385路区间;郊5路;郊5路巨源支线;郊5路上烟村支线;郊5路兴隆沟支线;郊5路永平支线;郊5路永源支线,,0,0,126.937415,45.791677,,,http://map.baidu.com/,,,,,,,,,,,,,,,,,,,,0
493b7e40f22f3ca8c16c14b0,前天发号,交通设施,公交车站,黑龙江省,哈尔滨市,道外区,郊5路上烟村支线;郊5路兴隆沟支线,,0,0,126.959848,45.792514,,,http://map.baidu.com/,,,,,,,,,,,,,,,,,,,,0
ca53797172cf8ed39122e004,永和村岔路口,交通设施,公交车站,黑龙江省,哈尔滨市,道外区,郊5路兴隆沟支线,,0,0,126.956565,45.796882,,,http://map.baidu.com/,,,,,,,,,,,,,,,,,,,,0
271a6e5e55b02167adb22a34,金家粮站,交通设施,公交车站,黑龙江省,哈尔滨市,香坊区,334路;380路;385路;385路区间;郊5路;郊5路巨源支线;郊5路上烟村支线;郊5路兴隆沟支线;郊5路永平支线;郊5路永源支线,,0,0,126.930994,45.793794,,,http://map.baidu.com/,,,,,,,,,,,,,,,,,,,,0
8a90430ff6232924b2077def,金家,交通设施,公交车站,黑龙江省,哈尔滨市,香坊区,377路支线10,,0,0,126.93683,45.787371,,,http://map.baidu.com/,,,,,,,,,,,,,,,,,,,,0
bdab057f1205738f2bd7ab41,金家开发区,交通设施,公交车站,黑龙江省,哈尔滨市,香坊区,334路;380路;385路;385路区间;郊5路;郊5路巨源支线;郊5路上烟村支线;郊5路兴隆沟支线;郊5路永平支线;郊5路永源支线,,0,0,126.921626,45.795127,,,http://map.baidu.com/,,,,,,,,,,,,,,,,,,,,0
119bd337a06d678ba0acc455,下八里窝棚,交通设施,公交车站,黑龙江省,哈尔滨市,道外区,郊5路上烟村支线,,0,0,126.957194,45.812503,,,http://map.baidu.com/,,,,,,,,,,,,,,,,,,,,0
ead18566ae3def59c7f0253f,药店道口,交通设施,公交车站,黑龙江省,哈尔滨市,道外区,385路;385路区间;郊5路;郊5路巨源支线;郊5路永平支线;郊5路永源支线,,0,0,126.987299,45.783254,,,http://map.baidu.com/,,,,,,,,,,,,,,,,,,,,0
25cdbecb93d3f1920f0a7015,红军村,交通设施,公交车站,黑龙江省,哈尔滨市,道外区,385路;385路区间;郊5路;郊5路巨源支线;郊5路永平支线;郊5路永源支线,,0,0,126.977848,45.781569,,,http://map.baidu.com/,,,,,,,,,,,,,,,,,,,,0
854ad4fc6231432ed518b7b5,红军村,交通设施,公交车站,黑龙江省,哈尔滨市,道外区,385路;385路区间;郊5路;郊5路巨源支线;郊5路永平支线;郊5路永源支线,,0,0,126.977732,45.781517,,,http://map.baidu.com/,,,,,,,,,,,,,,,,,,,,0
173764c5195e2bdd02294f1a,程家修理部,交通设施,公交车站,黑龙江省,哈尔滨市,道外区,385路;385路区间;郊5路;郊5路巨源支线;郊5路永平支线;郊5路永源支线,,0,0,126.983097,45.782273,,,http://map.baidu.com/,,,,,,,,,,,,,,,,,,,,0
49b9f9deb0b5f8d0ad045795,程家修理部,交通设施,公交车站,黑龙江省,哈尔滨市,道外区,385路;385路区间;郊5路;郊5路巨源支线;郊5路永平支线;郊5路永源支线,,0,0,126.982681,45.782234,,,http://map.baidu.com/,,,,,,,,,,,,,,,,,,,,0
f1006b5d3219c7dda20464b7,那家沟屯,交通设施,公交车站,黑龙江省,哈尔滨市,道外区,郊5路兴隆沟支线,,0,0,126.977548,45.804019,,,http://map.baidu.com/,,,,,,,,,,,,,,,,,,,,0
fddf16662ebc215c8605bf65,药店道口,交通设施,公交车站,黑龙江省,哈尔滨市,道外区,385路;385路区间;郊5路;郊5路巨源支线;郊5路永平支线;郊5路永源支线,,0,0,126.98733,45.783206,,,http://map.baidu.com/,,,,,,,,,,,,,,,,,,,,0
d7d4db13b64811de5d17c315,路家沟,交通设施,公交车站,黑龙江省,哈尔滨市,道外区,郊5路兴隆沟支线,,0,0,126.986844,45.813868,,,http://map.baidu.com/,,,,,,,,,,,,,,,,,,,,0
5affd077369c5f1bab175aa5,程家修理部,交通设施,公交车站,黑龙江省,哈尔滨市,道外区,385路;385路区间;郊5路;郊5路巨源支线;郊5路永平支线;郊5路永源支线,,0,0,126.983514,45.782312,,,http://map.baidu.com/,,,,,,,,,,,,,,,,,,,,0
52d1756eb89b25336c47607e,红军村,交通设施,公交车站,黑龙江省,哈尔滨市,道外区,385路;385路区间;郊5路;郊5路巨源支线;郊5路永平支线;郊5路永源支线,,0,0,126.977964,45.781622,,,http://map.baidu.com/,,,,,,,,,,,,,,,,,,,,0
859a485da572dd3938221c55,王永汗屯,交通设施,公交车站,黑龙江省,哈尔滨市,道外区,385路;385路区间;郊5路;郊5路巨源支线;郊5路永平支线;郊5路永源支线,,0,0,127.001641,45.784196,,,http://map.baidu.com/,,,,,,,,,,,,,,,,,,,,0
79d0a1bf812ddd3e96f08c76,一撮毛屯,交通设施,公交车站,黑龙江省,哈尔滨市,道外区,郊5路巨源支线,,0,0,127.030505,45.797668,,,http://map.baidu.com/,,,,,,,,,,,,,,,,,,,,0
00cd682f12e160913b04b1e4,永源粮库,交通设施,公交车站,黑龙江省,哈尔滨市,道外区,385路;385路区间;郊5路;郊5路巨源支线;郊5路永平支线;郊5路永源支线,,0,0,127.016003,45.784045,,,http://map.baidu.com/,,,,,,,,,,,,,,,,,,,,0
2a6595663da1ff8b48cc4ae4,邓家屯,交通设施,公交车站,黑龙江省,哈尔滨市,道外区,郊5路永平支线,,0,0,127.04878,45.784486,,,http://map.baidu.com/,,,,,,,,,,,,,,,,,,,,0
054a3a9e43ed924cfbf0cb44,永源道口,交通设施,公交车站,黑龙江省,哈尔滨市,道外区,385路;385路区间;郊5路;郊5路巨源支线;郊5路永平支线;郊5路永源支线,,0,0,127.025093,45.781742,,,http://map.baidu.com/,,,,,,,,,,,,,,,,,,,,0
2dcc407894575fc5f82d6105,永源市场,交通设施,公交车站,黑龙江省,哈尔滨市,道外区,385路;385路区间;郊5路;郊5路巨源支线;郊5路永平支线;郊5路永源支线,,0,0,127.02043,45.782916,,,http://map.baidu.com/,,,,,,,,,,,,,,,,,,,,0
30b246a81d6f1298631c67e1,王福屯,交通设施,公交车站,黑龙江省,哈尔滨市,道外区,郊5路永平支线,,0,0,127.077188,45.794575,,,http://map.baidu.com/,,,,,,,,,,,,,,,,,,,,0
3368e49cf8c6d2289ff7795c,永常源屯,交通设施,公交车站,黑龙江省,哈尔滨市,道外区,郊5路永平支线,,0,0,127.06179,45.790055,,,http://map.baidu.com/,,,,,,,,,,,,,,,,,,,,0
71fa769fdfd244b5593ac840,张家油坊屯,交通设施,公交车站,黑龙江省,哈尔滨市,道外区,郊5路永平支线,,0,0,127.086977,45.804464,,,http://map.baidu.com/,,,,,,,,,,,,,,,,,,,,0
30bd2ebf24e1c0344054d73d,田野道口,交通设施,公交车站,黑龙江省,哈尔滨市,松北区,346-2路;346路,,0,0,126.406495,45.831355,,,http://map.baidu.com/,,,,,,,,,,,,,,,,,,,,0
5b27615af427a44438e4a6db,前城,交通设施,公交车站,黑龙江省,哈尔滨市,松北区,346路,,0,0,126.408632,45.837158,,,http://map.baidu.com/,,,,,,,,,,,,,,,,,,,,0
18fde0561ddab6845d0d022a,前城,交通设施,公交车站,黑龙江省,哈尔滨市,松北区,346-2路,,0,0,126.408559,45.837006,,,http://map.baidu.com/,,,,,,,,,,,,,,,,,,,,0
39b28827414be659f7eafc88,田野道口,交通设施,公交车站,黑龙江省,哈尔滨市,松北区,346-2路;346路,,0,0,126.406529,45.831461,,,http://map.baidu.com/,,,,,,,,,,,,,,,,,,,,0
0d19fd5257731caca2a9341f,后城桥,交通设施,公交车站,黑龙江省,哈尔滨市,松北区,346-2路;346路,,0,0,126.409866,45.839822,,,http://map.baidu.com/,,,,,,,,,,,,,,,,,,,,0
d0175edf65b6cf5ba8f729bc,钓鱼屯,交通设施,公交车站,黑龙江省,哈尔滨市,松北区,346-2路;346路,,0,0,126.410422,45.817738,,,http://map.baidu.com/,,,,,,,,,,,,,,,,,,,,0
4fefee24d26d6cb633169b60,钓鱼大队,交通设施,公交车站,黑龙江省,哈尔滨市,松北区,346-2路;346路,,0,0,126.407017,45.816614,,,http://map.baidu.com/,,,,,,,,,,,,,,,,,,,,0
0351b7074327f36e9d9d68fe,钓鱼大队,交通设施,公交车站,黑龙江省,哈尔滨市,松北区,346-2路;346路,,0,0,126.406687,45.816513,,,http://map.baidu.com/,,,,,,,,,,,,,,,,,,,,0
a0a5522b9ba8824ce8e58241,后城桥,交通设施,公交车站,黑龙江省,哈尔滨市,松北区,346-2路;346路,,0,0,126.409854,45.839791,,,http://map.baidu.com/,,,,,,,,,,,,,,,,,,,,0
eb6a002cb48da513deee8bbf,前城,交通设施,公交车站,黑龙江省,哈尔滨市,松北区,346-2路;346路,,0,0,126.408647,45.837191,,,http://map.baidu.com/,,,,,,,,,,,,,,,,,,,,0
3373f922830a84083362127e,钓鱼供销社,交通设施,公交车站,黑龙江省,哈尔滨市,松北区,346-2路;346路,,0,0,126.401169,45.813688,,,http://map.baidu.com/,,,,,,,,,,,,,,,,,,,,0
70d9937980eb237abd48423b,丰源百货商店,交通设施,公交车站,黑龙江省,哈尔滨市,松北区,346-2路;346路,,0,0,126.403686,45.815158,,,http://map.baidu.com/,,,,,,,,,,,,,,,,,,,,0
6d916a61e73cc5444d2fdf44,钓鱼供销社,交通设施,公交车站,黑龙江省,哈尔滨市,松北区,346-2路;346路,,0,0,126.401458,45.813814,,,http://map.baidu.com/,,,,,,,,,,,,,,,,,,,,0
2b0ef0da2307f97e6cc02cce,钓鱼屯,交通设施,公交车站,黑龙江省,哈尔滨市,松北区,346-2路;346路,,0,0,126.410595,45.817854,,,http://map.baidu.com/,,,,,,,,,,,,,,,,,,,,0
08522bfb54758409e7073886,钓鱼供销社,交通设施,公交车站,黑龙江省,哈尔滨市,松北区,346-2路;346路,,0,0,126.401314,45.813751,,,http://map.baidu.com/,,,,,,,,,,,,,,,,,,,,0
68955f52c3c92c0b9d95de6c,丰源百货商店,交通设施,公交车站,黑龙江省,哈尔滨市,松北区,346-2路;346路,,0,0,126.403491,45.815029,,,http://map.baidu.com/,,,,,,,,,,,,,,,,,,,,0
16be59cfce29808981288afc,薛卜村,交通设施,公交车站,黑龙江省,哈尔滨市,松北区,80路前沙坨子支线;80路王玉村支线,,0,0,126.44139,45.825945,,,http://map.baidu.com/,,,,,,,,,,,,,,,,,,,,0
8cfcb325e185a9dcebe582cf,王玉村口,交通设施,公交车站,黑龙江省,哈尔滨市,松北区,80路前沙坨子支线;80路王玉村支线,,0,0,126.435018,45.826179,,,http://map.baidu.com/,,,,,,,,,,,,,,,,,,,,0
023e73b906b45c3e4afc8d10,王玉村口,交通设施,公交车站,黑龙江省,哈尔滨市,松北区,80路前沙坨子支线;80路王玉村支线,,0,0,126.435021,45.826179,,,http://map.baidu.com/,,,,,,,,,,,,,,,,,,,,0
11f6b6c6f8eeb2a84002451d,薛卜村,交通设施,公交车站,黑龙江省,哈尔滨市,松北区,80路前沙坨子支线;80路王玉村支线,,0,0,126.441391,45.825945,,,http://map.baidu.com/,,,,,,,,,,,,,,,,,,,,0
d13aaf62f30a0d3adb131861,薛卜村,交通设施,公交车站,黑龙江省,哈尔滨市,松北区,80路前沙坨子支线;80路王玉村支线,,0,0,126.441393,45.825945,,,http://map.baidu.com/,,,,,,,,,,,,,,,,,,,,0
9bb85021cf087cd6455726dd,王玉村口,交通设施,公交车站,黑龙江省,哈尔滨市,松北区,80路前沙坨子支线;80路王玉村支线,,0,0,126.435015,45.826179,,,http://map.baidu.com/,,,,,,,,,,,,,,,,,,,,0
7c0cb49f400477d228201af5,王玉屯,交通设施,公交车站,黑龙江省,哈尔滨市,松北区,80路王玉村支线,,0,0,126.427761,45.824875,,,http://map.baidu.com/,,,,,,,,,,,,,,,,,,,,0
f2a1812ddbbbbd6e1df74d16,沙坨子道口,交通设施,公交车站,黑龙江省,哈尔滨市,松北区,80路前沙坨子支线;80路王玉村支线,,0,0,126.43178,45.825976,,,http://map.baidu.com/,,,,,,,,,,,,,,,,,,,,0
a62d2b9f62dce5ffd8ecede4,光宇蓄电池,交通设施,公交车站,黑龙江省,哈尔滨市,松北区,80路前沙坨子支线;80路王玉村支线,,0,0,126.451322,45.82547,,,http://map.baidu.com/,,,,,,,,,,,,,,,,,,,,0
f37389e63bc1c4e50b1cc7c1,龙江特种设备厂,交通设施,公交车站,黑龙江省,哈尔滨市,松北区,230路支线,,0,0,126.457713,45.818639,,,http://map.baidu.com/,,,,,,,,,,,,,,,,,,,,0
01843a68c1e12b881d58001a,龙江特种设备厂,交通设施,公交车站,黑龙江省,哈尔滨市,松北区,230路支线,,0,0,126.457718,45.818588,,,http://map.baidu.com/,,,,,,,,,,,,,,,,,,,,0
37e8d7aa61268e2338221c3c,龙江特种设备厂,交通设施,公交车站,黑龙江省,哈尔滨市,松北区,230路支线,,0,0,126.457707,45.81869,,,http://map.baidu.com/,,,,,,,,,,,,,,,,,,,,0
12200e16af9a413c76e5b645,碳谷街,交通设施,公交车站,黑龙江省,哈尔滨市,松北区,230路支线,,0,0,126.445677,45.815685,,,http://map.baidu.com/,,,,,,,,,,,,,,,,,,,,0
bfc09bcf72421961eb56fa93,碳谷街,交通设施,公交车站,黑龙江省,哈尔滨市,松北区,230路支线,,0,0,126.445677,45.815685,,,http://map.baidu.com/,,,,,,,,,,,,,,,,,,,,0
609440141dfa3b67ca09f03f,王玉屯,交通设施,公交车站,黑龙江省,哈尔滨市,松北区,80路王玉村支线,,0,0,126.42776,45.824875,,,http://map.baidu.com/,,,,,,,,,,,,,,,,,,,,0
feee4f8a57658a09100daa6d,王玉屯,交通设施,公交车站,黑龙江省,哈尔滨市,松北区,80路王玉村支线,,0,0,126.427763,45.824876,,,http://map.baidu.com/,,,,,,,,,,,,,,,,,,,,0
53cd088785c4853b1df74d71,航天海鹰,交通设施,公交车站,黑龙江省,哈尔滨市,松北区,80路前沙坨子支线;80路王玉村支线,,0,0,126.461871,45.824568,,,http://map.baidu.com/,,,,,,,,,,,,,,,,,,,,0
0b12b3c5ca76f4b048fd3f4b,哈尔滨交通集团,交通设施,公交车站,黑龙江省,哈尔滨市,松北区,42路;80路前沙坨子支线;80路王玉村支线;126路;146路区间;216路;230路;230路支线;396路,,0,0,126.480745,45.823885,,,http://map.baidu.com/,,,,,,,,,,,,,,,,,,,,0
78a86568cb20743c3c9a5e41,天晴药业,交通设施,公交车站,黑龙江省,哈尔滨市,松北区,396路,,0,0,126.485678,45.829824,,,http://map.baidu.com/,,,,,,,,,,,,,,,,,,,,0
e076e63c5888e1652202201e,九洲路(智谷二街口),交通设施,公交车站,黑龙江省,哈尔滨市,松北区,80路,,0,0,126.485668,45.833206,,,http://map.baidu.com/,,,,,,,,,,,,,,,,,,,,0
68694335daa22faecae33ce6,智谷二街(巨宝二路口),交通设施,公交车站,黑龙江省,哈尔滨市,松北区,80路,,0,0,126.485195,45.828565,,,http://map.baidu.com/,,,,,,,,,,,,,,,,,,,,0
cf2e8ecb2dfbf39e3062128d,蓝宝石厂,交通设施,公交车站,黑龙江省,哈尔滨市,松北区,80路;230路支线,,0,0,126.473712,45.835285,,,http://map.baidu.com/,,,,,,,,,,,,,,,,,,,,0
b9ffab492d1fb9cfb9df8f4a,智谷二街(九洲路口),交通设施,公交车站,黑龙江省,哈尔滨市,松北区,396路,,0,0,126.487388,45.834802,,,http://map.baidu.com/,,,,,,,,,,,,,,,,,,,,0
744e08d00d76ee9014b54b88,智谷二街(中源大道口),交通设施,公交车站,黑龙江省,哈尔滨市,松北区,80路,,0,0,126.48384,45.825089,,,http://map.baidu.com/,,,,,,,,,,,,,,,,,,,,0
4b9f864a353fc5d00c0a7001,智谷二街(中源大道口),交通设施,公交车站,黑龙江省,哈尔滨市,松北区,80路,,0,0,126.483752,45.825022,,,http://map.baidu.com/,,,,,,,,,,,,,,,,,,,,0
a1a8bd011d4e2a9bd22dd66a,枫叶小镇奥特莱斯,交通设施,公交车站,黑龙江省,哈尔滨市,松北区,42路;80路;80路前沙坨子支线;80路王玉村支线;126路;126路[支线];146路;146路区间;216路;230路;230路支线;396路;新区2号线,,0,0,126.472367,45.828266,,,http://map.baidu.com/,,,,,,,,,,,,,,,,,,,,0
1d261e26c2175eac8b2fb50e,智谷二街(九洲路口),交通设施,公交车站,黑龙江省,哈尔滨市,松北区,396路,,0,0,126.48756,45.835085,,,http://map.baidu.com/,,,,,,,,,,,,,,,,,,,,0
5aa9ae1d2f6236a8d0ff2322,智谷二街(巨宝二路口),交通设施,公交车站,黑龙江省,哈尔滨市,松北区,80路,,0,0,126.485259,45.828564,,,http://map.baidu.com/,,,,,,,,,,,,,,,,,,,,0
21f61d80dee22958d5851f6b,智谷二街(巨宝二路口),交通设施,公交车站,黑龙江省,哈尔滨市,松北区,80路,,0,0,126.485132,45.828565,,,http://map.baidu.com/,,,,,,,,,,,,,,,,,,,,0
663c9e7f99fe3fe5b6f42f23,九洲路(智谷二街口),交通设施,公交车站,黑龙江省,哈尔滨市,松北区,80路,,0,0,126.485626,45.833163,,,http://map.baidu.com/,,,,,,,,,,,,,,,,,,,,0
fac81965adda128141d63e35,九洲路(智谷二街口),交通设施,公交车站,黑龙江省,哈尔滨市,松北区,80路,,0,0,126.485709,45.833249,,,http://map.baidu.com/,,,,,,,,,,,,,,,,,,,,0
b270ec8d9d3df612d23ce336,智谷大街(中源大道口),交通设施,公交车站,黑龙江省,哈尔滨市,松北区,126路[支线];146路,,0,0,126.476258,45.823255,,,http://map.baidu.com/,,,,,,,,,,,,,,,,,,,,0
dc57d6eaee908ce76c47600f,智谷大街(中源大道口),交通设施,公交车站,黑龙江省,哈尔滨市,松北区,126路[支线];146路,,0,0,126.47615,45.823244,,,http://map.baidu.com/,,,,,,,,,,,,,,,,,,,,0
aaa08700ade391ccc27da288,润和城二期,交通设施,公交车站,黑龙江省,哈尔滨市,松北区,216路,,0,0,126.496916,45.826621,,,http://map.baidu.com/,,,,,,,,,,,,,,,,,,,,0
9c04c87516360ea0c1f1cf13,润和城二期,交通设施,公交车站,黑龙江省,哈尔滨市,松北区,216路,,0,0,126.497229,45.826684,,,http://map.baidu.com/,,,,,,,,,,,,,,,,,,,,0
4976c77a8cab62f0d2f49e64,巨宝三路(智谷二街口),交通设施,公交车站,黑龙江省,哈尔滨市,松北区,396路,,0,0,126.48889,45.840032,,,http://map.baidu.com/,,,,,,,,,,,,,,,,,,,,0
9c0b157f597ece28f4e73b04,巨宝二路(智谷二街口),交通设施,公交车站,黑龙江省,哈尔滨市,松北区,396路,,0,0,126.488912,45.840139,,,http://map.baidu.com/,,,,,,,,,,,,,,,,,,,,0
81730c0183389bd701294f69,上院小区,交通设施,公交车站,黑龙江省,哈尔滨市,松北区,125路,,0,0,126.502104,45.824028,,,http://map.baidu.com/,,,,,,,,,,,,,,,,,,,,0
2e210a946ecd34bc260bd075,罗家道口,交通设施,公交车站,黑龙江省,哈尔滨市,松北区,346-2路,,0,0,126.493472,45.846544,,,http://map.baidu.com/,,,,,,,,,,,,,,,,,,,,0
5cffe1518e064c29621c67ba,罗家道口,交通设施,公交车站,黑龙江省,哈尔滨市,松北区,346路;346路万乐支线,,0,0,126.49386,45.846438,,,http://map.baidu.com/,,,,,,,,,,,,,,,,,,,,0
f90d359e973df771d6b74e8e,湖畔绿色家园,交通设施,公交车站,黑龙江省,哈尔滨市,松北区,216路;S12路/商务公交12号线,,0,0,126.508143,45.832703,,,http://map.baidu.com/,,,,,,,,,,,,,,,,,,,,0
95ff2ab83540e60103ec01fd,智谷二街(九洲路口),交通设施,公交车站,黑龙江省,哈尔滨市,松北区,396路,,0,0,126.487216,45.83452,,,http://map.baidu.com/,,,,,,,,,,,,,,,,,,,,0
c27c25fd26d1f4189703192c,润和城小区,交通设施,公交车站,黑龙江省,哈尔滨市,松北区,42路;80路;80路前沙坨子支线;80路王玉村支线;126路;126路[支线];216路;230路;230路支线;396路,,0,0,126.499919,45.821068,,,http://map.baidu.com/,,,,,,,,,,,,,,,,,,,,0
948967712ad2cddad618b711,润和城小区二期,交通设施,公交车站,黑龙江省,哈尔滨市,松北区,125路,,0,0,126.501827,45.826675,,,http://map.baidu.com/,,,,,,,,,,,,,,,,,,,,0
2c04b748a33275c2e60738d7,润和城小区二期,交通设施,公交车站,黑龙江省,哈尔滨市,松北区,125路,,0,0,126.501923,45.826552,,,http://map.baidu.com/,,,,,,,,,,,,,,,,,,,,0
ac1f53e3dcd1ad4fb21e3628,上院小区,交通设施,公交车站,黑龙江省,哈尔滨市,松北区,125路,,0,0,126.502042,45.824048,,,http://map.baidu.com/,,,,,,,,,,,,,,,,,,,,0
76f7fa1fea023fab0f0a702b,智谷二街(中源大道口),交通设施,公交车站,黑龙江省,哈尔滨市,松北区,80路,,0,0,126.483929,45.825155,,,http://map.baidu.com/,,,,,,,,,,,,,,,,,,,,0
7ee38fa36d80c8ff740269b1,临时站四(哈尔滨银行后台服务基地),交通设施,公交车站,黑龙江省,哈尔滨市,松北区,146路,,0,0,126.476976,45.819541,,,http://map.baidu.com/,,,,,,,,,,,,,,,,,,,,0
3fb34738e99e1191ef74f85c,润和城一期,交通设施,公交车站,黑龙江省,哈尔滨市,松北区,216路,,0,0,126.502017,45.821835,,,http://map.baidu.com/,,,,,,,,,,,,,,,,,,,,0
c4dab4ff1f4a16783586f4ef,小西炉,交通设施,公交车站,黑龙江省,哈尔滨市,松北区,80路,,0,0,126.467821,45.845314,,,http://map.baidu.com/,,,,,,,,,,,,,,,,,,,,0
981628f83cffc5d0f92213f5,恒源街(万达城),交通设施,公交车站,黑龙江省,哈尔滨市,松北区,42路;125路;230路;230路支线;396路,,0,0,126.502545,45.820084,,,http://map.baidu.com/,,,,,,,,,,,,,,,,,,,,0
cc7d14100c54c01db9df8f22,罗家道口,交通设施,公交车站,黑龙江省,哈尔滨市,松北区,346-2路;346路;346路万乐支线,,0,0,126.493329,45.846382,,,http://map.baidu.com/,,,,,,,,,,,,,,,,,,,,0
3a80cfc70d4f7415ede4a595,电子产业园,交通设施,公交车站,黑龙江省,哈尔滨市,松北区,126路[支线];146路;146路区间;230路,,0,0,126.480644,45.815916,,,http://map.baidu.com/,,,,,,,,,,,,,,,,,,,,0
15202f5600b5adb36ec02ce8,玻璃钢研究院松北分院,交通设施,公交车站,黑龙江省,哈尔滨市,松北区,396路,,0,0,126.486408,45.841637,,,http://map.baidu.com/,,,,,,,,,,,,,,,,,,,,0
19d9246e355be5e3a2d23055,临时站四,交通设施,公交车站,黑龙江省,哈尔滨市,松北区,146路,,0,0,126.476822,45.819368,,,http://map.baidu.com/,,,,,,,,,,,,,,,,,,,,0
2460c44f8df2f4127bf7965b,润和城小区,交通设施,公交车站,黑龙江省,哈尔滨市,松北区,42路;80路;80路前沙坨子支线;80路王玉村支线;126路;126路[支线];216路;230路;230路支线;396路,,0,0,126.499783,45.820949,,,http://map.baidu.com/,,,,,,,,,,,,,,,,,,,,0
53cd088785c4853b1df74d71,航天海鹰,交通设施,公交车站,黑龙江省,哈尔滨市,松北区,80路前沙坨子支线;80路王玉村支线,,0,0,126.461871,45.824568,,,http://map.baidu.com/,,,,,,,,,,,,,,,,,,,,0
30801bfa76662f8e97ec8468,巨宝三路(智谷二街口),交通设施,公交车站,黑龙江省,哈尔滨市,松北区,396路,,0,0,126.48889,45.840032,,,http://map.baidu.com/,,,,,,,,,,,,,,,,,,,,0
7ff80baf6b1fb4cf31870a42,润和城小区,交通设施,公交车站,黑龙江省,哈尔滨市,松北区,42路;80路;80路前沙坨子支线;80路王玉村支线;126路;126路[支线];216路;230路;230路支线;396路,,0,0,126.500055,45.821186,,,http://map.baidu.com/,,,,,,,,,,,,,,,,,,,,0
9cf7afd369b630be8505bf70,智谷大街(中源大道口),交通设施,公交车站,黑龙江省,哈尔滨市,松北区,126路[支线];146路,,0,0,126.476042,45.823233,,,http://map.baidu.com/,,,,,,,,,,,,,,,,,,,,0
970ae7b6a13382b52102204d,智谷二街(巨宝四路口),交通设施,公交车站,黑龙江省,哈尔滨市,松北区,396路,,0,0,126.491635,45.844496,,,http://map.baidu.com/,,,,,,,,,,,,,,,,,,,,0
fcd6b6f04f078bd6d6b74eaa,巨宝二路(智谷二街口),交通设施,公交车站,黑龙江省,哈尔滨市,松北区,396路,,0,0,126.488912,45.840139,,,http://map.baidu.com/,,,,,,,,,,,,,,,,,,,,0
76c6edb5089c2d7b354aae13,润和城二期东门,交通设施,公交车站,黑龙江省,哈尔滨市,松北区,216路,,0,0,126.499688,45.826638,,,http://map.baidu.com/,,,,,,,,,,,,,,,,,,,,0
b266ff36072b5dd246e274de,铁建工程高级技工学校,交通设施,公交车站,黑龙江省,哈尔滨市,松北区,346-2路;346路;346路万乐支线,,0,0,126.489978,45.843479,,,http://map.baidu.com/,,,,,,,,,,,,,,,,,,,,0
7892da9fe4b39fec51e5c5f3,智谷二街(巨宝四路口),交通设施,公交车站,黑龙江省,哈尔滨市,松北区,396路,,0,0,126.491193,45.84414,,,http://map.baidu.com/,,,,,,,,,,,,,,,,,,,,0
4216a51b5fb811c8b726551e,润和城小区二期,交通设施,公交车站,黑龙江省,哈尔滨市,松北区,125路,,0,0,126.502018,45.826429,,,http://map.baidu.com/,,,,,,,,,,,,,,,,,,,,0
f60cac1d4b26816ecf06a4cd,医大四院松北分院,交通设施,公交车站,黑龙江省,哈尔滨市,松北区,47路;122路;129路;230路;新区1号线,,0,0,126.522765,45.828693,,,http://map.baidu.com/,,,,,,,,,,,,,,,,,,,,0
edea54cfafc8c4a0badf8f06,龙轩路祥安北大街口,交通设施,公交车站,黑龙江省,哈尔滨市,松北区,122路,,0,0,126.521952,45.831481,,,http://map.baidu.com/,,,,,,,,,,,,,,,,,,,,0
a6b4325b4eb031c7a8f0cdc1,医大四院松北分院,交通设施,公交车站,黑龙江省,哈尔滨市,松北区,47路;122路;129路;230路;新区1号线,,0,0,126.522853,45.8285,,,http://map.baidu.com/,,,,,,,,,,,,,,,,,,,,0
2aabf9e17ecc389a0a1cc742,医大四院松北分院,交通设施,公交车站,黑龙江省,哈尔滨市,松北区,47路;122路;129路;230路;新区1号线,,0,0,126.522998,45.828177,,,http://map.baidu.com/,,,,,,,,,,,,,,,,,,,,0
47620bfd55883d47abf7297d,欧美亚小区西门,交通设施,公交车站,黑龙江省,哈尔滨市,松北区,47路;123路;129路;216路;230路,,0,0,126.523029,45.83285,,,http://map.baidu.com/,,,,,,,,,,,,,,,,,,,,0
59ef651ea6447fe7a21de9aa,欧美亚小区西门,交通设施,公交车站,黑龙江省,哈尔滨市,松北区,47路;123路;129路;216路;230路,,0,0,126.522916,45.833007,,,http://map.baidu.com/,,,,,,,,,,,,,,,,,,,,0
27d0d772f5a578354afc8dba,欧美亚小区西门,交通设施,公交车站,黑龙江省,哈尔滨市,松北区,47路;123路;129路;216路;230路,,0,0,126.522803,45.833163,,,http://map.baidu.com/,,,,,,,,,,,,,,,,,,,,0
b2f185ef0baaa94299005098,欧美亚小区东门,交通设施,公交车站,黑龙江省,哈尔滨市,松北区,123路;216路;新区1号线,,0,0,126.530178,45.831289,,,http://map.baidu.com/,,,,,,,,,,,,,,,,,,,,0
149403a4f2b504d7c26c140c,欧美亚小区东门,交通设施,公交车站,黑龙江省,哈尔滨市,松北区,123路;216路;新区1号线,,0,0,126.530446,45.831346,,,http://map.baidu.com/,,,,,,,,,,,,,,,,,,,,0
810472e609425719adb22ab6,欧美亚小区东门,交通设施,公交车站,黑龙江省,哈尔滨市,松北区,123路;216路;新区1号线,,0,0,126.530715,45.831403,,,http://map.baidu.com/,,,,,,,,,,,,,,,,,,,,0
9f96ac92a884c5349e9d68de,欧美亚北门小区,交通设施,公交车站,黑龙江省,哈尔滨市,松北区,47路;226路,,0,0,126.525721,45.83467,,,http://map.baidu.com/,,,,,,,,,,,,,,,,,,,,0
a3620e1b1ff0a0e8cf06a478,欧美亚北门小区,交通设施,公交车站,黑龙江省,哈尔滨市,松北区,47路;226路,,0,0,126.525721,45.83467,,,http://map.baidu.com/,,,,,,,,,,,,,,,,,,,,0
42479bf293c36dfe3686f460,欧美亚小区北门,交通设施,公交车站,黑龙江省,哈尔滨市,松北区,47路;226路,,0,0,126.525369,45.834732,,,http://map.baidu.com/,,,,,,,,,,,,,,,,,,,,0
6a592e3eb605d45ab4f42fb0,永安城小区,交通设施,公交车站,黑龙江省,哈尔滨市,松北区,47路;226路,,0,0,126.532839,45.833626,,,http://map.baidu.com/,,,,,,,,,,,,,,,,,,,,0
0599043db1af78634c554751,永安城小区,交通设施,公交车站,黑龙江省,哈尔滨市,松北区,47路;226路,,0,0,126.53241,45.834131,,,http://map.baidu.com/,,,,,,,,,,,,,,,,,,,,0
13380c5258478b1c9de321bf,红星威尼斯庄园小区,交通设施,公交车站,黑龙江省,哈尔滨市,松北区,47路;123路;216路;226路,,0,0,126.532809,45.829293,,,http://map.baidu.com/,,,,,,,,,,,,,,,,,,,,0
a5fabdf85064653a31870a05,红星威尼斯庄园小区,交通设施,公交车站,黑龙江省,哈尔滨市,松北区,47路;123路;216路;226路,,0,0,126.53288,45.829256,,,http://map.baidu.com/,,,,,,,,,,,,,,,,,,,,0
bb2c36d666fdb9c694ec84c2,有色大厦,交通设施,公交车站,黑龙江省,哈尔滨市,松北区,47路;122路;129路;新区1号线,,0,0,126.522865,45.825145,,,http://map.baidu.com/,,,,,,,,,,,,,,,,,,,,0
716c2b1e74c81e169c09f792,保利公园九号小区,交通设施,公交车站,黑龙江省,哈尔滨市,松北区,123路;129路;216路,,0,0,126.518903,45.834854,,,http://map.baidu.com/,,,,,,,,,,,,,,,,,,,,0
bf847d0d908fbdf0eb12e4be,红星威尼斯庄园小区,交通设施,公交车站,黑龙江省,哈尔滨市,松北区,47路;123路;216路;226路,,0,0,126.532928,45.829232,,,http://map.baidu.com/,,,,,,,,,,,,,,,,,,,,0
0f55db0b1ccd5da596ca07a8,保利公园九号小区,交通设施,公交车站,黑龙江省,哈尔滨市,松北区,123路;129路;216路,,0,0,126.518732,45.834819,,,http://map.baidu.com/,,,,,,,,,,,,,,,,,,,,0
62197f14cce73bc3b11e366e,保利公园九号小区,交通设施,公交车站,黑龙江省,哈尔滨市,松北区,123路;129路;216路,,0,0,126.519074,45.834889,,,http://map.baidu.com/,,,,,,,,,,,,,,,,,,,,0
e401f5b3a0570187bb17e786,龙轩路(祥安北大街路口),交通设施,公交车站,黑龙江省,哈尔滨市,松北区,122路,,0,0,126.522059,45.831593,,,http://map.baidu.com/,,,,,,,,,,,,,,,,,,,,0
205592e83fb7052ff4e73b39,保利公园九号小区东门,交通设施,公交车站,黑龙江省,哈尔滨市,松北区,226路;230路,,0,0,126.522816,45.836836,,,http://map.baidu.com/,,,,,,,,,,,,,,,,,,,,0
bb71a97987e66b46223bf280,龙轩路祥安北大街口,交通设施,公交车站,黑龙江省,哈尔滨市,松北区,122路,,0,0,126.521952,45.831481,,,http://map.baidu.com/,,,,,,,,,,,,,,,,,,,,0
fe6e0eba2d6e4f1a16764380,湖畔绿色家园小区,交通设施,公交车站,黑龙江省,哈尔滨市,松北区,123路,,0,0,126.514289,45.833442,,,http://map.baidu.com/,,,,,,,,,,,,,,,,,,,,0
ab129bd85a355ed6ae0457b6,欧美亚小区北门,交通设施,公交车站,黑龙江省,哈尔滨市,松北区,47路;226路,,0,0,126.525193,45.834763,,,http://map.baidu.com/,,,,,,,,,,,,,,,,,,,,0
72c79b53101be34fb11e36ee,宜和园小区,交通设施,公交车站,黑龙江省,哈尔滨市,松北区,43路;47路;80路;80路前沙坨子支线;80路王玉村支线;122路;129路;230路;新区1号线,,0,0,126.522485,45.819219,,,http://map.baidu.com/,,,,,,,,,,,,,,,,,,,,0
8682eee448c441731b94c6d2,肿瘤康复医院,交通设施,公交车站,黑龙江省,哈尔滨市,松北区,226路;230路,,0,0,126.522973,45.840504,,,http://map.baidu.com/,,,,,,,,,,,,,,,,,,,,0
7e8917c072d10c81c61e51ac,宜和园小区,交通设施,公交车站,黑龙江省,哈尔滨市,松北区,43路;47路;80路;80路前沙坨子支线;80路王玉村支线;122路;129路;230路;新区1号线,,0,0,126.522747,45.819137,,,http://map.baidu.com/,,,,,,,,,,,,,,,,,,,,0
e42cd7860ab5fe47d4851f70,宜和园小区,交通设施,公交车站,黑龙江省,哈尔滨市,松北区,43路;47路;122路;129路;230路;新区1号线,,0,0,126.523141,45.819015,,,http://map.baidu.com/,,,,,,,,,,,,,,,,,,,,0
41ecb5c00ab9f9ef1c38941a,永安城小区,交通设施,公交车站,黑龙江省,哈尔滨市,松北区,47路;226路,,0,0,126.531981,45.834636,,,http://map.baidu.com/,,,,,,,,,,,,,,,,,,,,0
ead227af8a77022a7c29bde0,肿瘤康复医院,交通设施,公交车站,黑龙江省,哈尔滨市,松北区,226路;230路,,0,0,126.52309,45.840214,,,http://map.baidu.com/,,,,,,,,,,,,,,,,,,,,0
e82d43088936bec76d20b958,中源大道(祥安南大街口),交通设施,公交车站,黑龙江省,哈尔滨市,松北区,80路;80路前沙坨子支线;80路王玉村支线;145路,,0,0,126.521896,45.82083,,,http://map.baidu.com/,,,,,,,,,,,,,,,,,,,,0
407dba3f8b5a8c54b05c6ac7,凯利广场,交通设施,公交车站,黑龙江省,哈尔滨市,松北区,43路;47路;145路;216路,,0,0,126.54151,45.820107,,,http://map.baidu.com/,,,,,,,,,,,,,,,,,,,,0
3caf1124c74f66da58bbbc51,江都街,交通设施,公交车站,黑龙江省,哈尔滨市,松北区,新区1号线,,0,0,126.543409,45.831261,,,http://map.baidu.com/,,,,,,,,,,,,,,,,,,,,0
a99f1be6f6516137f90cad12,润恒城,交通设施,公交车站,黑龙江省,哈尔滨市,松北区,346-2路;346路;346路万乐支线,,0,0,126.511732,45.845511,,,http://map.baidu.com/,,,,,,,,,,,,,,,,,,,,0
9e1d6460307550b04354d70a,润恒城,交通设施,公交车站,黑龙江省,哈尔滨市,松北区,346-2路;346路;346路万乐支线,,0,0,126.511743,45.845556,,,http://map.baidu.com/,,,,,,,,,,,,,,,,,,,,0
c2a72bf9e916fbcfd42ce25b,润恒城,交通设施,公交车站,黑龙江省,哈尔滨市,松北区,346-2路;346路;346路万乐支线,,0,0,126.511754,45.845602,,,http://map.baidu.com/,,,,,,,,,,,,,,,,,,,,0
81730c0183389bd701294f69,上院小区,交通设施,公交车站,黑龙江省,哈尔滨市,松北区,125路,,0,0,126.502104,45.824028,,,http://map.baidu.com/,,,,,,,,,,,,,,,,,,,,0
d097ddeffa739c1179b55c12,凯利广场,交通设施,公交车站,黑龙江省,哈尔滨市,松北区,35路;43路;47路;145路;216路;230路支线,,0,0,126.543139,45.81912,,,http://map.baidu.com/,,,,,,,,,,,,,,,,,,,,0
177e5b46dd9794fec056ac89,天翔街,交通设施,公交车站,黑龙江省,哈尔滨市,松北区,哈尔滨新区智轨1号线,,0,0,126.533665,45.814031,,,http://map.baidu.com/,,,,,,,,,,,,,,,,,,,,0
912bb4fd71787847f7231036,天翔街,交通设施,公交车站,黑龙江省,哈尔滨市,松北区,哈尔滨新区智轨1号线,,0,0,126.53379,45.81406,,,http://map.baidu.com/,,,,,,,,,,,,,,,,,,,,0
79522d60374a3b77167643ca,天翔街,交通设施,公交车站,黑龙江省,哈尔滨市,松北区,哈尔滨新区智轨1号线,,0,0,126.533916,45.81409,,,http://map.baidu.com/,,,,,,,,,,,,,,,,,,,,0
1f49617335c35c5ac17da269,龙川路(江安街口),交通设施,公交车站,黑龙江省,哈尔滨市,松北区,226路,,0,0,126.534006,45.825886,,,http://map.baidu.com/,,,,,,,,,,,,,,,,,,,,0
ac1f53e3dcd1ad4fb21e3628,上院小区,交通设施,公交车站,黑龙江省,哈尔滨市,松北区,125路,,0,0,126.502042,45.824048,,,http://map.baidu.com/,,,,,,,,,,,,,,,,,,,,0
3fb34738e99e1191ef74f85c,润和城一期,交通设施,公交车站,黑龙江省,哈尔滨市,松北区,216路,,0,0,126.502017,45.821835,,,http://map.baidu.com/,,,,,,,,,,,,,,,,,,,,0
07f650c49eb874381e5800ab,荷兰城小区,交通设施,公交车站,黑龙江省,哈尔滨市,松北区,80路;80路前沙坨子支线;80路王玉村支线;126路;221路;396路;S12路/商务公交12号线;新区1号线,,0,0,126.535269,45.814183,,,http://map.baidu.com/,,,,,,,,,,,,,,,,,,,,0
759985b7b4d1996496ca074e,湖畔绿色家园北门,交通设施,公交车站,黑龙江省,哈尔滨市,松北区,216路,,0,0,126.510516,45.835063,,,http://map.baidu.com/,,,,,,,,,,,,,,,,,,,,0
3d132c4d628b0c808b2fb545,世博路,交通设施,公交车站,黑龙江省,哈尔滨市,松北区,35路,,0,0,126.53761,45.816783,,,http://map.baidu.com/,,,,,,,,,,,,,,,,,,,,0
ce4ffe094c3859158f1a8944,湖畔绿色家园小区,交通设施,公交车站,黑龙江省,哈尔滨市,松北区,122路;129路,,0,0,126.514421,45.833028,,,http://map.baidu.com/,,,,,,,,,,,,,,,,,,,,0
241e9207baa18959c51e5154,万达中央大剧院,交通设施,公交车站,黑龙江省,哈尔滨市,松北区,125路;126路;129路;S12路/商务公交12号线,,0,0,126.516174,45.813495,,,http://map.baidu.com/,,,,,,,,,,,,,,,,,,,,0
125759e19f973f04c9fa5fe0,左岸大街,交通设施,公交车站,黑龙江省,哈尔滨市,松北区,216路,,0,0,126.513856,45.83497,,,http://map.baidu.com/,,,,,,,,,,,,,,,,,,,,0
eacf515b132f0a9a03ff2d93,润恒大市场,交通设施,公交车站,黑龙江省,哈尔滨市,松北区,230路;346-2路;346路;346路万乐支线;S12路/商务公交12号线,,0,0,126.523062,45.845887,,,http://map.baidu.com/,,,,,,,,,,,,,,,,,,,,0
531f29aada7e0bc4a1d230da,荷兰城小区,交通设施,公交车站,黑龙江省,哈尔滨市,松北区,80路;80路前沙坨子支线;80路王玉村支线;126路;221路;396路;S12路/商务公交12号线;新区1号线,,0,0,126.534992,45.814065,,,http://map.baidu.com/,,,,,,,,,,,,,,,,,,,,0
4fefe2d6e7b15bfceb12e439,鑫源街,交通设施,公交车站,黑龙江省,哈尔滨市,松北区,35路;230路支线,,0,0,126.533683,45.816983,,,http://map.baidu.com/,,,,,,,,,,,,,,,,,,,,0
3e832a042a79ee97ce04eff1,江都街,交通设施,公交车站,黑龙江省,哈尔滨市,松北区,新区1号线,,0,0,126.544417,45.831399,,,http://map.baidu.com/,,,,,,,,,,,,,,,,,,,,0
d0c65a76e3955e56acee7a0c,荷兰城小区,交通设施,公交车站,黑龙江省,哈尔滨市,松北区,80路;80路前沙坨子支线;80路王玉村支线;126路;221路;396路;S12路/商务公交12号线;新区1号线,,0,0,126.535546,45.8143,,,http://map.baidu.com/,,,,,,,,,,,,,,,,,,,,0
dd329aa72d19a8e7c92915c9,军安绿色家园站,交通设施,公交车站,黑龙江省,哈尔滨市,松北区,119路,,0,0,126.56696,45.825314,,,http://map.baidu.com/,,,,,,,,,,,,,,,,,,,,0
4770c667e9639ee14c3a5900,学海路(文汇路口),交通设施,公交车站,黑龙江省,哈尔滨市,松北区,123路,,0,0,126.56588,45.825585,,,http://map.baidu.com/,,,,,,,,,,,,,,,,,,,,0
187aed5a9788eafd2d47339c,军安绿色家园小区,交通设施,公交车站,黑龙江省,哈尔滨市,松北区,119路;127路,,0,0,126.56684,45.825271,,,http://map.baidu.com/,,,,,,,,,,,,,,,,,,,,0
641d0ce77a3d36326c4760ef,丁香大道,交通设施,公交车站,黑龙江省,哈尔滨市,松北区,29路;123路;127路,,0,0,126.574546,45.829654,,,http://map.baidu.com/,,,,,,,,,,,,,,,,,,,,0
5ac98df955571ac7ce04ef7b,龙江第一村站,交通设施,公交车站,黑龙江省,哈尔滨市,松北区,29路;35路;119路;122路;123路;127路;145路;146路;松北新区环线1路;松北新区环线2路;新区1号线,,0,0,126.583458,45.824398,,,http://map.baidu.com/,,,,,,,,,,,,,,,,,,,,0
2705d0ac075a2bc9abf0cd8b,军安绿色家园小区,交通设施,公交车站,黑龙江省,哈尔滨市,松北区,119路;127路,,0,0,126.566969,45.824581,,,http://map.baidu.com/,,,,,,,,,,,,,,,,,,,,0
b2d67814a2c887fcadcb6627,岛屿墅小区,交通设施,公交车站,黑龙江省,哈尔滨市,松北区,29路;123路,,0,0,126.574774,45.825731,,,http://map.baidu.com/,,,,,,,,,,,,,,,,,,,,0
212f2deb89f447499cec2b3d,岛屿墅小区,交通设施,公交车站,黑龙江省,哈尔滨市,松北区,29路;123路,,0,0,126.574986,45.825741,,,http://map.baidu.com/,,,,,,,,,,,,,,,,,,,,0
90776ca6968fdb4be5e965e3,省农机大市场,交通设施,公交车站,黑龙江省,哈尔滨市,松北区,123路;211路;212路;213路;215路;219路;219路[石油学院区间];221路;223路;225路;346-2路;346路;346路万乐支线;551路;552路;S11路/商务公交11号线;机场大巴4号线;松北新区环线1路;松北新区环线2路,,0,0,126.55693,45.827508,,,http://map.baidu.com/,,,,,,,,,,,,,,,,,,,,0
a2f94042e1b52f3ab2077d29,银河小区,交通设施,公交车站,黑龙江省,哈尔滨市,松北区,29路;35路;119路;122路;123路;127路;145路;146路;松北新区环线1路;松北新区环线2路,,0,0,126.567012,45.820775,,,http://map.baidu.com/,,,,,,,,,,,,,,,,,,,,0
b0b4e27a9174b33a9fec2b02,岛屿墅小区,交通设施,公交车站,黑龙江省,哈尔滨市,松北区,29路;123路,,0,0,126.575199,45.825751,,,http://map.baidu.com/,,,,,,,,,,,,,,,,,,,,0
a2434d1ea989c15402294f8e,学海路(文汇路口),交通设施,公交车站,黑龙江省,哈尔滨市,松北区,123路,,0,0,126.56613,45.825541,,,http://map.baidu.com/,,,,,,,,,,,,,,,,,,,,0
43cd0b95638502a1c7f50dd2,学海路(文汇路口),交通设施,公交车站,黑龙江省,哈尔滨市,松北区,123路,,0,0,126.56563,45.825629,,,http://map.baidu.com/,,,,,,,,,,,,,,,,,,,,0
1a0922d307286e1ffda7788b,军安绿色家园,交通设施,公交车站,黑龙江省,哈尔滨市,松北区,119路,,0,0,126.56696,45.825314,,,http://map.baidu.com/,,,,,,,,,,,,,,,,,,,,0
8f37306f3e59041682a00c54,林家道口,交通设施,公交车站,黑龙江省,哈尔滨市,松北区,211路;212路;213路;215路;219路;219路[石油学院区间];221路;223路;225路;346-2路;346路;346路万乐支线;551路;552路;松北新区环线1路;松北新区环线2路,,0,0,126.552983,45.833567,,,http://map.baidu.com/,,,,,,,,,,,,,,,,,,,,0
dfa697a2fd0cdef4b14c4937,岛屿墅小区南门,交通设施,公交车站,黑龙江省,哈尔滨市,松北区,127路,,0,0,126.577875,45.826453,,,http://map.baidu.com/,,,,,,,,,,,,,,,,,,,,0
8e675120f3058d2d4f776e96,龙川路地铁站,交通设施,公交车站,黑龙江省,哈尔滨市,松北区,230路支线,,0,0,126.555361,45.828576,,,http://map.baidu.com/,,,,,,,,,,,,,,,,,,,,0
f85991c448e37f77dbeced41,岛屿墅小区南门,交通设施,公交车站,黑龙江省,哈尔滨市,松北区,127路,,0,0,126.578413,45.826496,,,http://map.baidu.com/,,,,,,,,,,,,,,,,,,,,0
338031ecb0c26d84d72ce233,哈商大(北校区),交通设施,公交车站,黑龙江省,哈尔滨市,松北区,29路;35路;119路;122路;123路;127路;145路;146路;松北新区环线1路;新区1号线,,0,0,126.572301,45.821647,,,http://map.baidu.com/,,,,,,,,,,,,,,,,,,,,0
3aff8418531370d75d17c334,丁香大道(中源大道口),交通设施,公交车站,黑龙江省,哈尔滨市,松北区,29路;123路;127路,,0,0,126.575341,45.822971,,,http://map.baidu.com/,,,,,,,,,,,,,,,,,,,,0
0346d86627f2577871455ba1,前进道口,交通设施,公交车站,黑龙江省,哈尔滨市,松北区,43路;47路;211路;212路;213路;215路;216路;219路;219路[石油学院区间];221路;223路;225路;346-2路;346路;346路万乐支线;551路;552路;S11路/商务公交11号线;机场大巴4号线,,0,0,126.558943,45.816281,,,http://map.baidu.com/,,,,,,,,,,,,,,,,,,,,0
3c70155fa7449b6d58109334,龙江第一村,交通设施,公交车站,黑龙江省,哈尔滨市,松北区,29路,,0,0,126.584234,45.827212,,,http://map.baidu.com/,,,,,,,,,,,,,,,,,,,,0
3fdfa4cd48da0b672fb17ed0,龙江第一村,交通设施,公交车站,黑龙江省,哈尔滨市,松北区,35路;122路;145路;146路;松北新区环线2路;新区1号线,,0,0,126.581248,45.821869,,,http://map.baidu.com/,,,,,,,,,,,,,,,,,,,,0
096deb6cac612e16d2f49eab,学富路(热源路口),交通设施,公交车站,黑龙江省,哈尔滨市,松北区,29路;123路;127路,,0,0,126.582042,45.827,,,http://map.baidu.com/,,,,,,,,,,,,,,,,,,,,0
b0d00b0c5658a304441a32f7,中源大道(丁香大道口),交通设施,公交车站,黑龙江省,哈尔滨市,松北区,35路;119路;122路;145路;146路;松北新区环线1路;新区1号线,,0,0,126.577055,45.822028,,,http://map.baidu.com/,,,,,,,,,,,,,,,,,,,,0
ce21576f1b233871047ce821,中源大道(丁香大道口),交通设施,公交车站,黑龙江省,哈尔滨市,松北区,35路;119路;122路;145路;146路;松北新区环线1路;新区1号线,,0,0,126.577055,45.822028,,,http://map.baidu.com/,,,,,,,,,,,,,,,,,,,,0
72a1eb4b94c65a88fa42b24e,庙台子屯,交通设施,公交车站,黑龙江省,哈尔滨市,松北区,50路,,0,0,126.587131,45.83897,,,http://map.baidu.com/,,,,,,,,,,,,,,,,,,,,0
3caf1124c74f66da58bbbc51,江都街,交通设施,公交车站,黑龙江省,哈尔滨市,松北区,新区1号线,,0,0,126.543409,45.831261,,,http://map.baidu.com/,,,,,,,,,,,,,,,,,,,,0
5b1f3a5cc867de6472455b48,哈尔滨大剧院,交通设施,公交车站,黑龙江省,哈尔滨市,松北区,35路;122路;145路;146路;松北新区环线1路;松北新区环线2路;新区1号线,,0,0,126.589868,45.822962,,,http://map.baidu.com/,,,,,,,,,,,,,,,,,,,,0
ca1117cf617911f67369d33d,塞纳欧香小区,交通设施,公交车站,黑龙江省,哈尔滨市,松北区,29路;123路,,0,0,126.580955,45.833087,,,http://map.baidu.com/,,,,,,,,,,,,,,,,,,,,0
d7352bd6d69fa2dc14948e89,江都街(龙川路口),交通设施,公交车站,黑龙江省,哈尔滨市,松北区,226路;230路支线,,0,0,126.549068,45.824996,,,http://map.baidu.com/,,,,,,,,,,,,,,,,,,,,0
4edd5010eac4c36fe8e5820e,江都街(龙川路口),交通设施,公交车站,黑龙江省,哈尔滨市,松北区,226路;230路支线,,0,0,126.549068,45.824996,,,http://map.baidu.com/,,,,,,,,,,,,,,,,,,,,0
f5585312a506edc8f8f0cba3,龙川路(江都街口),交通设施,公交车站,黑龙江省,哈尔滨市,松北区,226路;230路支线,,0,0,126.548368,45.826236,,,http://map.baidu.com/,,,,,,,,,,,,,,,,,,,,0
1ce714ca686b07eed22dd604,黑龙江省第二医院,交通设施,公交车站,黑龙江省,哈尔滨市,松北区,216路,,0,0,126.552956,45.82011,,,http://map.baidu.com/,,,,,,,,,,,,,,,,,,,,0
64652b638d3283e172455b0b,哈尔滨音乐学院,交通设施,公交车站,黑龙江省,哈尔滨市,松北区,29路;123路;127路,,0,0,126.57626,45.833932,,,http://map.baidu.com/,,,,,,,,,,,,,,,,,,,,0
1da648c9006ee252e8e5829b,军安绿色家园小区,交通设施,公交车站,黑龙江省,哈尔滨市,松北区,127路,,0,0,126.567228,45.823202,,,http://map.baidu.com/,,,,,,,,,,,,,,,,,,,,0
5ebb020b944f8df61e3894df,前进道口[机场巴士站],交通设施,公交车站,黑龙江省,哈尔滨市,松北区,机场大巴4号线,,0,0,126.559229,45.816395,,,http://map.baidu.com/,,,,,,,,,,,,,,,,,,,,0
978e0e2335d456bc2b3a9f01,凯利汽车百货广场,交通设施,公交车站,黑龙江省,哈尔滨市,松北区,43路;47路;123路;145路;216路,,0,0,126.54667,45.820338,,,http://map.baidu.com/,,,,,,,,,,,,,,,,,,,,0
5529bc3f02f1bd2ebd48429f,庙台子屯,交通设施,公交车站,黑龙江省,哈尔滨市,松北区,50路,,0,0,126.587124,45.838969,,,http://map.baidu.com/,,,,,,,,,,,,,,,,,,,,0
a6f9009a3baaeaa0c26c140e,塞纳欧香小区北门,交通设施,公交车站,黑龙江省,哈尔滨市,松北区,127路,,0,0,126.584029,45.832445,,,http://map.baidu.com/,,,,,,,,,,,,,,,,,,,,0
b4f1b24f0529251a27e0a0f2,丁香大道(中源大道口),交通设施,公交车站,黑龙江省,哈尔滨市,松北区,29路;123路;127路,,0,0,126.575049,45.823518,,,http://map.baidu.com/,,,,,,,,,,,,,,,,,,,,0
e11970e343f7d77d601c6776,哈商大(北校区),交通设施,公交车站,黑龙江省,哈尔滨市,松北区,29路;35路;119路;122路;123路;127路;145路;146路;松北新区环线2路;新区1号线,,0,0,126.573649,45.821308,,,http://map.baidu.com/,,,,,,,,,,,,,,,,,,,,0
0e12b67e39cd0f11deee8b04,前进道口,交通设施,公交车站,黑龙江省,哈尔滨市,松北区,43路;47路;211路;212路;213路;215路;216路;219路;219路[石油学院区间];221路;223路;225路;346-2路;346路;346路万乐支线;551路;552路;S11路/商务公交11号线,,0,0,126.559543,45.816265,,,http://map.baidu.com/,,,,,,,,,,,,,,,,,,,,0
8db66cf194dd356e07fef5c7,学富路(热源路口),交通设施,公交车站,黑龙江省,哈尔滨市,松北区,127路,,0,0,126.58187,45.82674,,,http://map.baidu.com/,,,,,,,,,,,,,,,,,,,,0
7a37121c9eb322933617dc21,前进道口,交通设施,公交车站,黑龙江省,哈尔滨市,松北区,43路;47路;211路;212路;213路;215路;216路;219路;219路[石油学院区间];221路;223路;225路;346-2路;346路;346路万乐支线;551路;552路;S11路/商务公交11号线;机场大巴4号线,,0,0,126.558943,45.816281,,,http://map.baidu.com/,,,,,,,,,,,,,,,,,,,,0
3e832a042a79ee97ce04eff1,江都街,交通设施,公交车站,黑龙江省,哈尔滨市,松北区,新区1号线,,0,0,126.544417,45.831399,,,http://map.baidu.com/,,,,,,,,,,,,,,,,,,,,0
d1a84289e8317eee2fb96d79,富力城小区,交通设施,公交车站,黑龙江省,哈尔滨市,松北区,35路;122路;123路;145路;松北新区环线2路,,0,0,126.608869,45.831838,,,http://map.baidu.com/,,,,,,,,,,,,,,,,,,,,0
7b65099c2834ef75a2a9346a,富力城小区,交通设施,公交车站,黑龙江省,哈尔滨市,松北区,35路;122路;123路;145路;松北新区环线1路;松北新区环线2路,,0,0,126.609183,45.832143,,,http://map.baidu.com/,,,,,,,,,,,,,,,,,,,,0
ecefc0fc39944efd6240a95e,富力城小区,交通设施,公交车站,黑龙江省,哈尔滨市,松北区,35路;122路;123路;145路;松北新区环线1路,,0,0,126.609576,45.832525,,,http://map.baidu.com/,,,,,,,,,,,,,,,,,,,,0
232d17dbcd6e54eaaaf0cd2f,虎林园,交通设施,公交车站,黑龙江省,哈尔滨市,松北区,35路;122路;123路;145路;松北新区环线1路;松北新区环线2路,,0,0,126.596341,45.826553,,,http://map.baidu.com/,,,,,,,,,,,,,,,,,,,,0
aa88070d891a484700ec0180,东北虎林园,交通设施,公交车站,黑龙江省,哈尔滨市,松北区,哈尔滨新区智轨1号线,,0,0,126.59861,45.827006,,,http://map.baidu.com/,,,,,,,,,,,,,,,,,,,,0
c8cb112274dbddba2ce67b44,东北虎林园,交通设施,公交车站,黑龙江省,哈尔滨市,松北区,哈尔滨新区智轨1号线,,0,0,126.598596,45.826999,,,http://map.baidu.com/,,,,,,,,,,,,,,,,,,,,0
1008b4041d47dd54110daa71,东北虎林园,交通设施,公交车站,黑龙江省,哈尔滨市,松北区,哈尔滨新区智轨1号线,,0,0,126.598582,45.826991,,,http://map.baidu.com/,,,,,,,,,,,,,,,,,,,,0
78799b09a6996e96102935b0,东北亚大街,交通设施,公交车站,黑龙江省,哈尔滨市,松北区,哈尔滨新区智轨1号线,,0,0,126.61583,45.834029,,,http://map.baidu.com/,,,,,,,,,,,,,,,,,,,,0
46363fe4c019ac3708f5eb26,东北亚大街,交通设施,公交车站,黑龙江省,哈尔滨市,松北区,哈尔滨新区智轨1号线,,0,0,126.615875,45.834045,,,http://map.baidu.com/,,,,,,,,,,,,,,,,,,,,0
94d82bb83bed3622f7e73b1a,东北亚大街,交通设施,公交车站,黑龙江省,哈尔滨市,松北区,哈尔滨新区智轨1号线,,0,0,126.615919,45.834061,,,http://map.baidu.com/,,,,,,,,,,,,,,,,,,,,0
415135e22797cc07aecb66d9,三环路(东北亚大街口),交通设施,公交车站,黑龙江省,哈尔滨市,松北区,35路;122路;123路;145路;松北新区环线1路;松北新区环线2路,,0,0,126.61595,45.833987,,,http://map.baidu.com/,,,,,,,,,,,,,,,,,,,,0
f29a589bf19ff0beeb12e475,三环路(东北亚大街口),交通设施,公交车站,黑龙江省,哈尔滨市,松北区,35路;122路;123路;145路;松北新区环线1路,,0,0,126.615822,45.834283,,,http://map.baidu.com/,,,,,,,,,,,,,,,,,,,,0
411d4ec91b321687921fc99c,学子街,交通设施,公交车站,黑龙江省,哈尔滨市,松北区,29路;127路;松北新区环线1路;松北新区环线2路,,0,0,126.592342,45.828981,,,http://map.baidu.com/,,,,,,,,,,,,,,,,,,,,0
f99af71bfffadee7e115f990,浦西路,交通设施,公交车站,黑龙江省,哈尔滨市,松北区,50路,,0,0,126.610024,45.843322,,,http://map.baidu.com/,,,,,,,,,,,,,,,,,,,,0
ae708245752df1076f476080,三环路(浦南大街口),交通设施,公交车站,黑龙江省,哈尔滨市,松北区,35路;48路;122路;145路;松北新区环线2路,,0,0,126.622139,45.835955,,,http://map.baidu.com/,,,,,,,,,,,,,,,,,,,,0
5c8e6e7617fedaa70b1cc70a,三环路(浦南大街口),交通设施,公交车站,黑龙江省,哈尔滨市,松北区,35路;48路;122路;145路;松北新区环线1路;松北新区环线2路,,0,0,126.622006,45.836204,,,http://map.baidu.com/,,,,,,,,,,,,,,,,,,,,0
5edb9713fb2ed21759bbbcea,三环路(浦南大街口),交通设施,公交车站,黑龙江省,哈尔滨市,松北区,35路;48路;122路;145路;松北新区环线1路,,0,0,126.621907,45.836391,,,http://map.baidu.com/,,,,,,,,,,,,,,,,,,,,0
29713fa2cb2cb041246e9812,广信新城市场,交通设施,公交车站,黑龙江省,哈尔滨市,松北区,48路;49路;50路,,0,0,126.6197,45.830526,,,http://map.baidu.com/,,,,,,,,,,,,,,,,,,,,0
72a1eb4b94c65a88fa42b24e,庙台子屯,交通设施,公交车站,黑龙江省,哈尔滨市,松北区,50路,,0,0,126.587131,45.83897,,,http://map.baidu.com/,,,,,,,,,,,,,,,,,,,,0
5e8dc5667c8fa3615cbe86ed,浦西路,交通设施,公交车站,黑龙江省,哈尔滨市,松北区,50路,,0,0,126.610024,45.843322,,,http://map.baidu.com/,,,,,,,,,,,,,,,,,,,,0
5b1f3a5cc867de6472455b48,哈尔滨大剧院,交通设施,公交车站,黑龙江省,哈尔滨市,松北区,35路;122路;145路;146路;松北新区环线1路;松北新区环线2路;新区1号线,,0,0,126.589868,45.822962,,,http://map.baidu.com/,,,,,,,,,,,,,,,,,,,,0
3c70155fa7449b6d58109334,龙江第一村,交通设施,公交车站,黑龙江省,哈尔滨市,松北区,29路,,0,0,126.584234,45.827212,,,http://map.baidu.com/,,,,,,,,,,,,,,,,,,,,0
bff8a3137998098c88b988fa,工大教授楼,交通设施,公交车站,黑龙江省,哈尔滨市,松北区,35路;48路;122路;123路;145路;松北新区环线1路;松北新区环线2路,,0,0,126.630814,45.839255,,,http://map.baidu.com/,,,,,,,,,,,,,,,,,,,,0
15bbe26db5d16a3abd484213,剧院一路(大剧院街口),交通设施,公交车站,黑龙江省,哈尔滨市,松北区,146路;新区1号线,,0,0,126.593006,45.817736,,,http://map.baidu.com/,,,,,,,,,,,,,,,,,,,,0
870ddd372212655adbd8917d,剧院一路(大剧院街口),交通设施,公交车站,黑龙江省,哈尔滨市,松北区,146路;新区1号线,,0,0,126.593297,45.817648,,,http://map.baidu.com/,,,,,,,,,,,,,,,,,,,,0
a92e207c6bd7464803ec0134,松北区服务中心,交通设施,公交车站,黑龙江省,哈尔滨市,松北区,123路,,0,0,126.614553,45.848061,,,http://map.baidu.com/,,,,,,,,,,,,,,,,,,,,0
658c9768088ca2f4b9df8fa7,浦西路,交通设施,公交车站,黑龙江省,哈尔滨市,松北区,50路,,0,0,126.610634,45.842511,,,http://map.baidu.com/,,,,,,,,,,,,,,,,,,,,0
c96283e7043260b3c7f025a6,黎明村大道口,交通设施,公交车站,黑龙江省,哈尔滨市,松北区,50路,,0,0,126.602221,45.842663,,,http://map.baidu.com/,,,,,,,,,,,,,,,,,,,,0
565381f14a7a5f2f9de32127,三环路(东北亚大街口),交通设施,公交车站,黑龙江省,哈尔滨市,松北区,35路;122路;123路;145路;松北新区环线2路,,0,0,126.616027,45.833809,,,http://map.baidu.com/,,,,,,,,,,,,,,,,,,,,0
0fed25532b0c18dd9e82eac6,中源大道(东北亚大街路口),交通设施,公交车站,黑龙江省,哈尔滨市,松北区,48路;49路;50路,,0,0,126.618283,45.832381,,,http://map.baidu.com/,,,,,,,,,,,,,,,,,,,,0
3a094fb0bdff50cf16a19015,松北区服务中心,交通设施,公交车站,黑龙江省,哈尔滨市,松北区,123路,,0,0,126.614553,45.848061,,,http://map.baidu.com/,,,,,,,,,,,,,,,,,,,,0
5529bc3f02f1bd2ebd48429f,庙台子屯,交通设施,公交车站,黑龙江省,哈尔滨市,松北区,50路,,0,0,126.587124,45.838969,,,http://map.baidu.com/,,,,,,,,,,,,,,,,,,,,0
9b92da461161ca72f4e73b9a,哈尔滨大剧院停车场,交通设施,公交车站,黑龙江省,哈尔滨市,松北区,29路;146路;新区1号线,,0,0,126.597889,45.816222,,,http://map.baidu.com/,,,,,,,,,,,,,,,,,,,,0
a6f9009a3baaeaa0c26c140e,塞纳欧香小区北门,交通设施,公交车站,黑龙江省,哈尔滨市,松北区,127路,,0,0,126.584029,45.832445,,,http://map.baidu.com/,,,,,,,,,,,,,,,,,,,,0
4c41670df5f1f73df822138e,松北执法办公区,交通设施,公交车站,黑龙江省,哈尔滨市,松北区,123路,,0,0,126.617913,45.843622,,,http://map.baidu.com/,,,,,,,,,,,,,,,,,,,,0
66cb47e371c22fb890114c44,剧院一路(大剧院街口),交通设施,公交车站,黑龙江省,哈尔滨市,松北区,146路;新区1号线,,0,0,126.593588,45.817559,,,http://map.baidu.com/,,,,,,,,,,,,,,,,,,,,0
d3dc68eeb926f0e475e5b694,松浦大桥北,交通设施,公交车站,黑龙江省,哈尔滨市,松北区,3路;35路;36路;41路;48路;122路;123路;145路;207路;231路;231路[哈铁文化小区支线];231路支线;266路;553路,,0,0,126.650809,45.827046,,,http://map.baidu.com/,,,,,,,,,,,,,,,,,,,,0
77605a4d56a4e6eed12dd65a,糖厂社区,交通设施,公交车站,黑龙江省,哈尔滨市,松北区,3路;36路;123路;231路;266路,,0,0,126.65348,45.828276,,,http://map.baidu.com/,,,,,,,,,,,,,,,,,,,,0
9067c5f9fc0ce8d42806ce83,糖厂社区,交通设施,公交车站,黑龙江省,哈尔滨市,松北区,3路;36路;123路;231路;266路,,0,0,126.653867,45.828442,,,http://map.baidu.com/,,,,,,,,,,,,,,,,,,,,0
fc81f39c5fd44a03f4eafc42,糖厂社区,交通设施,公交车站,黑龙江省,哈尔滨市,松北区,3路;36路;123路;231路;266路,,0,0,126.654253,45.828608,,,http://map.baidu.com/,,,,,,,,,,,,,,,,,,,,0
e6d88f92cb35d77db42655a8,松北大桥北,交通设施,公交车站,黑龙江省,哈尔滨市,松北区,123路;231路,,0,0,126.650059,45.828871,,,http://map.baidu.com/,,,,,,,,,,,,,,,,,,,,0
11689be76dba49440e3dda09,小王家屯,交通设施,公交车站,黑龙江省,哈尔滨市,松北区,35路;41路;48路;122路;123路;145路;207路;231路;231路[哈铁文化小区支线],,0,0,126.648476,45.831513,,,http://map.baidu.com/,,,,,,,,,,,,,,,,,,,,0
36c9ec8afda029d5c5effb0f,松北大桥北,交通设施,公交车站,黑龙江省,哈尔滨市,松北区,123路;231路,,0,0,126.650059,45.828871,,,http://map.baidu.com/,,,,,,,,,,,,,,,,,,,,0
e833b8a25ecf5baba8059de8,黑龙江科技大学,交通设施,公交车站,黑龙江省,哈尔滨市,松北区,266路,,0,0,126.660976,45.830526,,,http://map.baidu.com/,,,,,,,,,,,,,,,,,,,,0
99bde1a6368cd9f5774ff196,黑龙江科技大学,交通设施,公交车站,黑龙江省,哈尔滨市,松北区,3路;36路;123路;231路;266路,,0,0,126.659729,45.830118,,,http://map.baidu.com/,,,,,,,,,,,,,,,,,,,,0
75e720fd747bce3da5da3910,亚为浦城小区,交通设施,公交车站,黑龙江省,哈尔滨市,松北区,35路;41路;48路;122路;123路;145路;207路;231路;231路支线,,0,0,126.64799,45.838771,,,http://map.baidu.com/,,,,,,,,,,,,,,,,,,,,0
d914c71ac76a4995931fc9e9,亚为浦城小区,交通设施,公交车站,黑龙江省,哈尔滨市,松北区,35路;41路;48路;122路;123路;145路;207路;231路;231路[哈铁文化小区支线];231路支线,,0,0,126.647663,45.838949,,,http://map.baidu.com/,,,,,,,,,,,,,,,,,,,,0
5a44d2713ecfed7ba20464f4,前曹家,交通设施,公交车站,黑龙江省,哈尔滨市,松北区,36路;231路,,0,0,126.664322,45.831511,,,http://map.baidu.com/,,,,,,,,,,,,,,,,,,,,0
192a9c99ee349597354aae8e,904大厦,交通设施,公交车站,黑龙江省,哈尔滨市,松北区,35路;41路;48路;122路;123路;145路;207路;231路;231路[哈铁文化小区支线];231路支线;553路;松北新区环线2路,,0,0,126.645893,45.844067,,,http://map.baidu.com/,,,,,,,,,,,,,,,,,,,,0
04d4c6020ea2a50facee7adb,临时站二,交通设施,公交车站,黑龙江省,哈尔滨市,松北区,145路;松北新区环线1路,,0,0,126.638013,45.841773,,,http://map.baidu.com/,,,,,,,,,,,,,,,,,,,,0
c3b35154793c21bd8733040c,九〇四大厦,交通设施,公交车站,黑龙江省,哈尔滨市,松北区,41路,,0,0,126.647224,45.844795,,,http://map.baidu.com/,,,,,,,,,,,,,,,,,,,,0
53d3b09c993c0eee3f9a5e39,九〇四大厦,交通设施,公交车站,黑龙江省,哈尔滨市,松北区,35路;41路;48路;122路;123路;145路;松北新区环线1路,,0,0,126.645819,45.844325,,,http://map.baidu.com/,,,,,,,,,,,,,,,,,,,,0
ce13f15adda184f8223bf22d,纪检监察学校,交通设施,公交车站,黑龙江省,哈尔滨市,松北区,哈尔滨新区智轨1号线,,0,0,126.654424,45.847579,,,http://map.baidu.com/,,,,,,,,,,,,,,,,,,,,0
16d8034f5ec176b22102622e,纪检监察学校,交通设施,公交车站,黑龙江省,哈尔滨市,松北区,哈尔滨新区智轨1号线,,0,0,126.654424,45.847579,,,http://map.baidu.com/,,,,,,,,,,,,,,,,,,,,0
76e3dc42d7488aa216c90519,纪检监督学院,交通设施,公交车站,黑龙江省,哈尔滨市,松北区,哈尔滨新区智轨1号线,,0,0,126.654315,45.847532,,,http://map.baidu.com/,,,,,,,,,,,,,,,,,,,,0
a7f809106b84f3d48bf15d20,纪检监督学院,交通设施,公交车站,黑龙江省,哈尔滨市,松北区,哈尔滨新区智轨1号线,,0,0,126.654315,45.847532,,,http://map.baidu.com/,,,,,,,,,,,,,,,,,,,,0
bff8a3137998098c88b988fa,工大教授楼,交通设施,公交车站,黑龙江省,哈尔滨市,松北区,35路;48路;122路;123路;145路;松北新区环线1路;松北新区环线2路,,0,0,126.630814,45.839255,,,http://map.baidu.com/,,,,,,,,,,,,,,,,,,,,0
6eb7d39c7f79beb0f8f0cb61,后曹家,交通设施,公交车站,黑龙江省,哈尔滨市,松北区,36路;231路,,0,0,126.673099,45.83418,,,http://map.baidu.com/,,,,,,,,,,,,,,,,,,,,0
0248bf5ec4fb303f38221cb9,临时站二,交通设施,公交车站,黑龙江省,哈尔滨市,松北区,145路;松北新区环线1路,,0,0,126.639239,45.84247,,,http://map.baidu.com/,,,,,,,,,,,,,,,,,,,,0
8edef7d7a35f28df283a9f28,亚为浦城小区,交通设施,公交车站,黑龙江省,哈尔滨市,松北区,35路;41路;48路;122路;123路;145路;207路;231路;231路[哈铁文化小区支线],,0,0,126.647372,45.839108,,,http://map.baidu.com/,,,,,,,,,,,,,,,,,,,,0
710b5502c57bf043774ff1de,临时站二(廉政教育基地),交通设施,公交车站,黑龙江省,哈尔滨市,松北区,145路;松北新区环线2路,,0,0,126.636787,45.841075,,,http://map.baidu.com/,,,,,,,,,,,,,,,,,,,,0
50742d6b32491cfb29fc4870,九〇四大厦,交通设施,公交车站,黑龙江省,哈尔滨市,松北区,35路;48路;122路;123路;145路;松北新区环线1路,,0,0,126.644869,45.844424,,,http://map.baidu.com/,,,,,,,,,,,,,,,,,,,,0
38535a7e6310492fa80dd8de,沙坨子,交通设施,公交车站,黑龙江省,哈尔滨市,松北区,36路;36路黑冰雪支线,,0,0,126.688487,45.835233,,,http://map.baidu.com/,,,,,,,,,,,,,,,,,,,,0
da46758609b0f6839f09f7e1,沙坨子,交通设施,公交车站,黑龙江省,哈尔滨市,松北区,36路,,0,0,126.688922,45.835436,,,http://map.baidu.com/,,,,,,,,,,,,,,,,,,,,0
d274dcc41f81c884230262a5,浦源路(滨北桥口),交通设施,公交车站,黑龙江省,哈尔滨市,松北区,231路,,0,0,126.683894,45.837583,,,http://map.baidu.com/,,,,,,,,,,,,,,,,,,,,0
6eb7d39c7f79beb0f8f0cb61,后曹家,交通设施,公交车站,黑龙江省,哈尔滨市,松北区,36路;231路,,0,0,126.673099,45.83418,,,http://map.baidu.com/,,,,,,,,,,,,,,,,,,,,0
29db1879c10d7bb92cb96d12,临时站二(松花江村),交通设施,公交车站,黑龙江省,哈尔滨市,松北区,36路;231路,,0,0,126.678441,45.835855,,,http://map.baidu.com/,,,,,,,,,,,,,,,,,,,,0
d2ee33e3f5dc52d43f9a5e78,千山管桩,交通设施,公交车站,黑龙江省,哈尔滨市,道外区,79路;375路,,0,0,126.735399,45.826883,,,http://map.baidu.com/,,,,,,,,,,,,,,,,,,,,0
d09b7bc79cfd2bb121f0178c,水泥厂文化宫,交通设施,公交车站,黑龙江省,哈尔滨市,道外区,79路;331路;375路,,0,0,126.736371,45.831952,,,http://map.baidu.com/,,,,,,,,,,,,,,,,,,,,0
b9c93405d87aec6f9d82ead8,水泥厂,交通设施,公交车站,黑龙江省,哈尔滨市,道外区,79路,,0,0,126.736419,45.836419,,,http://map.baidu.com/,,,,,,,,,,,,,,,,,,,,0
91493e52bde18de12fb96d78,水泥东路,交通设施,公交车站,黑龙江省,哈尔滨市,道外区,79路;331路;375路,,0,0,126.737934,45.835603,,,http://map.baidu.com/,,,,,,,,,,,,,,,,,,,,0
bfc0d6514a84c307cbe33c5d,水泥厂道口,交通设施,公交车站,黑龙江省,哈尔滨市,道外区,375路,,0,0,126.73729,45.836742,,,http://map.baidu.com/,,,,,,,,,,,,,,,,,,,,0
58043570d733db0d1c38941a,前进水泥管厂,交通设施,公交车站,黑龙江省,哈尔滨市,道外区,79路;331路;375路,,0,0,126.733847,45.822617,,,http://map.baidu.com/,,,,,,,,,,,,,,,,,,,,0
a2295e615ffc2ab4d13ce3bb,民富桥,交通设施,公交车站,黑龙江省,哈尔滨市,道外区,331路;375路,,0,0,126.750093,45.841786,,,http://map.baidu.com/,,,,,,,,,,,,,,,,,,,,0
942705a4ab6cb12dc036445f,红光锅炉厂,交通设施,公交车站,黑龙江省,哈尔滨市,道外区,375路,,0,0,126.73006,45.817375,,,http://map.baidu.com/,,,,,,,,,,,,,,,,,,,,0
0269d61d83cb716526e0a09a,煤炭七公司,交通设施,公交车站,黑龙江省,哈尔滨市,道外区,331路;375路,,0,0,126.728147,45.815348,,,http://map.baidu.com/,,,,,,,,,,,,,,,,,,,,0
a503592330a9f64463180955,松江板厂,交通设施,公交车站,黑龙江省,哈尔滨市,道外区,375路,,0,0,126.747792,45.840946,,,http://map.baidu.com/,,,,,,,,,,,,,,,,,,,,0
e1499e87a80f94a2ab059d45,煤炭七公司,交通设施,公交车站,黑龙江省,哈尔滨市,道外区,79路;331路;375路,,0,0,126.728015,45.815208,,,http://map.baidu.com/,,,,,,,,,,,,,,,,,,,,0
1dd57f9995142217a8f0cd9a,煤炭七公司,交通设施,公交车站,黑龙江省,哈尔滨市,道外区,79路;331路;375路,,0,0,126.727971,45.815161,,,http://map.baidu.com/,,,,,,,,,,,,,,,,,,,,0
17f9a093fe1ed0a25cd4fe23,水厂,交通设施,公交车站,黑龙江省,哈尔滨市,道外区,360路,,0,0,126.77963,45.833511,,,http://map.baidu.com/,,,,,,,,,,,,,,,,,,,,0
92a171973e99cb63354aae4c,红房子,交通设施,公交车站,黑龙江省,哈尔滨市,道外区,360路,,0,0,126.781845,45.827215,,,http://map.baidu.com/,,,,,,,,,,,,,,,,,,,,0
44508d8dc74e633e0c0e6bb3,亚麻厂,交通设施,公交车站,黑龙江省,哈尔滨市,道外区,360路,,0,0,126.781028,45.829536,,,http://map.baidu.com/,,,,,,,,,,,,,,,,,,,,0
dbd895f1ef99c657a8059d65,新兴二队,交通设施,公交车站,黑龙江省,哈尔滨市,道外区,360路,,0,0,126.779013,45.835611,,,http://map.baidu.com/,,,,,,,,,,,,,,,,,,,,0
0175be529edc990aeddfcab0,味精厂,交通设施,公交车站,黑龙江省,哈尔滨市,道外区,360路,,0,0,126.781979,45.821587,,,http://map.baidu.com/,,,,,,,,,,,,,,,,,,,,0
9f8aa4f556109c676b49f399,碾房,交通设施,公交车站,黑龙江省,哈尔滨市,道外区,360路,,0,0,126.778138,45.843937,,,http://map.baidu.com/,,,,,,,,,,,,,,,,,,,,0
a899460d3b0124e9a0acc40d,第一零八中学,交通设施,公交车站,黑龙江省,哈尔滨市,道外区,360路,,0,0,126.777551,45.847711,,,http://map.baidu.com/,,,,,,,,,,,,,,,,,,,,0
dfa1e705553878a82811d14a,子良仓买,交通设施,公交车站,黑龙江省,哈尔滨市,道外区,360路,,0,0,126.778374,45.842294,,,http://map.baidu.com/,,,,,,,,,,,,,,,,,,,,0
8df4ab8e800ba1b672455b65,佟家店,交通设施,公交车站,黑龙江省,哈尔滨市,道外区,360路,,0,0,126.781555,45.813487,,,http://map.baidu.com/,,,,,,,,,,,,,,,,,,,,0
5066e382b45d59b9343a716c,佟家店,交通设施,公交车站,黑龙江省,哈尔滨市,道外区,360路,,0,0,126.781553,45.813481,,,http://map.baidu.com/,,,,,,,,,,,,,,,,,,,,0
f97d64c230b2a69ac51e5113,杨洋仓买,交通设施,公交车站,黑龙江省,哈尔滨市,道外区,360路,,0,0,126.781712,45.815512,,,http://map.baidu.com/,,,,,,,,,,,,,,,,,,,,0
50e680530254ab9d6fa3cc16,佟家店,交通设施,公交车站,黑龙江省,哈尔滨市,道外区,360路,,0,0,126.781554,45.813484,,,http://map.baidu.com/,,,,,,,,,,,,,,,,,,,,0
8d6ecf7fe15eda87f02d83ae,八家子广场,交通设施,公交车站,黑龙江省,哈尔滨市,道外区,360路,,0,0,126.777871,45.845795,,,http://map.baidu.com/,,,,,,,,,,,,,,,,,,,,0
27b702c47ddae1ea01294f0d,第一零八中学,交通设施,公交车站,黑龙江省,哈尔滨市,道外区,360路,,0,0,126.77755,45.847712,,,http://map.baidu.com/,,,,,,,,,,,,,,,,,,,,0
9f8293f87f1b628048fc8d52,第一零八中学,交通设施,公交车站,黑龙江省,哈尔滨市,道外区,360路,,0,0,126.777551,45.84771,,,http://map.baidu.com/,,,,,,,,,,,,,,,,,,,,0
252f9e32c1b9e9e37ab55c03,庆丰村,交通设施,公交车站,黑龙江省,哈尔滨市,道外区,339路;339路白渔泡支线;355路;355路白渔泡支线;355路巨源支线;359路,,0,0,126.813331,45.827669,,,http://map.baidu.com/,,,,,,,,,,,,,,,,,,,,0
e6ab009d644b9a6bca09f0d4,庆丰小桥,交通设施,公交车站,黑龙江省,哈尔滨市,道外区,355路;359路,,0,0,126.817207,45.825934,,,http://map.baidu.com/,,,,,,,,,,,,,,,,,,,,0
e51e449fe0e372ab9403196b,庆丰村卫生院,交通设施,公交车站,黑龙江省,哈尔滨市,道外区,355路,,0,0,126.823052,45.827428,,,http://map.baidu.com/,,,,,,,,,,,,,,,,,,,,0
f1358c6a757400fc16a19047,庆丰小桥,交通设施,公交车站,黑龙江省,哈尔滨市,道外区,339路;355路;355路巨源支线;359路,,0,0,126.817205,45.825881,,,http://map.baidu.com/,,,,,,,,,,,,,,,,,,,,0
230cfa9956ff3f469ee3213a,庆丰村,交通设施,公交车站,黑龙江省,哈尔滨市,道外区,339路白渔泡支线;355路白渔泡支线,,0,0,126.80637,45.828425,,,http://map.baidu.com/,,,,,,,,,,,,,,,,,,,,0
56bb8e4f9a0e295a83a00c72,庆丰村卫生院,交通设施,公交车站,黑龙江省,哈尔滨市,道外区,339路;355路;355路巨源支线,,0,0,126.823097,45.827425,,,http://map.baidu.com/,,,,,,,,,,,,,,,,,,,,0
eee684cc6b11d19125d2bb33,庆丰小学,交通设施,公交车站,黑龙江省,哈尔滨市,道外区,359路,,0,0,126.812143,45.827847,,,http://map.baidu.com/,,,,,,,,,,,,,,,,,,,,0
6f7d2e509703c022eee4a531,大庄园,交通设施,公交车站,黑龙江省,哈尔滨市,道外区,339路,,0,0,126.81118,45.819526,,,http://map.baidu.com/,,,,,,,,,,,,,,,,,,,,0
4731609ba1b4c6329c09f7e3,大庄园,交通设施,公交车站,黑龙江省,哈尔滨市,道外区,339路;355路;355路巨源支线;359路,,0,0,126.811123,45.81947,,,http://map.baidu.com/,,,,,,,,,,,,,,,,,,,,0
4d34295f5d42786cb020a899,庆丰东道口,交通设施,公交车站,黑龙江省,哈尔滨市,道外区,339路;355路;355路巨源支线,,0,0,126.828983,45.828041,,,http://map.baidu.com/,,,,,,,,,,,,,,,,,,,,0
a4effec125d0b1dbd5b74eba,黄显屯,交通设施,公交车站,黑龙江省,哈尔滨市,道外区,339路白渔泡支线;355路白渔泡支线;359路,,0,0,126.807734,45.836272,,,http://map.baidu.com/,,,,,,,,,,,,,,,,,,,,0
a68e641035f9ce85d22dd6cf,庆丰村口,交通设施,公交车站,黑龙江省,哈尔滨市,道外区,339路;355路;355路巨源支线;359路,,0,0,126.813571,45.821699,,,http://map.baidu.com/,,,,,,,,,,,,,,,,,,,,0
5e30916ce7e556834c3a5960,钓鱼场,交通设施,公交车站,黑龙江省,哈尔滨市,道外区,355路白渔泡支线;359路,,0,0,126.809767,45.845796,,,http://map.baidu.com/,,,,,,,,,,,,,,,,,,,,0
6e7d3ef64b11014edf1e52ad,新立村,交通设施,公交车站,黑龙江省,哈尔滨市,道外区,355路,,0,0,126.855997,45.835532,,,http://map.baidu.com/,,,,,,,,,,,,,,,,,,,,0
f3bb7995a1c9e25e8f55ec34,新立村口,交通设施,公交车站,黑龙江省,哈尔滨市,道外区,355路,,0,0,126.859241,45.835146,,,http://map.baidu.com/,,,,,,,,,,,,,,,,,,,,0
f7bdf1fd748c1a41ed74f83e,新立村五道街,交通设施,公交车站,黑龙江省,哈尔滨市,道外区,355路,,0,0,126.859714,45.836604,,,http://map.baidu.com/,,,,,,,,,,,,,,,,,,,,0
063dc9608874af7db9df8f92,新立村五道街,交通设施,公交车站,黑龙江省,哈尔滨市,道外区,355路;355路巨源支线,,0,0,126.859715,45.836621,,,http://map.baidu.com/,,,,,,,,,,,,,,,,,,,,0
a29d3acd51b22c58fd0eb0d2,新立村五道街,交通设施,公交车站,黑龙江省,哈尔滨市,道外区,355路巨源支线,,0,0,126.859718,45.836656,,,http://map.baidu.com/,,,,,,,,,,,,,,,,,,,,0
c7bd16fe98c91c806fa3cc00,新立村,交通设施,公交车站,黑龙江省,哈尔滨市,道外区,339路;355路;355路巨源支线,,0,0,126.853591,45.834894,,,http://map.baidu.com/,,,,,,,,,,,,,,,,,,,,0
9aafacc521980aceb4265564,烟窝屯口,交通设施,公交车站,黑龙江省,哈尔滨市,道外区,398路,,0,0,126.871534,45.8332,,,http://map.baidu.com/,,,,,,,,,,,,,,,,,,,,0
c9db2315c386510d911fc94e,新立村北口,交通设施,公交车站,黑龙江省,哈尔滨市,道外区,355路;355路巨源支线,,0,0,126.859827,45.837521,,,http://map.baidu.com/,,,,,,,,,,,,,,,,,,,,0
b93d51bcd48847b16c3e1b26,新立村北口,交通设施,公交车站,黑龙江省,哈尔滨市,道外区,355路;355路巨源支线,,0,0,126.859827,45.837521,,,http://map.baidu.com/,,,,,,,,,,,,,,,,,,,,0
fdf568ad8d9d08d0b2077d0d,新立村口,交通设施,公交车站,黑龙江省,哈尔滨市,道外区,355路;355路巨源支线,,0,0,126.859374,45.835619,,,http://map.baidu.com/,,,,,,,,,,,,,,,,,,,,0
1212fe27c39ccb689cec2b96,新立村供销社,交通设施,公交车站,黑龙江省,哈尔滨市,道外区,355路;355路巨源支线,,0,0,126.857773,45.835333,,,http://map.baidu.com/,,,,,,,,,,,,,,,,,,,,0
ffa114c6d293eac297031975,新立村五道街,交通设施,公交车站,黑龙江省,哈尔滨市,道外区,355路,,0,0,126.859714,45.836604,,,http://map.baidu.com/,,,,,,,,,,,,,,,,,,,,0
c3e8ab82240827011894c690,新立五道街,交通设施,公交车站,黑龙江省,哈尔滨市,道外区,355路巨源支线,,0,0,126.859717,45.836637,,,http://map.baidu.com/,,,,,,,,,,,,,,,,,,,,0
2bb96c3fe56ef4ca26e0a0f5,周乡屯道口,交通设施,公交车站,黑龙江省,哈尔滨市,道外区,398路,,0,0,126.869332,45.840101,,,http://map.baidu.com/,,,,,,,,,,,,,,,,,,,,0
a426609b4dacec224bfc8da5,烟窝屯头道街,交通设施,公交车站,黑龙江省,哈尔滨市,道外区,398路,,0,0,126.874531,45.832638,,,http://map.baidu.com/,,,,,,,,,,,,,,,,,,,,0
7d9ffaad1e1f3ec843afe6dc,烟窝屯头道街,交通设施,公交车站,黑龙江省,哈尔滨市,道外区,398路,,0,0,126.874531,45.832638,,,http://map.baidu.com/,,,,,,,,,,,,,,,,,,,,0
c79689b82ae9354b88fc06aa,烟窝屯口,交通设施,公交车站,黑龙江省,哈尔滨市,道外区,398路,,0,0,126.870628,45.833657,,,http://map.baidu.com/,,,,,,,,,,,,,,,,,,,,0
fe2f7c94d053eff2c72ba15a,烟窝屯西头道街,交通设施,公交车站,黑龙江省,哈尔滨市,道外区,398路,,0,0,126.876946,45.830605,,,http://map.baidu.com/,,,,,,,,,,,,,,,,,,,,0
086155bc376fb58f9222e0f8,烟窝屯西头道街,交通设施,公交车站,黑龙江省,哈尔滨市,道外区,398路,,0,0,126.876946,45.830605,,,http://map.baidu.com/,,,,,,,,,,,,,,,,,,,,0
5eeb087216a0ed7ffea778e6,新立村西,交通设施,公交车站,黑龙江省,哈尔滨市,道外区,355路;355路巨源支线,,0,0,126.853191,45.83525,,,http://map.baidu.com/,,,,,,,,,,,,,,,,,,,,0
c996afca5eeebc8bbea24068,果园山庄道口,交通设施,公交车站,黑龙江省,哈尔滨市,道外区,339路;355路;355路巨源支线,,0,0,126.868197,45.842351,,,http://map.baidu.com/,,,,,,,,,,,,,,,,,,,,0
77ea42406bf4c99214c8f6e9,烟窝屯,交通设施,公交车站,黑龙江省,哈尔滨市,道外区,398路,,0,0,126.875762,45.832377,,,http://map.baidu.com/,,,,,,,,,,,,,,,,,,,,0
e99426f0960147a7260bd09f,兽研道口,交通设施,公交车站,黑龙江省,哈尔滨市,道外区,339路;355路;355路巨源支线,,0,0,126.845023,45.832732,,,http://map.baidu.com/,,,,,,,,,,,,,,,,,,,,0
7b2d5575dff6eb0625e0a06f,周乡屯道口,交通设施,公交车站,黑龙江省,哈尔滨市,道外区,398路,,0,0,126.869217,45.840168,,,http://map.baidu.com/,,,,,,,,,,,,,,,,,,,,0
ef60546df5b9e5b578f796d5,赵安屯,交通设施,公交车站,黑龙江省,哈尔滨市,道外区,358路,,0,0,126.908664,45.832308,,,http://map.baidu.com/,,,,,,,,,,,,,,,,,,,,0
585b55525b87bb7d4e2fdf42,赵安屯,交通设施,公交车站,黑龙江省,哈尔滨市,道外区,358路,,0,0,126.908664,45.832308,,,http://map.baidu.com/,,,,,,,,,,,,,,,,,,,,0
d4603ef2123896f86d20b925,永胜村,交通设施,公交车站,黑龙江省,哈尔滨市,道外区,358路,,0,0,126.910746,45.834607,,,http://map.baidu.com/,,,,,,,,,,,,,,,,,,,,0
bf4b198782221493bea240ba,永胜村,交通设施,公交车站,黑龙江省,哈尔滨市,道外区,358路,,0,0,126.910746,45.834607,,,http://map.baidu.com/,,,,,,,,,,,,,,,,,,,,0
45effc6a682aaa42b05c6a5b,周乡屯,交通设施,公交车站,黑龙江省,哈尔滨市,道外区,398路,,0,0,126.890621,45.839892,,,http://map.baidu.com/,,,,,,,,,,,,,,,,,,,,0
4998b7ddd956c8fb902ca301,周乡屯,交通设施,公交车站,黑龙江省,哈尔滨市,道外区,398路,,0,0,126.890621,45.839892,,,http://map.baidu.com/,,,,,,,,,,,,,,,,,,,,0
b6043d563f2a7f5b2cb908a6,姜家油坊,交通设施,公交车站,黑龙江省,哈尔滨市,道外区,358路,,0,0,126.920596,45.842896,,,http://map.baidu.com/,,,,,,,,,,,,,,,,,,,,0
e6e8a1261871621a1f38949f,姜家油坊,交通设施,公交车站,黑龙江省,哈尔滨市,道外区,358路,,0,0,126.920582,45.842903,,,http://map.baidu.com/,,,,,,,,,,,,,,,,,,,,0
f72fb14ad120ec45e215f90e,满洲屯道口,交通设施,公交车站,黑龙江省,哈尔滨市,道外区,郊5路上烟村支线,,0,0,126.944413,45.831701,,,http://map.baidu.com/,,,,,,,,,,,,,,,,,,,,0
4c5e0f90a6c64efc16c8f669,关家窝棚,交通设施,公交车站,黑龙江省,哈尔滨市,道外区,郊5路上烟村支线,,0,0,126.943742,45.835014,,,http://map.baidu.com/,,,,,,,,,,,,,,,,,,,,0
192efd972a10cef02ce67bd2,满洲屯,交通设施,公交车站,黑龙江省,哈尔滨市,道外区,358路,,0,0,126.925107,45.840422,,,http://map.baidu.com/,,,,,,,,,,,,,,,,,,,,0
6e915f367c3482bbda2f285d,满洲屯,交通设施,公交车站,黑龙江省,哈尔滨市,道外区,358路,,0,0,126.925084,45.840428,,,http://map.baidu.com/,,,,,,,,,,,,,,,,,,,,0
09acebd00bdbfb3e8936ee33,李家油坊,交通设施,公交车站,黑龙江省,哈尔滨市,道外区,郊5路上烟村支线,,0,0,126.95228,45.847009,,,http://map.baidu.com/,,,,,,,,,,,,,,,,,,,,0
d79967d8e8094725e912e4a5,前佟家,交通设施,公交车站,黑龙江省,哈尔滨市,道外区,郊5路兴隆沟支线,,0,0,126.983133,45.829959,,,http://map.baidu.com/,,,,,,,,,,,,,,,,,,,,0
d7d4db13b64811de5d17c315,路家沟,交通设施,公交车站,黑龙江省,哈尔滨市,道外区,郊5路兴隆沟支线,,0,0,126.986844,45.813868,,,http://map.baidu.com/,,,,,,,,,,,,,,,,,,,,0
5e25ee7e15ec55b14e6d46e0,东华,交通设施,公交车站,黑龙江省,哈尔滨市,道外区,郊5路兴隆沟支线,,0,0,126.983649,45.844134,,,http://map.baidu.com/,,,,,,,,,,,,,,,,,,,,0
e390ea6219cde462ca09f086,红卫桥,交通设施,公交车站,黑龙江省,哈尔滨市,道外区,郊5路巨源支线,,0,0,127.034165,45.835433,,,http://map.baidu.com/,,,,,,,,,,,,,,,,,,,,0
643aac5623af5e593b221c39,王殿功屯,交通设施,公交车站,黑龙江省,哈尔滨市,道外区,郊5路巨源支线,,0,0,127.03688,45.827481,,,http://map.baidu.com/,,,,,,,,,,,,,,,,,,,,0
2fbb1a2fd7e06bf4725e80cb,前关帝,交通设施,公交车站,黑龙江省,哈尔滨市,道外区,郊5路巨源支线,,0,0,127.026819,45.841733,,,http://map.baidu.com/,,,,,,,,,,,,,,,,,,,,0
dd7a3db47934e0569122e068,复兴屯,交通设施,公交车站,黑龙江省,哈尔滨市,道外区,郊5路巨源支线,,0,0,127.033028,45.819391,,,http://map.baidu.com/,,,,,,,,,,,,,,,,,,,,0
dbfed8c3b0e86b7f4f6d46a6,邵家屯,交通设施,公交车站,黑龙江省,哈尔滨市,道外区,郊5路永平支线,,0,0,127.093025,45.838438,,,http://map.baidu.com/,,,,,,,,,,,,,,,,,,,,0
187cf2e504e5a2ab9b68b43b,东川村,交通设施,公交车站,黑龙江省,哈尔滨市,道外区,郊5路永平支线,,0,0,127.097436,45.832727,,,http://map.baidu.com/,,,,,,,,,,,,,,,,,,,,0
e771212c263db754774ff1a4,万宝敬老院,交通设施,公交车站,黑龙江省,哈尔滨市,松北区,346-2路;346路,,0,0,126.415467,45.866125,,,http://map.baidu.com/,,,,,,,,,,,,,,,,,,,,0
8d80b0385b3d97132bb97c7d,万宝派出所,交通设施,公交车站,黑龙江省,哈尔滨市,松北区,346-2路;346路,,0,0,126.41533,45.869346,,,http://map.baidu.com/,,,,,,,,,,,,,,,,,,,,0
0f07f5663fcc5dc27702695f,万宝市场,交通设施,公交车站,黑龙江省,哈尔滨市,松北区,346-2路;346路,,0,0,126.416602,45.869554,,,http://map.baidu.com/,,,,,,,,,,,,,,,,,,,,0
43c199c466dab56678b55c80,郑家道口,交通设施,公交车站,黑龙江省,哈尔滨市,松北区,346-2路;346路,,0,0,126.413472,45.850994,,,http://map.baidu.com/,,,,,,,,,,,,,,,,,,,,0
34f87696830f2ea3d42ce205,万宝敬老院,交通设施,公交车站,黑龙江省,哈尔滨市,松北区,346-2路;346路,,0,0,126.415508,45.866339,,,http://map.baidu.com/,,,,,,,,,,,,,,,,,,,,0
312b78e1ac57772f00ec01b6,万宝派出所,交通设施,公交车站,黑龙江省,哈尔滨市,松北区,346-2路;346路,,0,0,126.415338,45.869307,,,http://map.baidu.com/,,,,,,,,,,,,,,,,,,,,0
29f7db3f0470c6ab0aa8d4a4,万宝市场,交通设施,公交车站,黑龙江省,哈尔滨市,松北区,346-2路;346路;396路,,0,0,126.416611,45.869717,,,http://map.baidu.com/,,,,,,,,,,,,,,,,,,,,0
dc038a192670b7896f3e1b0f,郑家道口,交通设施,公交车站,黑龙江省,哈尔滨市,松北区,346-2路;346路,,0,0,126.413513,45.851123,,,http://map.baidu.com/,,,,,,,,,,,,,,,,,,,,0
6dbc600866941189c6effb43,绿世界生态园,交通设施,公交车站,黑龙江省,哈尔滨市,松北区,346-2路;346路,,0,0,126.441277,45.87019,,,http://map.baidu.com/,,,,,,,,,,,,,,,,,,,,0
ecfceaaa6a0f6f94abf0cd5e,二里半,交通设施,公交车站,黑龙江省,哈尔滨市,松北区,346-2路;346路,,0,0,126.445908,45.87023,,,http://map.baidu.com/,,,,,,,,,,,,,,,,,,,,0
672c0f4df3bef8903010afbb,二里半,交通设施,公交车站,黑龙江省,哈尔滨市,松北区,346-2路;346路,,0,0,126.445762,45.870199,,,http://map.baidu.com/,,,,,,,,,,,,,,,,,,,,0
34772d74ae859415c4f50d7e,绿世界生态园,交通设施,公交车站,黑龙江省,哈尔滨市,松北区,346-2路;346路,,0,0,126.441458,45.87024,,,http://map.baidu.com/,,,,,,,,,,,,,,,,,,,,0
f6d6ad160fb87b8cc61b7547,化家道口,交通设施,公交车站,黑龙江省,哈尔滨市,松北区,346路万乐支线,,0,0,126.457288,45.865858,,,http://map.baidu.com/,,,,,,,,,,,,,,,,,,,,0
b35dfaa0d868e60929201a0e,化家道口,交通设施,公交车站,黑龙江省,哈尔滨市,松北区,346路万乐支线,,0,0,126.45727,45.865982,,,http://map.baidu.com/,,,,,,,,,,,,,,,,,,,,0
3e41a5b37da963c47369d307,化家,交通设施,公交车站,黑龙江省,哈尔滨市,松北区,346路万乐支线,,0,0,126.460751,45.871531,,,http://map.baidu.com/,,,,,,,,,,,,,,,,,,,,0
5ee2fda3ce66682d15c90527,浩琦超市,交通设施,公交车站,黑龙江省,哈尔滨市,松北区,80路,,0,0,126.448526,45.850579,,,http://map.baidu.com/,,,,,,,,,,,,,,,,,,,,0
6f63970c884d0b59b120a825,万友村,交通设施,公交车站,黑龙江省,哈尔滨市,松北区,80路,,0,0,126.443714,45.850115,,,http://map.baidu.com/,,,,,,,,,,,,,,,,,,,,0
0f07f5663fcc5dc27702695f,万宝市场,交通设施,公交车站,黑龙江省,哈尔滨市,松北区,346-2路;346路,,0,0,126.416602,45.869554,,,http://map.baidu.com/,,,,,,,,,,,,,,,,,,,,0
e771212c263db754774ff1a4,万宝敬老院,交通设施,公交车站,黑龙江省,哈尔滨市,松北区,346-2路;346路,,0,0,126.415467,45.866125,,,http://map.baidu.com/,,,,,,,,,,,,,,,,,,,,0
9b5bae60b78fb577a2a9347f,四队道口,交通设施,公交车站,黑龙江省,哈尔滨市,松北区,80路,,0,0,126.452547,45.851585,,,http://map.baidu.com/,,,,,,,,,,,,,,,,,,,,0
34f87696830f2ea3d42ce205,万宝敬老院,交通设施,公交车站,黑龙江省,哈尔滨市,松北区,346-2路;346路,,0,0,126.415508,45.866339,,,http://map.baidu.com/,,,,,,,,,,,,,,,,,,,,0
6b4d5112a723fc5dae31e5a5,浩琦超市,交通设施,公交车站,黑龙江省,哈尔滨市,松北区,80路,,0,0,126.448533,45.85058,,,http://map.baidu.com/,,,,,,,,,,,,,,,,,,,,0
f656d309885d2a5afa42b2d4,化家,交通设施,公交车站,黑龙江省,哈尔滨市,松北区,346-2路;346路;346路万乐支线;396路,,0,0,126.458084,45.867185,,,http://map.baidu.com/,,,,,,,,,,,,,,,,,,,,0
3523f8ec8f36d1710782c224,丽佳仓买,交通设施,公交车站,黑龙江省,哈尔滨市,松北区,80路,,0,0,126.445231,45.850188,,,http://map.baidu.com/,,,,,,,,,,,,,,,,,,,,0
70b4b5a2404249ff16764352,万宝道口,交通设施,公交车站,黑龙江省,哈尔滨市,松北区,346-2路;346路;396路,,0,0,126.424188,45.869717,,,http://map.baidu.com/,,,,,,,,,,,,,,,,,,,,0
6adf598cfdef74581d1d1165,万友道口,交通设施,公交车站,黑龙江省,哈尔滨市,松北区,80路,,0,0,126.455861,45.852424,,,http://map.baidu.com/,,,,,,,,,,,,,,,,,,,,0
40e46a7a9cf2e6fbc9e33c2d,万友道口,交通设施,公交车站,黑龙江省,哈尔滨市,松北区,346-2路,,0,0,126.42423,45.869719,,,http://map.baidu.com/,,,,,,,,,,,,,,,,,,,,0
29f7db3f0470c6ab0aa8d4a4,万宝市场,交通设施,公交车站,黑龙江省,哈尔滨市,松北区,346-2路;346路;396路,,0,0,126.416611,45.869717,,,http://map.baidu.com/,,,,,,,,,,,,,,,,,,,,0
6734af165c4c314e7369d3d2,戒毒所,交通设施,公交车站,黑龙江省,哈尔滨市,松北区,346-2路;346路;346路万乐支线;396路,,0,0,126.46729,45.860381,,,http://map.baidu.com/,,,,,,,,,,,,,,,,,,,,0
c95c13b2e905a6135bf6be70,戒毒所,交通设施,公交车站,黑龙江省,哈尔滨市,松北区,346-2路;346路;346路万乐支线;396路,,0,0,126.467041,45.860456,,,http://map.baidu.com/,,,,,,,,,,,,,,,,,,,,0
3e41a5b37da963c47369d307,化家,交通设施,公交车站,黑龙江省,哈尔滨市,松北区,346路万乐支线,,0,0,126.460751,45.871531,,,http://map.baidu.com/,,,,,,,,,,,,,,,,,,,,0
b8429666fec139610f0e6b9e,李家店,交通设施,公交车站,黑龙江省,哈尔滨市,松北区,346-2路,,0,0,126.478143,45.854506,,,http://map.baidu.com/,,,,,,,,,,,,,,,,,,,,0
a8036fb48692715a9e95de76,万宝田园小区[每隔一班],交通设施,公交车站,黑龙江省,哈尔滨市,松北区,396路,,0,0,126.493539,45.859167,,,http://map.baidu.com/,,,,,,,,,,,,,,,,,,,,0
f6d6ad160fb87b8cc61b7547,化家道口,交通设施,公交车站,黑龙江省,哈尔滨市,松北区,346路万乐支线,,0,0,126.457288,45.865858,,,http://map.baidu.com/,,,,,,,,,,,,,,,,,,,,0
b35dfaa0d868e60929201a0e,化家道口,交通设施,公交车站,黑龙江省,哈尔滨市,松北区,346路万乐支线,,0,0,126.45727,45.865982,,,http://map.baidu.com/,,,,,,,,,,,,,,,,,,,,0
0f096b6fb6eb95d4b7265557,戒毒所,交通设施,公交车站,黑龙江省,哈尔滨市,松北区,346-2路;346路;346路万乐支线;396路,,0,0,126.467539,45.860305,,,http://map.baidu.com/,,,,,,,,,,,,,,,,,,,,0
510bbef576d005a549fd3f35,农科院,交通设施,公交车站,黑龙江省,哈尔滨市,松北区,346-2路;346路;346路万乐支线;396路,,0,0,126.472693,45.85755,,,http://map.baidu.com/,,,,,,,,,,,,,,,,,,,,0
72701d1241f5bd47018972f3,农科院,交通设施,公交车站,黑龙江省,哈尔滨市,松北区,346-2路;346路;346路万乐支线;396路,,0,0,126.473552,45.856976,,,http://map.baidu.com/,,,,,,,,,,,,,,,,,,,,0
72cb7ec036a514546168583f,万宝田小区[每隔一班],交通设施,公交车站,黑龙江省,哈尔滨市,松北区,396路,,0,0,126.493411,45.85904,,,http://map.baidu.com/,,,,,,,,,,,,,,,,,,,,0
7a8e7c2e3ab9dcebbea240d5,农科院,交通设施,公交车站,黑龙江省,哈尔滨市,松北区,346-2路;346路;346路万乐支线;396路,,0,0,126.473123,45.857263,,,http://map.baidu.com/,,,,,,,,,,,,,,,,,,,,0
6beabfc8b034c96d6140a979,李家店,交通设施,公交车站,黑龙江省,哈尔滨市,松北区,346-2路;346路;346路万乐支线,,0,0,126.478171,45.854559,,,http://map.baidu.com/,,,,,,,,,,,,,,,,,,,,0
7008dfaf1fc81c7938e4a649,李家店,交通设施,公交车站,黑龙江省,哈尔滨市,松北区,346路;346路万乐支线,,0,0,126.477934,45.854618,,,http://map.baidu.com/,,,,,,,,,,,,,,,,,,,,0
380da6b5066ec38bf4b916ff,李家店,交通设施,公交车站,黑龙江省,哈尔滨市,松北区,346路;346路万乐支线,,0,0,126.477934,45.854618,,,http://map.baidu.com/,,,,,,,,,,,,,,,,,,,,0
f656d309885d2a5afa42b2d4,化家,交通设施,公交车站,黑龙江省,哈尔滨市,松北区,346-2路;346路;346路万乐支线;396路,,0,0,126.458084,45.867185,,,http://map.baidu.com/,,,,,,,,,,,,,,,,,,,,0
fde47c24221b29a2ee74f890,哈北站,交通设施,公交车站,黑龙江省,哈尔滨市,松北区,211路;213路;551路;552路;S11路/商务公交11号线;S12路/商务公交12号线;呼兰104路;松北新区环线1路;松北新区环线2路,,0,0,126.544155,45.856381,,,http://map.baidu.com/,,,,,,,,,,,,,,,,,,,,0
a8a12338be5f6a5aeb56fada,于金店,交通设施,公交车站,黑龙江省,哈尔滨市,呼兰区,226路,,0,0,126.523339,45.874493,,,http://map.baidu.com/,,,,,,,,,,,,,,,,,,,,0
19c27fc1b72ceea4c336441c,昆明大街(滨洲铁路线口),交通设施,公交车站,黑龙江省,哈尔滨市,呼兰区,226路,,0,0,126.519622,45.870492,,,http://map.baidu.com/,,,,,,,,,,,,,,,,,,,,0
897c4cbdd2c8282db7265543,东方哥德堡,交通设施,公交车站,黑龙江省,哈尔滨市,呼兰区,219路,,0,0,126.534815,45.869421,,,http://map.baidu.com/,,,,,,,,,,,,,,,,,,,,0
49c2177ac87355bfd4851f59,滨才城,交通设施,公交车站,黑龙江省,哈尔滨市,呼兰区,213路;221路;222路,,0,0,126.520882,45.880803,,,http://map.baidu.com/,,,,,,,,,,,,,,,,,,,,0
2723871fc663b5f0a20464b8,润恒食品交易中心,交通设施,公交车站,黑龙江省,哈尔滨市,松北区,226路,,0,0,126.523231,45.847391,,,http://map.baidu.com/,,,,,,,,,,,,,,,,,,,,0
347896a9914626acc056acbb,润恒食品交易中心,交通设施,公交车站,黑龙江省,哈尔滨市,松北区,226路,,0,0,126.523116,45.84722,,,http://map.baidu.com/,,,,,,,,,,,,,,,,,,,,0
dfff7e4d2a3e1b7588db739a,滨才城小区,交通设施,公交车站,黑龙江省,哈尔滨市,呼兰区,213路;221路;222路,,0,0,126.521274,45.880818,,,http://map.baidu.com/,,,,,,,,,,,,,,,,,,,,0
fc9cf3fd375148c7343a714b,海员总医院,交通设施,公交车站,黑龙江省,哈尔滨市,呼兰区,219路,,0,0,126.538543,45.868603,,,http://map.baidu.com/,,,,,,,,,,,,,,,,,,,,0
5180b9284672f45807fef532,黑龙江信息技术职业学院,交通设施,公交车站,黑龙江省,哈尔滨市,呼兰区,226路,,0,0,126.525378,45.87714,,,http://map.baidu.com/,,,,,,,,,,,,,,,,,,,,0
adfb719dc9410041f32d8334,黑龙江生物科技职业学院,交通设施,公交车站,黑龙江省,哈尔滨市,呼兰区,219路,,0,0,126.534841,45.873999,,,http://map.baidu.com/,,,,,,,,,,,,,,,,,,,,0
51c19b7d1d93a6bfae31e54d,哈北站,交通设施,公交车站,黑龙江省,哈尔滨市,呼兰区,S12路/商务公交12号线,,0,0,126.54686,45.85716,,,http://map.baidu.com/,,,,,,,,,,,,,,,,,,,,0
0954448779d519a8cb213dc4,财富商厦,交通设施,公交车站,黑龙江省,哈尔滨市,呼兰区,213路;221路;222路;226路;呼兰108路;呼兰108路直行线,,0,0,126.530137,45.880798,,,http://map.baidu.com/,,,,,,,,,,,,,,,,,,,,0
470ae538a3580595d6b74edd,昆明大街(滨洲铁路线口),交通设施,公交车站,黑龙江省,哈尔滨市,呼兰区,226路,,0,0,126.519425,45.870541,,,http://map.baidu.com/,,,,,,,,,,,,,,,,,,,,0
ee20b363f14e08d1eedfca5e,黑龙江工商学院,交通设施,公交车站,黑龙江省,哈尔滨市,呼兰区,219路,,0,0,126.534911,45.877613,,,http://map.baidu.com/,,,,,,,,,,,,,,,,,,,,0
31c73552c690d74d96031912,秦家农贸市场,交通设施,公交车站,黑龙江省,哈尔滨市,呼兰区,219路,,0,0,126.547802,45.870446,,,http://map.baidu.com/,,,,,,,,,,,,,,,,,,,,0
99a13a4ef6647c3858f6beb0,利民二水厂,交通设施,公交车站,黑龙江省,哈尔滨市,呼兰区,213路;221路;222路;呼兰108路;呼兰108路直行线,,0,0,126.525716,45.880667,,,http://map.baidu.com/,,,,,,,,,,,,,,,,,,,,0
a6addcc9a87678f2e3110330,滨才城,交通设施,公交车站,黑龙江省,哈尔滨市,呼兰区,213路;221路;222路,,0,0,126.521666,45.880834,,,http://map.baidu.com/,,,,,,,,,,,,,,,,,,,,0
ad73ccf7834091220bf5eba2,憬荟商场,交通设施,公交车站,黑龙江省,哈尔滨市,呼兰区,呼兰108路;呼兰108路直行线,,0,0,126.523174,45.881271,,,http://map.baidu.com/,,,,,,,,,,,,,,,,,,,,0
657089eafbcc573274026947,润恒食品交易中心,交通设施,公交车站,黑龙江省,哈尔滨市,松北区,226路,,0,0,126.523001,45.847048,,,http://map.baidu.com/,,,,,,,,,,,,,,,,,,,,0
267a57c2cbcb2fd40bf5ebc8,南门,交通设施,公交车站,黑龙江省,哈尔滨市,呼兰区,哈师大校园公交,,0,0,126.566086,45.867593,,,http://map.baidu.com/,,,,,,,,,,,,,,,,,,,,0
ee3531797f86b1f76c3e1bda,南门,交通设施,公交车站,黑龙江省,哈尔滨市,呼兰区,哈师大校园公交,,0,0,126.566022,45.867589,,,http://map.baidu.com/,,,,,,,,,,,,,,,,,,,,0
34fe7b3f388e851825d2bba9,南门,交通设施,公交车站,黑龙江省,哈尔滨市,呼兰区,哈师大校园公交,,0,0,126.56615,45.867597,,,http://map.baidu.com/,,,,,,,,,,,,,,,,,,,,0
aae967acc42bed6d047ce821,四公寓,交通设施,公交车站,黑龙江省,哈尔滨市,呼兰区,哈师大校园公交,,0,0,126.568964,45.87188,,,http://map.baidu.com/,,,,,,,,,,,,,,,,,,,,0
6b1ec4c27a42942ce812e47e,四公寓,交通设施,公交车站,黑龙江省,哈尔滨市,呼兰区,哈师大校园公交,,0,0,126.568964,45.87188,,,http://map.baidu.com/,,,,,,,,,,,,,,,,,,,,0
c0502dfdda8e17cefb2d61a9,一公寓,交通设施,公交车站,黑龙江省,哈尔滨市,呼兰区,哈师大校园公交,,0,0,126.568907,45.868732,,,http://map.baidu.com/,,,,,,,,,,,,,,,,,,,,0
beffd435e6c42847471a326a,一公寓,交通设施,公交车站,黑龙江省,哈尔滨市,呼兰区,哈师大校园公交,,0,0,126.568907,45.868732,,,http://map.baidu.com/,,,,,,,,,,,,,,,,,,,,0
1c9bc4f000a976416d20b90a,哈师大(北校区),交通设施,公交车站,黑龙江省,哈尔滨市,呼兰区,219路,,0,0,126.565546,45.866902,,,http://map.baidu.com/,,,,,,,,,,,,,,,,,,,,0
ee063f5740b81f9d2e473324,哈师大(北校区),交通设施,公交车站,黑龙江省,哈尔滨市,呼兰区,219路,,0,0,126.565855,45.866957,,,http://map.baidu.com/,,,,,,,,,,,,,,,,,,,,0
d1151a655ea79b2ba8f729a5,哈师大(北校区),交通设施,公交车站,黑龙江省,哈尔滨市,呼兰区,219路,,0,0,126.565237,45.866847,,,http://map.baidu.com/,,,,,,,,,,,,,,,,,,,,0
52ee76cbabb4e133901fc999,小球场,交通设施,公交车站,黑龙江省,哈尔滨市,呼兰区,哈师大校园公交,,0,0,126.568929,45.870141,,,http://map.baidu.com/,,,,,,,,,,,,,,,,,,,,0
2ef95b24cca0fc55ca1b9566,小球场,交通设施,公交车站,黑龙江省,哈尔滨市,呼兰区,哈师大校园公交,,0,0,126.568929,45.870141,,,http://map.baidu.com/,,,,,,,,,,,,,,,,,,,,0
fcc7f73b84f5ef5dfb2d6180,哈尔滨石油学院北门,交通设施,公交车站,黑龙江省,哈尔滨市,松北区,219路[石油学院区间],,0,0,126.568325,45.862847,,,http://map.baidu.com/,,,,,,,,,,,,,,,,,,,,0
64405d46a98b8cd49e95de3e,图书馆,交通设施,公交车站,黑龙江省,哈尔滨市,呼兰区,哈师大校园公交,,0,0,126.565324,45.871899,,,http://map.baidu.com/,,,,,,,,,,,,,,,,,,,,0
cc578ea06f03e21814b54b5d,图书馆,交通设施,公交车站,黑龙江省,哈尔滨市,呼兰区,哈师大校园公交,,0,0,126.565324,45.871899,,,http://map.baidu.com/,,,,,,,,,,,,,,,,,,,,0
bf9cc6f99179d1402102624a,八公寓,交通设施,公交车站,黑龙江省,哈尔滨市,呼兰区,哈师大校园公交,,0,0,126.568993,45.873761,,,http://map.baidu.com/,,,,,,,,,,,,,,,,,,,,0
9356445f6abf59192fe67bd9,八公寓,交通设施,公交车站,黑龙江省,哈尔滨市,呼兰区,哈师大校园公交,,0,0,126.569281,45.874303,,,http://map.baidu.com/,,,,,,,,,,,,,,,,,,,,0
2327f9d0b572a25af03cba31,九公寓,交通设施,公交车站,黑龙江省,哈尔滨市,呼兰区,哈师大校园公交,,0,0,126.571238,45.87461,,,http://map.baidu.com/,,,,,,,,,,,,,,,,,,,,0
e5a88d6a6303459b8605bfea,九公寓,交通设施,公交车站,黑龙江省,哈尔滨市,呼兰区,哈师大校园公交,,0,0,126.571238,45.87461,,,http://map.baidu.com/,,,,,,,,,,,,,,,,,,,,0
dd1a7285ff159108c41b7595,八公寓,交通设施,公交车站,黑龙江省,哈尔滨市,呼兰区,哈师大校园公交,,0,0,126.569568,45.874844,,,http://map.baidu.com/,,,,,,,,,,,,,,,,,,,,0
b58a8ca3083b0ba63904b11b,十公寓,交通设施,公交车站,黑龙江省,哈尔滨市,呼兰区,哈师大校园公交,,0,0,126.571216,45.876598,,,http://map.baidu.com/,,,,,,,,,,,,,,,,,,,,0
f558d5f26e3a96569868b41b,十公寓,交通设施,公交车站,黑龙江省,哈尔滨市,呼兰区,哈师大校园公交,,0,0,126.571216,45.876598,,,http://map.baidu.com/,,,,,,,,,,,,,,,,,,,,0
f7821f5a747bb0306e20b9a8,档案馆,交通设施,公交车站,黑龙江省,哈尔滨市,呼兰区,哈师大校园公交,,0,0,126.564832,45.873241,,,http://map.baidu.com/,,,,,,,,,,,,,,,,,,,,0
cd52a5b9af958414a8059d6a,档案馆,交通设施,公交车站,黑龙江省,哈尔滨市,呼兰区,哈师大校园公交,,0,0,126.564832,45.873241,,,http://map.baidu.com/,,,,,,,,,,,,,,,,,,,,0
fde47c24221b29a2ee74f890,哈北站,交通设施,公交车站,黑龙江省,哈尔滨市,松北区,211路;213路;551路;552路;S11路/商务公交11号线;S12路/商务公交12号线;呼兰104路;松北新区环线1路;松北新区环线2路,,0,0,126.544155,45.856381,,,http://map.baidu.com/,,,,,,,,,,,,,,,,,,,,0
1e77dcca30f2804a901fc96b,学院路,交通设施,公交车站,黑龙江省,哈尔滨市,呼兰区,211路;212路;219路;219路[石油学院区间];222路;223路;225路;230路;551路;552路;S11路/商务公交11号线;呼兰104路;呼兰108路直行线;机场大巴4号线;松北新区环线1路;松北新区环线2路;新区1号线,,0,0,126.561388,45.877758,,,http://map.baidu.com/,,,,,,,,,,,,,,,,,,,,0
4a16d777360b115febf85343,黑龙江外国语学院北门,交通设施,公交车站,黑龙江省,哈尔滨市,呼兰区,219路,,0,0,126.559041,45.866563,,,http://map.baidu.com/,,,,,,,,,,,,,,,,,,,,0
b0dd17a15dec98ffee74f8c0,天鹅湖,交通设施,公交车站,黑龙江省,哈尔滨市,呼兰区,哈师大校园公交,,0,0,126.566169,45.874359,,,http://map.baidu.com/,,,,,,,,,,,,,,,,,,,,0
7814917fb0301fec8adb735d,天鹅湖,交通设施,公交车站,黑龙江省,哈尔滨市,呼兰区,哈师大校园公交,,0,0,126.565572,45.874343,,,http://map.baidu.com/,,,,,,,,,,,,,,,,,,,,0
0f5f6bf6f1af0951f8dc8581,天鹅湖,交通设施,公交车站,黑龙江省,哈尔滨市,呼兰区,哈师大校园公交,,0,0,126.566766,45.874375,,,http://map.baidu.com/,,,,,,,,,,,,,,,,,,,,0
e2ec59b498082e2c9ff7793a,梦溪湖,交通设施,公交车站,黑龙江省,哈尔滨市,呼兰区,哈师大校园公交,,0,0,126.567949,45.874413,,,http://map.baidu.com/,,,,,,,,,,,,,,,,,,,,0
3f55d5a853c00462a5da3934,梦溪湖,交通设施,公交车站,黑龙江省,哈尔滨市,呼兰区,哈师大校园公交,,0,0,126.567949,45.874413,,,http://map.baidu.com/,,,,,,,,,,,,,,,,,,,,0
8ff672188556b31aca1b9594,黑龙江外国语学院南门,交通设施,公交车站,黑龙江省,哈尔滨市,呼兰区,219路[石油学院区间],,0,0,126.557469,45.862189,,,http://map.baidu.com/,,,,,,,,,,,,,,,,,,,,0
f442b5702bb209b54afc8db6,黑龙江外国语学院,交通设施,公交车站,黑龙江省,哈尔滨市,呼兰区,211路;212路;213路;219路;219路[石油学院区间];221路;223路;225路;230路;S11路/商务公交11号线;呼兰104路;松北新区环线1路;松北新区环线2路;新区1号线,,0,0,126.554213,45.863884,,,http://map.baidu.com/,,,,,,,,,,,,,,,,,,,,0
ec4889567ee9298b05fef5d3,西门,交通设施,公交车站,黑龙江省,哈尔滨市,呼兰区,哈师大校园公交,,0,0,126.563653,45.877743,,,http://map.baidu.com/,,,,,,,,,,,,,,,,,,,,0
57da6023b403e697c16c1415,西门,交通设施,公交车站,黑龙江省,哈尔滨市,呼兰区,哈师大校园公交,,0,0,126.563652,45.877775,,,http://map.baidu.com/,,,,,,,,,,,,,,,,,,,,0
35c349e5c472e48142d63ec6,西门,交通设施,公交车站,黑龙江省,哈尔滨市,呼兰区,哈师大校园公交,,0,0,126.56365,45.877808,,,http://map.baidu.com/,,,,,,,,,,,,,,,,,,,,0
9023a7fe241bd45458f6beb0,柒季城小区,交通设施,公交车站,黑龙江省,哈尔滨市,呼兰区,211路;212路;213路;219路;219路[石油学院区间];221路;223路;225路;230路;S11路/商务公交11号线;呼兰104路;松北新区环线2路;新区1号线,,0,0,126.55945,45.872121,,,http://map.baidu.com/,,,,,,,,,,,,,,,,,,,,0
39fdd0a6a731606c6f476010,兽药,交通设施,公交车站,黑龙江省,哈尔滨市,松北区,215路,,0,0,126.558434,45.849093,,,http://map.baidu.com/,,,,,,,,,,,,,,,,,,,,0
3688196a895f7b531f389401,碧水庄园,交通设施,公交车站,黑龙江省,哈尔滨市,呼兰区,212路,,0,0,126.551634,45.861337,,,http://map.baidu.com/,,,,,,,,,,,,,,,,,,,,0
f010fe42569aa669873304c8,荣昌路,交通设施,公交车站,黑龙江省,哈尔滨市,呼兰区,212路;219路;223路,,0,0,126.554603,45.871884,,,http://map.baidu.com/,,,,,,,,,,,,,,,,,,,,0
ba3369a49a058932c92915ec,志华商城,交通设施,公交车站,黑龙江省,哈尔滨市,呼兰区,213路;221路;222路;呼兰108路;呼兰108路直行线,,0,0,126.558882,45.878077,,,http://map.baidu.com/,,,,,,,,,,,,,,,,,,,,0
529b1cfcece91739afee7a8d,志华商城,交通设施,公交车站,黑龙江省,哈尔滨市,呼兰区,213路;221路;222路;呼兰108路;呼兰108路直行线,,0,0,126.559323,45.877932,,,http://map.baidu.com/,,,,,,,,,,,,,,,,,,,,0
3b31c90dff725d70d518b799,万邦中学,交通设施,公交车站,黑龙江省,哈尔滨市,呼兰区,213路;221路;222路;呼兰108路;呼兰108路直行线,,0,0,126.554103,45.878841,,,http://map.baidu.com/,,,,,,,,,,,,,,,,,,,,0
b3a80405976c4e939e9d6823,杉杉奥特莱斯广场,交通设施,公交车站,黑龙江省,哈尔滨市,呼兰区,211路;222路;225路;230路;551路;552路;呼兰104路;呼兰108路;呼兰108路直行线;松北新区环线1路;松北新区环线2路,,0,0,126.562748,45.881651,,,http://map.baidu.com/,,,,,,,,,,,,,,,,,,,,0
7ef465332d5c19413362124e,哈尔滨石油学院,交通设施,公交车站,黑龙江省,哈尔滨市,松北区,215路,,0,0,126.567217,45.849666,,,http://map.baidu.com/,,,,,,,,,,,,,,,,,,,,0
6ec2ec8c9e8083ac80a00c46,兽药,交通设施,公交车站,黑龙江省,哈尔滨市,松北区,215路,,0,0,126.558458,45.849096,,,http://map.baidu.com/,,,,,,,,,,,,,,,,,,,,0
07fe4bff4a6b7581fa42b24c,师大嘉园小区,交通设施,公交车站,黑龙江省,哈尔滨市,呼兰区,211路;212路;213路;219路;219路[石油学院区间];221路;223路;225路;230路;呼兰104路;松北新区环线1路;松北新区环线2路;新区1号线,,0,0,126.558171,45.868716,,,http://map.baidu.com/,,,,,,,,,,,,,,,,,,,,0
f7b59f852329fe8e6ea3cc8f,张永吉二楼,交通设施,公交车站,黑龙江省,哈尔滨市,松北区,215路,,0,0,126.579801,45.852626,,,http://map.baidu.com/,,,,,,,,,,,,,,,,,,,,0
c5ff86ba97bd349d35b06c53,哈北站[机场巴士站],交通设施,公交车站,黑龙江省,哈尔滨市,呼兰区,机场大巴4号线,,0,0,126.550216,45.859445,,,http://map.baidu.com/,,,,,,,,,,,,,,,,,,,,0
a837eb71b2e0c0b11d5800f6,哈尔滨石油学院第二教学楼,交通设施,公交车站,黑龙江省,哈尔滨市,松北区,219路[石油学院区间],,0,0,126.569086,45.853925,,,http://map.baidu.com/,,,,,,,,,,,,,,,,,,,,0
bd4bb085256545ece5e965d4,学院路,交通设施,公交车站,黑龙江省,哈尔滨市,呼兰区,211路;212路;219路;219路[石油学院区间];223路;225路;230路;551路;552路;S11路/商务公交11号线;呼兰104路;机场大巴4号线;松北新区环线2路;新区1号线,,0,0,126.560956,45.876891,,,http://map.baidu.com/,,,,,,,,,,,,,,,,,,,,0
31c73552c690d74d96031912,秦家农贸市场,交通设施,公交车站,黑龙江省,哈尔滨市,呼兰区,219路,,0,0,126.547802,45.870446,,,http://map.baidu.com/,,,,,,,,,,,,,,,,,,,,0
e226e1488e29db4878dbd206,学院路,交通设施,公交车站,黑龙江省,哈尔滨市,呼兰区,211路;222路;225路;230路;551路;552路;S11路/商务公交11号线;呼兰104路;呼兰108路直行线;机场大巴4号线;松北新区环线1路;新区1号线,,0,0,126.562126,45.878754,,,http://map.baidu.com/,,,,,,,,,,,,,,,,,,,,0
0b55de4dce867d5bf50e7730,柒季城小区,交通设施,公交车站,黑龙江省,哈尔滨市,呼兰区,211路;212路;213路;219路;219路[石油学院区间];221路;223路;225路;230路;S11路/商务公交11号线;呼兰104路;松北新区环线1路;松北新区环线2路;新区1号线,,0,0,126.559905,45.872682,,,http://map.baidu.com/,,,,,,,,,,,,,,,,,,,,0
2ee22bbcf8bbe918631809c9,志华商场,交通设施,公交车站,黑龙江省,哈尔滨市,呼兰区,呼兰108路,,0,0,126.559451,45.878075,,,http://map.baidu.com/,,,,,,,,,,,,,,,,,,,,0
2abe6a6d67cab7040d3dda01,裕发新城,交通设施,公交车站,黑龙江省,哈尔滨市,呼兰区,212路;219路;223路,,0,0,126.551159,45.871149,,,http://map.baidu.com/,,,,,,,,,,,,,,,,,,,,0
8ad3428fb0fe1ba916c905ec,碧水庄园小区,交通设施,公交车站,黑龙江省,哈尔滨市,呼兰区,211路;225路;230路;机场大巴4号线;松北新区环线1路;新区1号线,,0,0,126.550303,45.859248,,,http://map.baidu.com/,,,,,,,,,,,,,,,,,,,,0
a0f771b7a7ed0a78df1e5295,第一二九中学,交通设施,公交车站,黑龙江省,哈尔滨市,松北区,215路,,0,0,126.609702,45.85525,,,http://map.baidu.com/,,,,,,,,,,,,,,,,,,,,0
19a44dc35d893ded0accdde7,第一二九中学,交通设施,公交车站,黑龙江省,哈尔滨市,松北区,215路,,0,0,126.609703,45.85525,,,http://map.baidu.com/,,,,,,,,,,,,,,,,,,,,0
464e52f443e49a6be81e9763,第一二九中学,交通设施,公交车站,黑龙江省,哈尔滨市,松北区,215路,,0,0,126.609702,45.85525,,,http://map.baidu.com/,,,,,,,,,,,,,,,,,,,,0
29aad8fb46062c1c88fc06b0,张世英屯,交通设施,公交车站,黑龙江省,哈尔滨市,松北区,207路;231路;231路[哈铁文化小区支线];松北新区环线1路;松北新区环线2路,,0,0,126.631927,45.864909,,,http://map.baidu.com/,,,,,,,,,,,,,,,,,,,,0
a92e207c6bd7464803ec0134,松北区服务中心,交通设施,公交车站,黑龙江省,哈尔滨市,松北区,123路,,0,0,126.614553,45.848061,,,http://map.baidu.com/,,,,,,,,,,,,,,,,,,,,0
44350fde3a0fc24f17c8f672,哈港旧物市场,交通设施,公交车站,黑龙江省,哈尔滨市,松北区,207路;231路;231路支线;553路;松北新区环线2路,,0,0,126.624972,45.873953,,,http://map.baidu.com/,,,,,,,,,,,,,,,,,,,,0
c4ca4e8c723b68c38d772728,三角线,交通设施,公交车站,黑龙江省,哈尔滨市,松北区,215路,,0,0,126.627481,45.856784,,,http://map.baidu.com/,,,,,,,,,,,,,,,,,,,,0
3a094fb0bdff50cf16a19015,松北区服务中心,交通设施,公交车站,黑龙江省,哈尔滨市,松北区,123路,,0,0,126.614553,45.848061,,,http://map.baidu.com/,,,,,,,,,,,,,,,,,,,,0
b940aa99319577fe14b54b78,普宁医院,交通设施,公交车站,黑龙江省,哈尔滨市,松北区,215路,,0,0,126.616448,45.855793,,,http://map.baidu.com/,,,,,,,,,,,,,,,,,,,,0
d947cc2884e10e53a1d23098,边家屯,交通设施,公交车站,黑龙江省,哈尔滨市,松北区,215路,,0,0,126.593995,45.854055,,,http://map.baidu.com/,,,,,,,,,,,,,,,,,,,,0
2f7c5817b6cba6dc4f2fdf30,松浦村,交通设施,公交车站,黑龙江省,哈尔滨市,松北区,215路,,0,0,126.624333,45.856534,,,http://map.baidu.com/,,,,,,,,,,,,,,,,,,,,0
f89426d2204eb28b21f017a1,松北区行政服务中心,交通设施,公交车站,黑龙江省,哈尔滨市,松北区,123路,,0,0,126.61472,45.848117,,,http://map.baidu.com/,,,,,,,,,,,,,,,,,,,,0
b75c8542a87eea95b6f42ff6,哈港旧物市场,交通设施,公交车站,黑龙江省,哈尔滨市,松北区,207路;231路;231路[哈铁文化小区支线];231路支线;553路;松北新区环线1路;松北新区环线2路,,0,0,126.625227,45.873384,,,http://map.baidu.com/,,,,,,,,,,,,,,,,,,,,0
100a9451f26afe258605bfdc,十公里,交通设施,公交车站,黑龙江省,哈尔滨市,松北区,207路;215路;231路;231路[哈铁文化小区支线];231路支线;松北新区环线1路;松北新区环线2路,,0,0,126.638244,45.856271,,,http://map.baidu.com/,,,,,,,,,,,,,,,,,,,,0
29aad8fb46062c1c88fc06b0,张世英屯,交通设施,公交车站,黑龙江省,哈尔滨市,松北区,207路;231路;231路[哈铁文化小区支线];松北新区环线1路;松北新区环线2路,,0,0,126.631927,45.864909,,,http://map.baidu.com/,,,,,,,,,,,,,,,,,,,,0
d8fdb916da69aba33617dc7a,华美太古广场,交通设施,公交车站,黑龙江省,哈尔滨市,松北区,207路;215路;231路;231路支线;553路;松北新区环线2路,,0,0,126.641546,45.851725,,,http://map.baidu.com/,,,,,,,,,,,,,,,,,,,,0
ce13f15adda184f8223bf22d,纪检监察学校,交通设施,公交车站,黑龙江省,哈尔滨市,松北区,哈尔滨新区智轨1号线,,0,0,126.654424,45.847579,,,http://map.baidu.com/,,,,,,,,,,,,,,,,,,,,0
16d8034f5ec176b22102622e,纪检监察学校,交通设施,公交车站,黑龙江省,哈尔滨市,松北区,哈尔滨新区智轨1号线,,0,0,126.654424,45.847579,,,http://map.baidu.com/,,,,,,,,,,,,,,,,,,,,0
76e3dc42d7488aa216c90519,纪检监督学院,交通设施,公交车站,黑龙江省,哈尔滨市,松北区,哈尔滨新区智轨1号线,,0,0,126.654315,45.847532,,,http://map.baidu.com/,,,,,,,,,,,,,,,,,,,,0
a7f809106b84f3d48bf15d20,纪检监督学院,交通设施,公交车站,黑龙江省,哈尔滨市,松北区,哈尔滨新区智轨1号线,,0,0,126.654315,45.847532,,,http://map.baidu.com/,,,,,,,,,,,,,,,,,,,,0
839216982d1a5062b13c81a0,省纪委监察干部学院,交通设施,公交车站,黑龙江省,哈尔滨市,松北区,41路,,0,0,126.656316,45.848271,,,http://map.baidu.com/,,,,,,,,,,,,,,,,,,,,0
2233a10b18ea5a16a11de9d4,华美上城小区,交通设施,公交车站,黑龙江省,哈尔滨市,松北区,215路,,0,0,126.648609,45.852413,,,http://map.baidu.com/,,,,,,,,,,,,,,,,,,,,0
b8b0812f7887e82a932ca3bc,北岸上筑小区,交通设施,公交车站,黑龙江省,哈尔滨市,松北区,41路;215路,,0,0,126.651751,45.849004,,,http://map.baidu.com/,,,,,,,,,,,,,,,,,,,,0
c4ca4e8c723b68c38d772728,三角线,交通设施,公交车站,黑龙江省,哈尔滨市,松北区,215路,,0,0,126.627481,45.856784,,,http://map.baidu.com/,,,,,,,,,,,,,,,,,,,,0
38a5d704e1ea2d6c2cb908a1,华美太古广场,交通设施,公交车站,黑龙江省,哈尔滨市,松北区,207路;215路;231路;231路[哈铁文化小区支线];231路支线;553路;松北新区环线1路;松北新区环线2路,,0,0,126.641569,45.851531,,,http://map.baidu.com/,,,,,,,,,,,,,,,,,,,,0
af6f8cbe8894cd1bf603b84c,黑冰雪图书馆,交通设施,公交车站,黑龙江省,哈尔滨市,松北区,36路黑冰雪支线,,0,0,126.692875,45.867268,,,http://map.baidu.com/,,,,,,,,,,,,,,,,,,,,0
fd700b5eb2fb4302ad31e5cb,海滨钓场,交通设施,公交车站,黑龙江省,哈尔滨市,道外区,360路,,0,0,126.771828,45.864388,,,http://map.baidu.com/,,,,,,,,,,,,,,,,,,,,0
0b31aa0f5d82a7136140a9eb,新国一队,交通设施,公交车站,黑龙江省,哈尔滨市,道外区,331路;360路;375路,,0,0,126.77537,45.857694,,,http://map.baidu.com/,,,,,,,,,,,,,,,,,,,,0
c3f74123f3d2e245b05c6a9a,新国二队,交通设施,公交车站,黑龙江省,哈尔滨市,道外区,360路,,0,0,126.774188,45.860232,,,http://map.baidu.com/,,,,,,,,,,,,,,,,,,,,0
b1426ac9943ddc1f336212f7,新国三队,交通设施,公交车站,黑龙江省,哈尔滨市,道外区,360路,,0,0,126.770174,45.86707,,,http://map.baidu.com/,,,,,,,,,,,,,,,,,,,,0
8391b5e4e3f9213441d63e95,新发村道口,交通设施,公交车站,黑龙江省,哈尔滨市,道外区,331路;375路,,0,0,126.781353,45.859895,,,http://map.baidu.com/,,,,,,,,,,,,,,,,,,,,0
1e788cc3c76c24cc82288a16,五星养老院,交通设施,公交车站,黑龙江省,哈尔滨市,道外区,360路;375路,,0,0,126.776298,45.855611,,,http://map.baidu.com/,,,,,,,,,,,,,,,,,,,,0
bff7c26f28e541f073210be8,五星村,交通设施,公交车站,黑龙江省,哈尔滨市,道外区,331路;360路;375路,,0,0,126.777093,45.850083,,,http://map.baidu.com/,,,,,,,,,,,,,,,,,,,,0
20864836851cbc5aa1a93473,新国,交通设施,公交车站,黑龙江省,哈尔滨市,道外区,360路,,0,0,126.76539,45.87276,,,http://map.baidu.com/,,,,,,,,,,,,,,,,,,,,0
a899460d3b0124e9a0acc40d,第一零八中学,交通设施,公交车站,黑龙江省,哈尔滨市,道外区,360路,,0,0,126.777551,45.847711,,,http://map.baidu.com/,,,,,,,,,,,,,,,,,,,,0
ff77d95930bead9451e5c5d7,王家屯,交通设施,公交车站,黑龙江省,哈尔滨市,道外区,331路;375路,,0,0,126.769117,45.850086,,,http://map.baidu.com/,,,,,,,,,,,,,,,,,,,,0
fb1a6f1649af05854f6d4638,新国仓买,交通设施,公交车站,黑龙江省,哈尔滨市,道外区,360路,,0,0,126.767587,45.870002,,,http://map.baidu.com/,,,,,,,,,,,,,,,,,,,,0
5fc3c3de8152ab2cdc1e52c1,三姓屯,交通设施,公交车站,黑龙江省,哈尔滨市,道外区,375路,,0,0,126.795841,45.864042,,,http://map.baidu.com/,,,,,,,,,,,,,,,,,,,,0
fbea4bfc1c9138782e473355,三姓桥,交通设施,公交车站,黑龙江省,哈尔滨市,道外区,331路;375路,,0,0,126.792666,45.864145,,,http://map.baidu.com/,,,,,,,,,,,,,,,,,,,,0
0b48543a66d2dfc2c2f1cf00,水线道口,交通设施,公交车站,黑龙江省,哈尔滨市,道外区,375路,,0,0,126.774141,45.849793,,,http://map.baidu.com/,,,,,,,,,,,,,,,,,,,,0
dd33fc70c03fc8f2734b870b,翔集农庄,交通设施,公交车站,黑龙江省,哈尔滨市,道外区,375路,,0,0,126.763234,45.850039,,,http://map.baidu.com/,,,,,,,,,,,,,,,,,,,,0
27b702c47ddae1ea01294f0d,第一零八中学,交通设施,公交车站,黑龙江省,哈尔滨市,道外区,360路,,0,0,126.77755,45.847712,,,http://map.baidu.com/,,,,,,,,,,,,,,,,,,,,0
9f8293f87f1b628048fc8d52,第一零八中学,交通设施,公交车站,黑龙江省,哈尔滨市,道外区,360路,,0,0,126.777551,45.84771,,,http://map.baidu.com/,,,,,,,,,,,,,,,,,,,,0
f7f65823ac818af700294f55,民主乡,交通设施,公交车站,黑龙江省,哈尔滨市,道外区,375路,,0,0,126.814254,45.862791,,,http://map.baidu.com/,,,,,,,,,,,,,,,,,,,,0
987417de03a9eb6f2cb908f0,民主乡,交通设施,公交车站,黑龙江省,哈尔滨市,道外区,375路,,0,0,126.813897,45.862724,,,http://map.baidu.com/,,,,,,,,,,,,,,,,,,,,0
3c5a4d00d14b4fc4316212b7,民主乡,交通设施,公交车站,黑龙江省,哈尔滨市,道外区,339路白渔泡支线;355路白渔泡支线;359路;375路,,0,0,126.814179,45.862563,,,http://map.baidu.com/,,,,,,,,,,,,,,,,,,,,0
e4682edc1eba390c704b8772,民主乡,交通设施,公交车站,黑龙江省,哈尔滨市,道外区,339路白渔泡支线;355路白渔泡支线;359路,,0,0,126.814184,45.862637,,,http://map.baidu.com/,,,,,,,,,,,,,,,,,,,,0
b69246ecb5ab8fdf8936ee22,民主乡,交通设施,公交车站,黑龙江省,哈尔滨市,道外区,339路白渔泡支线;355路白渔泡支线;359路,,0,0,126.814242,45.862358,,,http://map.baidu.com/,,,,,,,,,,,,,,,,,,,,0
801ecd936499b6990782c223,慈心养老院,交通设施,公交车站,黑龙江省,哈尔滨市,道外区,375路,,0,0,126.816079,45.863206,,,http://map.baidu.com/,,,,,,,,,,,,,,,,,,,,0
c15c27fce08953c879f796c5,民主乡政府,交通设施,公交车站,黑龙江省,哈尔滨市,道外区,339路白渔泡支线;355路白渔泡支线,,0,0,126.823132,45.861421,,,http://map.baidu.com/,,,,,,,,,,,,,,,,,,,,0
601d90d3b9ee2f76931fc98d,民主乡道口,交通设施,公交车站,黑龙江省,哈尔滨市,道外区,375路,,0,0,126.812369,45.863729,,,http://map.baidu.com/,,,,,,,,,,,,,,,,,,,,0
7cb0477abcc45889c72ba139,民主乡小学,交通设施,公交车站,黑龙江省,哈尔滨市,道外区,375路,,0,0,126.816703,45.866631,,,http://map.baidu.com/,,,,,,,,,,,,,,,,,,,,0
24563386028bc77426d2bb6f,道外区精神病院,交通设施,公交车站,黑龙江省,哈尔滨市,道外区,355路白渔泡支线;359路,,0,0,126.81477,45.859843,,,http://map.baidu.com/,,,,,,,,,,,,,,,,,,,,0
6bc2a37a0f538a1c276e98f7,民主医院,交通设施,公交车站,黑龙江省,哈尔滨市,道外区,331路;375路,,0,0,126.809207,45.863119,,,http://map.baidu.com/,,,,,,,,,,,,,,,,,,,,0
18092dff371be510fa42b25d,于家洼子,交通设施,公交车站,黑龙江省,哈尔滨市,道外区,331路;375路,,0,0,126.80683,45.8624,,,http://map.baidu.com/,,,,,,,,,,,,,,,,,,,,0
2630abfbae1d670dd6b74e9a,前五凤楼,交通设施,公交车站,黑龙江省,哈尔滨市,道外区,339路白渔泡支线;355路白渔泡支线;359路,,0,0,126.814641,45.856183,,,http://map.baidu.com/,,,,,,,,,,,,,,,,,,,,0
a96b5eca13e8409f5a3ac8c2,胜利村,交通设施,公交车站,黑龙江省,哈尔滨市,道外区,375路,,0,0,126.80702,45.87716,,,http://map.baidu.com/,,,,,,,,,,,,,,,,,,,,0
5fc3c3de8152ab2cdc1e52c1,三姓屯,交通设施,公交车站,黑龙江省,哈尔滨市,道外区,375路,,0,0,126.795841,45.864042,,,http://map.baidu.com/,,,,,,,,,,,,,,,,,,,,0
c271d5bf983d0866ab059d73,于家洼子苯板厂,交通设施,公交车站,黑龙江省,哈尔滨市,道外区,375路,,0,0,126.804335,45.861734,,,http://map.baidu.com/,,,,,,,,,,,,,,,,,,,,0
fe171d7e496a1208badf8f6a,胜利村口,交通设施,公交车站,黑龙江省,哈尔滨市,道外区,375路,,0,0,126.808918,45.876392,,,http://map.baidu.com/,,,,,,,,,,,,,,,,,,,,0
d0ee9b87fd928ce0077ce80d,天理村,交通设施,公交车站,黑龙江省,哈尔滨市,道外区,398路,,0,0,126.859294,45.858432,,,http://map.baidu.com/,,,,,,,,,,,,,,,,,,,,0
aa66546e5eed67cf80a00c97,红星屯,交通设施,公交车站,黑龙江省,哈尔滨市,道外区,339路白渔泡支线;355路白渔泡支线,,0,0,126.853885,45.867326,,,http://map.baidu.com/,,,,,,,,,,,,,,,,,,,,0
72b095545aa8d9f4601809e8,天理村口,交通设施,公交车站,黑龙江省,哈尔滨市,道外区,398路,,0,0,126.86097,45.857153,,,http://map.baidu.com/,,,,,,,,,,,,,,,,,,,,0
84d30917b34ba54d734b8766,天理村口,交通设施,公交车站,黑龙江省,哈尔滨市,道外区,398路,,0,0,126.86097,45.857153,,,http://map.baidu.com/,,,,,,,,,,,,,,,,,,,,0
8d704b1a172e4018eb1e970c,光明村,交通设施,公交车站,黑龙江省,哈尔滨市,道外区,339路;355路,,0,0,126.871835,45.852183,,,http://map.baidu.com/,,,,,,,,,,,,,,,,,,,,0
8a50a50a75fef69a41d63e6b,光明屯,交通设施,公交车站,黑龙江省,哈尔滨市,道外区,398路,,0,0,126.871466,45.851432,,,http://map.baidu.com/,,,,,,,,,,,,,,,,,,,,0
69cdf6797e2a1257a6da3966,光明屯,交通设施,公交车站,黑龙江省,哈尔滨市,道外区,398路,,0,0,126.871238,45.85092,,,http://map.baidu.com/,,,,,,,,,,,,,,,,,,,,0
036c33f58037226e631809c5,光明屯,交通设施,公交车站,黑龙江省,哈尔滨市,道外区,398路,,0,0,126.87101,45.850409,,,http://map.baidu.com/,,,,,,,,,,,,,,,,,,,,0
1ad3e0c3e966304e940319a3,光明村口,交通设施,公交车站,黑龙江省,哈尔滨市,道外区,398路,,0,0,126.869543,45.853392,,,http://map.baidu.com/,,,,,,,,,,,,,,,,,,,,0
bbe9e9894735b42ecb213d48,光明村南口,交通设施,公交车站,黑龙江省,哈尔滨市,道外区,339路;355路,,0,0,126.870711,45.849651,,,http://map.baidu.com/,,,,,,,,,,,,,,,,,,,,0
31644107d8dd442a8605bf3d,光明村,交通设施,公交车站,黑龙江省,哈尔滨市,道外区,339路;355路;355路巨源支线,,0,0,126.871832,45.85217,,,http://map.baidu.com/,,,,,,,,,,,,,,,,,,,,0
7816623a1d59fa9158f6bee4,光明屯供销社,交通设施,公交车站,黑龙江省,哈尔滨市,道外区,355路巨源支线;398路,,0,0,126.871691,45.852089,,,http://map.baidu.com/,,,,,,,,,,,,,,,,,,,,0
a22d75739fd6be1843ab9a6f,城西道口,交通设施,公交车站,黑龙江省,哈尔滨市,道外区,339路白渔泡支线;355路白渔泡支线,,0,0,126.875505,45.878851,,,http://map.baidu.com/,,,,,,,,,,,,,,,,,,,,0
92b03ecc01b5c7ba6e20b99c,光明村口,交通设施,公交车站,黑龙江省,哈尔滨市,道外区,339路;355路;355路巨源支线;398路,,0,0,126.874535,45.852627,,,http://map.baidu.com/,,,,,,,,,,,,,,,,,,,,0
16bbb800865265298c1a8958,光明村,交通设施,公交车站,黑龙江省,哈尔滨市,道外区,339路;355路;355路巨源支线,,0,0,126.871877,45.852187,,,http://map.baidu.com/,,,,,,,,,,,,,,,,,,,,0
22384985fb5df6d5d1f49efa,光明村南口,交通设施,公交车站,黑龙江省,哈尔滨市,道外区,339路;355路,,0,0,126.870713,45.849658,,,http://map.baidu.com/,,,,,,,,,,,,,,,,,,,,0
36828543d9f735a0a2a93417,光明村南口,交通设施,公交车站,黑龙江省,哈尔滨市,道外区,339路;355路,,0,0,126.870708,45.849643,,,http://map.baidu.com/,,,,,,,,,,,,,,,,,,,,0
aa248aa93254e39a2bd7abc8,光明屯供销社,交通设施,公交车站,黑龙江省,哈尔滨市,道外区,355路巨源支线;398路,,0,0,126.871691,45.852089,,,http://map.baidu.com/,,,,,,,,,,,,,,,,,,,,0
f26e070e5c3c4c1f84154154,李仲屯,交通设施,公交车站,黑龙江省,哈尔滨市,道外区,355路,,0,0,126.909599,45.859974,,,http://map.baidu.com/,,,,,,,,,,,,,,,,,,,,0
fdeef9fc25aaa826a8f0cdd2,李仲屯,交通设施,公交车站,黑龙江省,哈尔滨市,道外区,355路,,0,0,126.909654,45.859991,,,http://map.baidu.com/,,,,,,,,,,,,,,,,,,,,0
82c45e4e9032cb8b4151c0f3,城子沟东,交通设施,公交车站,黑龙江省,哈尔滨市,道外区,355路,,0,0,126.89664,45.856608,,,http://map.baidu.com/,,,,,,,,,,,,,,,,,,,,0
ebf71b84206ff8a0ab0dd811,李仲屯,交通设施,公交车站,黑龙江省,哈尔滨市,道外区,339路;355路;355路巨源支线,,0,0,126.909644,45.859987,,,http://map.baidu.com/,,,,,,,,,,,,,,,,,,,,0
2b16e7da87d610de5d0d0219,闫炮屯,交通设施,公交车站,黑龙江省,哈尔滨市,道外区,355路,,0,0,126.917934,45.862947,,,http://map.baidu.com/,,,,,,,,,,,,,,,,,,,,0
e95ab646580829969c09f768,闫炮屯,交通设施,公交车站,黑龙江省,哈尔滨市,道外区,355路,,0,0,126.917965,45.86297,,,http://map.baidu.com/,,,,,,,,,,,,,,,,,,,,0
51949a9d2f867470343a714a,城子沟,交通设施,公交车站,黑龙江省,哈尔滨市,道外区,339路;355路,,0,0,126.893104,45.85587,,,http://map.baidu.com/,,,,,,,,,,,,,,,,,,,,0
f97972c7bfcc46772fb17e93,城子沟,交通设施,公交车站,黑龙江省,哈尔滨市,道外区,355路巨源支线,,0,0,126.893015,45.855858,,,http://map.baidu.com/,,,,,,,,,,,,,,,,,,,,0
781f4fd4343476892806ce30,闫炮屯东,交通设施,公交车站,黑龙江省,哈尔滨市,道外区,339路;355路;355路巨源支线,,0,0,126.921047,45.865271,,,http://map.baidu.com/,,,,,,,,,,,,,,,,,,,,0
fe6afef2f1514c8cc72ba11f,城子沟西,交通设施,公交车站,黑龙江省,哈尔滨市,道外区,355路,,0,0,126.887747,45.854269,,,http://map.baidu.com/,,,,,,,,,,,,,,,,,,,,0
990e9f5a789537bc0b69d95f,城子沟东,交通设施,公交车站,黑龙江省,哈尔滨市,道外区,339路;355路;355路巨源支线,,0,0,126.896712,45.856622,,,http://map.baidu.com/,,,,,,,,,,,,,,,,,,,,0
32857513eb52df5aa8175a01,城子沟,交通设施,公交车站,黑龙江省,哈尔滨市,道外区,339路;355路;355路巨源支线,,0,0,126.893078,45.855867,,,http://map.baidu.com/,,,,,,,,,,,,,,,,,,,,0
8927887164c8b45b1d580030,闫炮屯东,交通设施,公交车站,黑龙江省,哈尔滨市,道外区,339路;355路;355路巨源支线,,0,0,126.921047,45.865271,,,http://map.baidu.com/,,,,,,,,,,,,,,,,,,,,0
1e793f4eb937d5dbaa059d62,闫炮屯,交通设施,公交车站,黑龙江省,哈尔滨市,道外区,339路;355路;355路巨源支线,,0,0,126.917939,45.862949,,,http://map.baidu.com/,,,,,,,,,,,,,,,,,,,,0
0b0e2acb15e74f888415412d,城子沟西,交通设施,公交车站,黑龙江省,哈尔滨市,道外区,339路;355路;355路巨源支线,,0,0,126.88782,45.854287,,,http://map.baidu.com/,,,,,,,,,,,,,,,,,,,,0
7a917a1e50c80e450aa8d432,新丰村,交通设施,公交车站,黑龙江省,哈尔滨市,道外区,339路;355路;355路巨源支线,,0,0,126.931248,45.878797,,,http://map.baidu.com/,,,,,,,,,,,,,,,,,,,,0
781f4fd4343476892806ce30,闫炮屯东,交通设施,公交车站,黑龙江省,哈尔滨市,道外区,339路;355路;355路巨源支线,,0,0,126.921047,45.865271,,,http://map.baidu.com/,,,,,,,,,,,,,,,,,,,,0
b57cb878b7cec8e1bbbd63c5,上斗屯,交通设施,公交车站,黑龙江省,哈尔滨市,道外区,郊5路上烟村支线,,0,0,126.943219,45.848966,,,http://map.baidu.com/,,,,,,,,,,,,,,,,,,,,0
8927887164c8b45b1d580030,闫炮屯东,交通设施,公交车站,黑龙江省,哈尔滨市,道外区,339路;355路;355路巨源支线,,0,0,126.921047,45.865271,,,http://map.baidu.com/,,,,,,,,,,,,,,,,,,,,0
77072537c6116ad326d2bbfb,新丰小学,交通设施,公交车站,黑龙江省,哈尔滨市,道外区,339路;355路;355路巨源支线,,0,0,126.931207,45.875265,,,http://map.baidu.com/,,,,,,,,,,,,,,,,,,,,0
7a2f710f13f37940f32d8388,上烟村,交通设施,公交车站,黑龙江省,哈尔滨市,道外区,郊5路上烟村支线,,0,0,126.959182,45.851826,,,http://map.baidu.com/,,,,,,,,,,,,,,,,,,,,0
714c42a07d90be2fd2f49e9c,新丰村,交通设施,公交车站,黑龙江省,哈尔滨市,道外区,339路;355路;355路巨源支线,,0,0,126.93124,45.878287,,,http://map.baidu.com/,,,,,,,,,,,,,,,,,,,,0
09acebd00bdbfb3e8936ee33,李家油坊,交通设施,公交车站,黑龙江省,哈尔滨市,道外区,郊5路上烟村支线,,0,0,126.95228,45.847009,,,http://map.baidu.com/,,,,,,,,,,,,,,,,,,,,0
366dbaa824f4556ea11de981,上兴利,交通设施,公交车站,黑龙江省,哈尔滨市,道外区,郊5路兴隆沟支线,,0,0,126.986601,45.865841,,,http://map.baidu.com/,,,,,,,,,,,,,,,,,,,,0
7235193b312a5aa6c809f0a8,下兴利东站,交通设施,公交车站,黑龙江省,哈尔滨市,道外区,郊5路兴隆沟支线,,0,0,126.975545,45.868065,,,http://map.baidu.com/,,,,,,,,,,,,,,,,,,,,0
8b59711c821e3e9722f0179c,下兴利道口,交通设施,公交车站,黑龙江省,哈尔滨市,道外区,郊5路兴隆沟支线,,0,0,126.978826,45.867523,,,http://map.baidu.com/,,,,,,,,,,,,,,,,,,,,0
4de90c3238e5fdbf09b93af4,下兴利,交通设施,公交车站,黑龙江省,哈尔滨市,道外区,郊5路兴隆沟支线,,0,0,126.971951,45.868937,,,http://map.baidu.com/,,,,,,,,,,,,,,,,,,,,0
59cbeef3fdd2a12528d7abc8,后佟家,交通设施,公交车站,黑龙江省,哈尔滨市,道外区,郊5路兴隆沟支线,,0,0,126.991166,45.852357,,,http://map.baidu.com/,,,,,,,,,,,,,,,,,,,,0
3a1d98ac68985fec5a1093fd,后关帝,交通设施,公交车站,黑龙江省,哈尔滨市,道外区,郊5路巨源支线,,0,0,127.020264,45.848696,,,http://map.baidu.com/,,,,,,,,,,,,,,,,,,,,0
79d906103757a3f8b04c49fa,繁兴村,交通设施,公交车站,黑龙江省,哈尔滨市,道外区,郊5路巨源支线,,0,0,127.0138,45.872689,,,http://map.baidu.com/,,,,,,,,,,,,,,,,,,,,0
9fc0d9136d9e819e128824d0,罗家道口,交通设施,公交车站,黑龙江省,哈尔滨市,道外区,郊5路巨源支线,,0,0,127.017398,45.853351,,,http://map.baidu.com/,,,,,,,,,,,,,,,,,,,,0
59bad9660f671be859bbbcf8,郑家油坊,交通设施,公交车站,黑龙江省,哈尔滨市,道外区,郊5路巨源支线,,0,0,127.024717,45.879558,,,http://map.baidu.com/,,,,,,,,,,,,,,,,,,,,0
0dc64c24869edad2c8213d80,永平,交通设施,公交车站,黑龙江省,哈尔滨市,道外区,郊5路永平支线,,0,0,127.06578,45.863676,,,http://map.baidu.com/,,,,,,,,,,,,,,,,,,,,0
e09b11a6799d01205bf6be71,后合,交通设施,公交车站,黑龙江省,哈尔滨市,道外区,郊5路永平支线,,0,0,127.063355,45.86672,,,http://map.baidu.com/,,,,,,,,,,,,,,,,,,,,0
c6282046f2750776d4851f45,腰河屯,交通设施,公交车站,黑龙江省,哈尔滨市,道外区,郊5路永平支线,,0,0,127.072534,45.859302,,,http://map.baidu.com/,,,,,,,,,,,,,,,,,,,,0
2a9f6f2798cb44b2b34c498b,前合店,交通设施,公交车站,黑龙江省,哈尔滨市,道外区,郊5路永平支线,,0,0,127.077007,45.855936,,,http://map.baidu.com/,,,,,,,,,,,,,,,,,,,,0
976e84a65561a55cf4b916c8,雷家油坊,交通设施,公交车站,黑龙江省,哈尔滨市,道外区,郊5路永平支线,,0,0,127.060301,45.871098,,,http://map.baidu.com/,,,,,,,,,,,,,,,,,,,,0
91427a9a5b874a2ecbe33c4d,吕江屯,交通设施,公交车站,黑龙江省,哈尔滨市,松北区,396路,,0,0,126.395397,45.900513,,,http://map.baidu.com/,,,,,,,,,,,,,,,,,,,,0
bf4437a140f561bd5a109346,前太平,交通设施,公交车站,黑龙江省,哈尔滨市,松北区,396路,,0,0,126.400934,45.892072,,,http://map.baidu.com/,,,,,,,,,,,,,,,,,,,,0
dd2e9569909dbb7dd72ce29c,后太平,交通设施,公交车站,黑龙江省,哈尔滨市,松北区,396路,,0,0,126.394186,45.902327,,,http://map.baidu.com/,,,,,,,,,,,,,,,,,,,,0
b1479e4243130a89dc1e52d3,孤房道口,交通设施,公交车站,黑龙江省,哈尔滨市,松北区,396路,,0,0,126.407266,45.883425,,,http://map.baidu.com/,,,,,,,,,,,,,,,,,,,,0
40d0c8857409824f8936ee1a,后小山屯道口,交通设施,公交车站,黑龙江省,哈尔滨市,松北区,396路,,0,0,126.383072,45.911669,,,http://map.baidu.com/,,,,,,,,,,,,,,,,,,,,0
570b35c42b4af1dab11e360f,邢家,交通设施,公交车站,黑龙江省,哈尔滨市,松北区,346路万乐支线,,0,0,126.452125,45.884614,,,http://map.baidu.com/,,,,,,,,,,,,,,,,,,,,0
f22239f3c3b57373ad31e5f1,邢家村口,交通设施,公交车站,黑龙江省,哈尔滨市,松北区,346路万乐支线,,0,0,126.454974,45.88539,,,http://map.baidu.com/,,,,,,,,,,,,,,,,,,,,0
1a103af08ffbf9feb7f42f49,邢家村口,交通设施,公交车站,黑龙江省,哈尔滨市,松北区,346路万乐支线,,0,0,126.454974,45.88539,,,http://map.baidu.com/,,,,,,,,,,,,,,,,,,,,0
6d2b301d72adf231c9fa5fe5,邢家,交通设施,公交车站,黑龙江省,哈尔滨市,松北区,346路万乐支线,,0,0,126.452129,45.884615,,,http://map.baidu.com/,,,,,,,,,,,,,,,,,,,,0
63078f155fd1e02de215f93f,万乐,交通设施,公交车站,黑龙江省,哈尔滨市,松北区,346路万乐支线,,0,0,126.474336,45.893526,,,http://map.baidu.com/,,,,,,,,,,,,,,,,,,,,0
8372459b1c19df15a1a934eb,万乐站,交通设施,公交车站,黑龙江省,哈尔滨市,松北区,346路万乐支线,,0,0,126.471373,45.89217,,,http://map.baidu.com/,,,,,,,,,,,,,,,,,,,,0
1d71a83c67319afbc809f007,万乐村口,交通设施,公交车站,黑龙江省,哈尔滨市,松北区,346路万乐支线,,0,0,126.476331,45.892125,,,http://map.baidu.com/,,,,,,,,,,,,,,,,,,,,0
eb76d1358e050c475a3ac8f7,万乐村口,交通设施,公交车站,黑龙江省,哈尔滨市,松北区,346路万乐支线,,0,0,126.476331,45.892125,,,http://map.baidu.com/,,,,,,,,,,,,,,,,,,,,0
e17173014af22179b34c493f,万乐铁路桥洞,交通设施,公交车站,黑龙江省,哈尔滨市,松北区,346路万乐支线,,0,0,126.476471,45.888164,,,http://map.baidu.com/,,,,,,,,,,,,,,,,,,,,0
295bc3727ca5a67c2fe67bab,万乐铁路桥洞,交通设施,公交车站,黑龙江省,哈尔滨市,松北区,346路万乐支线,,0,0,126.476471,45.888164,,,http://map.baidu.com/,,,,,,,,,,,,,,,,,,,,0
bfbe80a4e612c29ff32d833b,玉丰,交通设施,公交车站,黑龙江省,哈尔滨市,松北区,346路万乐支线,,0,0,126.471874,45.909504,,,http://map.baidu.com/,,,,,,,,,,,,,,,,,,,,0
b81e0d7e904a42290482c294,黑龙江护理高等专科学校江北校区,交通设施,公交车站,黑龙江省,哈尔滨市,呼兰区,213路,,0,0,126.497417,45.89284,,,http://map.baidu.com/,,,,,,,,,,,,,,,,,,,,0
62c59c501985d0b1b320a8c3,哈尔滨劳动技师学院家属楼,交通设施,公交车站,黑龙江省,哈尔滨市,呼兰区,213路,,0,0,126.50293,45.891732,,,http://map.baidu.com/,,,,,,,,,,,,,,,,,,,,0
9d83812c17f39b60373a7147,黑龙江应用职业学院,交通设施,公交车站,黑龙江省,哈尔滨市,呼兰区,213路,,0,0,126.504683,45.890621,,,http://map.baidu.com/,,,,,,,,,,,,,,,,,,,,0
342366a0f15e920538221cf7,凤栖湖公交首末站,交通设施,公交车站,黑龙江省,哈尔滨市,呼兰区,221路,,0,0,126.520749,45.891325,,,http://map.baidu.com/,,,,,,,,,,,,,,,,,,,,0
55a2c0f6302f4f6c8d77274a,昆明大街北,交通设施,公交车站,黑龙江省,哈尔滨市,呼兰区,226路,,0,0,126.52968,45.888703,,,http://map.baidu.com/,,,,,,,,,,,,,,,,,,,,0
8b8b3c4e7c7f3266f4b916dd,昆明大街北,交通设施,公交车站,黑龙江省,哈尔滨市,呼兰区,226路,,0,0,126.529819,45.888511,,,http://map.baidu.com/,,,,,,,,,,,,,,,,,,,,0
49c2177ac87355bfd4851f59,滨才城,交通设施,公交车站,黑龙江省,哈尔滨市,呼兰区,213路;221路;222路,,0,0,126.520882,45.880803,,,http://map.baidu.com/,,,,,,,,,,,,,,,,,,,,0
ab3cd367888bd3698f1a897b,凤栖湖小区公交停车场,交通设施,公交车站,黑龙江省,哈尔滨市,呼兰区,221路,,0,0,126.520703,45.891114,,,http://map.baidu.com/,,,,,,,,,,,,,,,,,,,,0
4c85d5c94d77553d83a00c12,凤栖湖小区公交停车场,交通设施,公交车站,黑龙江省,哈尔滨市,呼兰区,221路,,0,0,126.520703,45.891114,,,http://map.baidu.com/,,,,,,,,,,,,,,,,,,,,0
c4a28d1bb89a8d963f9a5e7f,萧红公园,交通设施,公交车站,黑龙江省,哈尔滨市,呼兰区,221路,,0,0,126.51806,45.888871,,,http://map.baidu.com/,,,,,,,,,,,,,,,,,,,,0
6479f2154b490993bfa822ee,幸福新居小区,交通设施,公交车站,黑龙江省,哈尔滨市,呼兰区,226路,,0,0,126.529637,45.885188,,,http://map.baidu.com/,,,,,,,,,,,,,,,,,,,,0
18f7a0823a4f355128201afd,幸福新居小区,交通设施,公交车站,黑龙江省,哈尔滨市,呼兰区,226路,,0,0,126.529784,45.885571,,,http://map.baidu.com/,,,,,,,,,,,,,,,,,,,,0
dfff7e4d2a3e1b7588db739a,滨才城小区,交通设施,公交车站,黑龙江省,哈尔滨市,呼兰区,213路;221路;222路,,0,0,126.521274,45.880818,,,http://map.baidu.com/,,,,,,,,,,,,,,,,,,,,0
f4d361756ab7c684b04c495c,凤栖湖公交首末站,交通设施,公交车站,黑龙江省,哈尔滨市,呼兰区,221路,,0,0,126.520749,45.891325,,,http://map.baidu.com/,,,,,,,,,,,,,,,,,,,,0
b6f571fbdbb998e7f82d6131,凤栖湖小区二期,交通设施,公交车站,黑龙江省,哈尔滨市,呼兰区,221路,,0,0,126.515302,45.88768,,,http://map.baidu.com/,,,,,,,,,,,,,,,,,,,,0
0954448779d519a8cb213dc4,财富商厦,交通设施,公交车站,黑龙江省,哈尔滨市,呼兰区,213路;221路;222路;226路;呼兰108路;呼兰108路直行线,,0,0,126.530137,45.880798,,,http://map.baidu.com/,,,,,,,,,,,,,,,,,,,,0
aa488e9253e11713b64f54b4,昆明大街北,交通设施,公交车站,黑龙江省,哈尔滨市,呼兰区,226路,,0,0,126.529959,45.88832,,,http://map.baidu.com/,,,,,,,,,,,,,,,,,,,,0
66876a2de91025eab11e3627,凤栖湖小区,交通设施,公交车站,黑龙江省,哈尔滨市,呼兰区,221路,,0,0,126.515293,45.884427,,,http://map.baidu.com/,,,,,,,,,,,,,,,,,,,,0
99a13a4ef6647c3858f6beb0,利民二水厂,交通设施,公交车站,黑龙江省,哈尔滨市,呼兰区,213路;221路;222路;呼兰108路;呼兰108路直行线,,0,0,126.525716,45.880667,,,http://map.baidu.com/,,,,,,,,,,,,,,,,,,,,0
afa6481014cd6683fe0eb070,幸福新居小区,交通设施,公交车站,黑龙江省,哈尔滨市,呼兰区,226路,,0,0,126.529932,45.885954,,,http://map.baidu.com/,,,,,,,,,,,,,,,,,,,,0
a6addcc9a87678f2e3110330,滨才城,交通设施,公交车站,黑龙江省,哈尔滨市,呼兰区,213路;221路;222路,,0,0,126.521666,45.880834,,,http://map.baidu.com/,,,,,,,,,,,,,,,,,,,,0
ad73ccf7834091220bf5eba2,憬荟商场,交通设施,公交车站,黑龙江省,哈尔滨市,呼兰区,呼兰108路;呼兰108路直行线,,0,0,126.523174,45.881271,,,http://map.baidu.com/,,,,,,,,,,,,,,,,,,,,0
10581e243ae19d7d9cf77966,哈尔滨劳动技师学院,交通设施,公交车站,黑龙江省,哈尔滨市,呼兰区,213路,,0,0,126.504666,45.888469,,,http://map.baidu.com/,,,,,,,,,,,,,,,,,,,,0
9d83812c17f39b60373a7147,黑龙江应用职业学院,交通设施,公交车站,黑龙江省,哈尔滨市,呼兰区,213路,,0,0,126.504683,45.890621,,,http://map.baidu.com/,,,,,,,,,,,,,,,,,,,,0
62c59c501985d0b1b320a8c3,哈尔滨劳动技师学院家属楼,交通设施,公交车站,黑龙江省,哈尔滨市,呼兰区,213路,,0,0,126.50293,45.891732,,,http://map.baidu.com/,,,,,,,,,,,,,,,,,,,,0
70857537071832ceb6147f63,绿海田园小区,交通设施,公交车站,黑龙江省,哈尔滨市,呼兰区,211路;222路;231路;231路[哈铁文化小区支线];231路支线;呼兰9路;松北新区环线1路;松北新区环线2路,,0,0,126.56915,45.89661,,,http://map.baidu.com/,,,,,,,,,,,,,,,,,,,,0
21d358601a29963b8c55ec2d,利民大道(南京路口),交通设施,公交车站,黑龙江省,哈尔滨市,呼兰区,呼兰108路直行线,,0,0,126.568469,45.897821,,,http://map.baidu.com/,,,,,,,,,,,,,,,,,,,,0
54531422ec96e9efea12e43c,利民大道(南京路口),交通设施,公交车站,黑龙江省,哈尔滨市,呼兰区,211路;222路;松北新区环线2路,,0,0,126.566732,45.895038,,,http://map.baidu.com/,,,,,,,,,,,,,,,,,,,,0
f7bbee6cf40247019d09f7a7,利民大道(南京路口),交通设施,公交车站,黑龙江省,哈尔滨市,呼兰区,211路;222路;呼兰108路直行线;松北新区环线1路;松北新区环线2路,,0,0,126.567079,45.894993,,,http://map.baidu.com/,,,,,,,,,,,,,,,,,,,,0
33e23270a7cf2ba82a201a99,翔禾家园,交通设施,公交车站,黑龙江省,哈尔滨市,呼兰区,223路,,0,0,126.559635,45.900983,,,http://map.baidu.com/,,,,,,,,,,,,,,,,,,,,0
429389745593c07ad618b718,燕京路利民大道,交通设施,公交车站,黑龙江省,哈尔滨市,呼兰区,223路,,0,0,126.565941,45.901019,,,http://map.baidu.com/,,,,,,,,,,,,,,,,,,,,0
e7f45c8fa9cfd9e7a11de99b,燕京路利民大道,交通设施,公交车站,黑龙江省,哈尔滨市,呼兰区,223路,,0,0,126.566098,45.901061,,,http://map.baidu.com/,,,,,,,,,,,,,,,,,,,,0
b57a9f2a7b810098c8213d9a,燕京路利民大道,交通设施,公交车站,黑龙江省,哈尔滨市,呼兰区,223路,,0,0,126.566255,45.901103,,,http://map.baidu.com/,,,,,,,,,,,,,,,,,,,,0
64e40c9b74a2ecce21f01776,利民大道(南京路口),交通设施,公交车站,黑龙江省,哈尔滨市,呼兰区,211路;222路;松北新区环线1路,,0,0,126.566963,45.894005,,,http://map.baidu.com/,,,,,,,,,,,,,,,,,,,,0
b040e400915230d50c0a7096,利民大道(北京路口),交通设施,公交车站,黑龙江省,哈尔滨市,呼兰区,231路;231路支线;呼兰108路直行线;呼兰9路,,0,0,126.571466,45.901862,,,http://map.baidu.com/,,,,,,,,,,,,,,,,,,,,0
d6f56a45d1a6c3242a02e1c4,利民西二大街(南京路口),交通设施,公交车站,黑龙江省,哈尔滨市,呼兰区,呼兰108路,,0,0,126.55837,45.896701,,,http://map.baidu.com/,,,,,,,,,,,,,,,,,,,,0
a8c04ebb352e1cda2cb96d2e,利民西二大街(南京路口),交通设施,公交车站,黑龙江省,哈尔滨市,呼兰区,呼兰108路,,0,0,126.558308,45.896792,,,http://map.baidu.com/,,,,,,,,,,,,,,,,,,,,0
e5092eb2e6004ca3725e8059,利民大道(北京路口),交通设施,公交车站,黑龙江省,哈尔滨市,呼兰区,231路;231路[哈铁文化小区支线];231路支线;呼兰108路直行线;呼兰9路,,0,0,126.57172,45.902444,,,http://map.baidu.com/,,,,,,,,,,,,,,,,,,,,0
7ea32cbbd7cab8c0c61e5132,国基名墅小区,交通设施,公交车站,黑龙江省,哈尔滨市,呼兰区,211路;222路;231路;231路[哈铁文化小区支线];呼兰9路;松北新区环线1路,,0,0,126.575789,45.896622,,,http://map.baidu.com/,,,,,,,,,,,,,,,,,,,,0
60279fc8a75808a16d20b9ef,国基名墅小区,交通设施,公交车站,黑龙江省,哈尔滨市,呼兰区,211路;222路;231路;231路[哈铁文化小区支线];231路支线;呼兰9路;松北新区环线1路;松北新区环线2路,,0,0,126.575678,45.896681,,,http://map.baidu.com/,,,,,,,,,,,,,,,,,,,,0
a12792fde54a3b1446e27482,国基名墅小区,交通设施,公交车站,黑龙江省,哈尔滨市,呼兰区,211路;222路;231路;231路支线;呼兰9路;松北新区环线2路,,0,0,126.575567,45.896739,,,http://map.baidu.com/,,,,,,,,,,,,,,,,,,,,0
108730c54924df5784330497,利民西二大街南京西路,交通设施,公交车站,黑龙江省,哈尔滨市,呼兰区,223路,,0,0,126.558239,45.894402,,,http://map.baidu.com/,,,,,,,,,,,,,,,,,,,,0
c2342d82f2d46a45f942b22a,托斯卡纳小区(利民大道),交通设施,公交车站,黑龙江省,哈尔滨市,呼兰区,211路;222路;551路;552路;呼兰108路直行线;松北新区环线1路,,0,0,126.56572,45.89005,,,http://map.baidu.com/,,,,,,,,,,,,,,,,,,,,0
cce2cd54409d585387154171,翔禾家园,交通设施,公交车站,黑龙江省,哈尔滨市,呼兰区,223路,,0,0,126.558971,45.900817,,,http://map.baidu.com/,,,,,,,,,,,,,,,,,,,,0
45c374d7f79e237a5d0d0218,cbd大厦,交通设施,公交车站,黑龙江省,哈尔滨市,呼兰区,223路,,0,0,126.57185,45.901143,,,http://map.baidu.com/,,,,,,,,,,,,,,,,,,,,0
f28a0a5d9a2fc694d6b74e79,星辰热力,交通设施,公交车站,黑龙江省,哈尔滨市,呼兰区,223路,,0,0,126.581364,45.901264,,,http://map.baidu.com/,,,,,,,,,,,,,,,,,,,,0
df8150f6c500389be31103de,利民西二大街宜春路,交通设施,公交车站,黑龙江省,哈尔滨市,呼兰区,212路;223路;呼兰108路,,0,0,126.558264,45.890013,,,http://map.baidu.com/,,,,,,,,,,,,,,,,,,,,0
dc7802d292ae40caed74f8e1,华远新家园小区,交通设施,公交车站,黑龙江省,哈尔滨市,呼兰区,211路;222路;231路;231路支线;呼兰9路;松北新区环线2路,,0,0,126.579538,45.896798,,,http://map.baidu.com/,,,,,,,,,,,,,,,,,,,,0
e6aeab214d13292304026fa7,孙家道口,交通设施,公交车站,黑龙江省,哈尔滨市,呼兰区,223路,,0,0,126.576022,45.901198,,,http://map.baidu.com/,,,,,,,,,,,,,,,,,,,,0
d4a4b6632e6022b56168584f,海吉雅小区,交通设施,公交车站,黑龙江省,哈尔滨市,呼兰区,225路;230路;呼兰104路,,0,0,126.582456,45.888821,,,http://map.baidu.com/,,,,,,,,,,,,,,,,,,,,0
bb507e443c088a1aa2d23022,海吉雅小区,交通设施,公交车站,黑龙江省,哈尔滨市,呼兰区,225路;230路;呼兰104路,,0,0,126.58252,45.888705,,,http://map.baidu.com/,,,,,,,,,,,,,,,,,,,,0
88dd9049cc7af620ab0dd8ed,海吉雅小区,交通设施,公交车站,黑龙江省,哈尔滨市,呼兰区,225路;230路,,0,0,126.582585,45.888592,,,http://map.baidu.com/,,,,,,,,,,,,,,,,,,,,0
9df8b4f6d59afdf1fb0cadbd,海吉雅小区,交通设施,公交车站,黑龙江省,哈尔滨市,呼兰区,呼兰104路,,0,0,126.582584,45.888584,,,http://map.baidu.com/,,,,,,,,,,,,,,,,,,,,0
6b6fa63048daee6eb34c4907,杉杉奥特莱斯,交通设施,公交车站,黑龙江省,哈尔滨市,呼兰区,S11路/商务公交11号线;新区1号线;新区2号线,,0,0,126.564291,45.880462,,,http://map.baidu.com/,,,,,,,,,,,,,,,,,,,,0
d9f75640f1b7bfff5d0d023b,宏信广场小区,交通设施,公交车站,黑龙江省,哈尔滨市,呼兰区,211路;222路;225路;231路;231路支线;呼兰9路;松北新区环线2路,,0,0,126.584704,45.896873,,,http://map.baidu.com/,,,,,,,,,,,,,,,,,,,,0
4711502c3b34db183686f45b,顺达铃木4S店,交通设施,公交车站,黑龙江省,哈尔滨市,呼兰区,231路;231路[哈铁文化小区支线];231路支线;551路;552路;呼兰108路直行线;呼兰9路,,0,0,126.577274,45.908794,,,http://map.baidu.com/,,,,,,,,,,,,,,,,,,,,0
cac7338f78ab476a8733042f,电力名苑小区,交通设施,公交车站,黑龙江省,哈尔滨市,呼兰区,225路;230路;呼兰104路,,0,0,126.584823,45.89252,,,http://map.baidu.com/,,,,,,,,,,,,,,,,,,,,0
a4234b69e168eba0735e80e5,顺达铃木4S店,交通设施,公交车站,黑龙江省,哈尔滨市,呼兰区,231路;551路;552路,,0,0,126.577628,45.908873,,,http://map.baidu.com/,,,,,,,,,,,,,,,,,,,,0
0a00bf495689eb910e3ddad8,利民西二大街(南京路口),交通设施,公交车站,黑龙江省,哈尔滨市,呼兰区,呼兰108路,,0,0,126.558247,45.896883,,,http://map.baidu.com/,,,,,,,,,,,,,,,,,,,,0
fb074d91d7f6b12c750269e8,电力名苑小区,交通设施,公交车站,黑龙江省,哈尔滨市,呼兰区,230路;呼兰104路,,0,0,126.585719,45.892491,,,http://map.baidu.com/,,,,,,,,,,,,,,,,,,,,0
05b73a9927d557200af5eba6,名流新城小区,交通设施,公交车站,黑龙江省,哈尔滨市,呼兰区,223路;呼兰9路,,0,0,126.586268,45.901325,,,http://map.baidu.com/,,,,,,,,,,,,,,,,,,,,0
e74b0b93d04d16138936eec1,宏信广场小区,交通设施,公交车站,黑龙江省,哈尔滨市,呼兰区,呼兰9路,,0,0,126.584631,45.896718,,,http://map.baidu.com/,,,,,,,,,,,,,,,,,,,,0
2381627df7c5c489e01103bd,宏信广场小区,交通设施,公交车站,黑龙江省,哈尔滨市,呼兰区,211路;222路;225路;231路;231路[哈铁文化小区支线];松北新区环线1路,,0,0,126.584582,45.896717,,,http://map.baidu.com/,,,,,,,,,,,,,,,,,,,,0
6d0c8f3d7a169572246e988f,电力名苑小区,交通设施,公交车站,黑龙江省,哈尔滨市,呼兰区,225路,,0,0,126.582458,45.89235,,,http://map.baidu.com/,,,,,,,,,,,,,,,,,,,,0
96d6415cc5d1437338221c38,电力名苑小区,交通设施,公交车站,黑龙江省,哈尔滨市,呼兰区,225路,,0,0,126.582581,45.892684,,,http://map.baidu.com/,,,,,,,,,,,,,,,,,,,,0
3e88c6c0a97a80372efaa735,大都会新天地,交通设施,公交车站,黑龙江省,哈尔滨市,呼兰区,212路;呼兰108路,,0,0,126.558279,45.893546,,,http://map.baidu.com/,,,,,,,,,,,,,,,,,,,,0
720c01395f79ac999fec2b6b,宏信广场小区,交通设施,公交车站,黑龙江省,哈尔滨市,呼兰区,211路;222路;225路;231路;231路[哈铁文化小区支线];231路支线;呼兰9路;松北新区环线1路;松北新区环线2路,,0,0,126.584647,45.896795,,,http://map.baidu.com/,,,,,,,,,,,,,,,,,,,,0
21bca48395a10dc6c61b7586,顺迈医院,交通设施,公交车站,黑龙江省,哈尔滨市,呼兰区,211路;222路;225路;230路;呼兰108路;呼兰108路直行线;松北新区环线1路;松北新区环线2路,,0,0,126.563899,45.885248,,,http://map.baidu.com/,,,,,,,,,,,,,,,,,,,,0
b3a80405976c4e939e9d6823,杉杉奥特莱斯广场,交通设施,公交车站,黑龙江省,哈尔滨市,呼兰区,211路;222路;225路;230路;551路;552路;呼兰104路;呼兰108路;呼兰108路直行线;松北新区环线1路;松北新区环线2路,,0,0,126.562748,45.881651,,,http://map.baidu.com/,,,,,,,,,,,,,,,,,,,,0
e911c82b603df28032870a31,利民大道(北京路口),交通设施,公交车站,黑龙江省,哈尔滨市,呼兰区,231路;231路[哈铁文化小区支线];呼兰9路,,0,0,126.572101,45.903316,,,http://map.baidu.com/,,,,,,,,,,,,,,,,,,,,0
3de1d9586870f452ae045705,金马花园小区,交通设施,公交车站,黑龙江省,哈尔滨市,呼兰区,211路;222路;225路;231路;231路[哈铁文化小区支线];231路支线;呼兰9路;松北新区环线1路;松北新区环线2路,,0,0,126.588316,45.896843,,,http://map.baidu.com/,,,,,,,,,,,,,,,,,,,,0
6f065924a2ff7a7a11882443,摇篮乳业,交通设施,公交车站,黑龙江省,哈尔滨市,呼兰区,212路;呼兰108路,,0,0,126.558427,45.908379,,,http://map.baidu.com/,,,,,,,,,,,,,,,,,,,,0
c806b6f2dbf447b8c2f1cf26,顺迈幼儿园,交通设施,公交车站,黑龙江省,哈尔滨市,呼兰区,呼兰108路,,0,0,126.558264,45.890028,,,http://map.baidu.com/,,,,,,,,,,,,,,,,,,,,0
60be932427984165e215f975,翔禾家园小区,交通设施,公交车站,黑龙江省,哈尔滨市,呼兰区,212路;223路;呼兰108路,,0,0,126.55839,45.90104,,,http://map.baidu.com/,,,,,,,,,,,,,,,,,,,,0
a0c5c02282a901314d776e45,华远新家园小区,交通设施,公交车站,黑龙江省,哈尔滨市,呼兰区,211路;222路;231路;231路[哈铁文化小区支线];231路支线;呼兰9路;松北新区环线1路;松北新区环线2路,,0,0,126.579313,45.896735,,,http://map.baidu.com/,,,,,,,,,,,,,,,,,,,,0
cb52c2e794e580542bb97ce6,华城小区,交通设施,公交车站,黑龙江省,哈尔滨市,呼兰区,呼兰108路,,0,0,126.562024,45.888999,,,http://map.baidu.com/,,,,,,,,,,,,,,,,,,,,0
41a08b0fae54a456b11e36dc,利民西二大街宜春路,交通设施,公交车站,黑龙江省,哈尔滨市,呼兰区,212路;223路;呼兰108路,,0,0,126.558225,45.890431,,,http://map.baidu.com/,,,,,,,,,,,,,,,,,,,,0
8a0ace56ba50766ceedfca30,同盛路,交通设施,公交车站,黑龙江省,哈尔滨市,呼兰区,呼兰9路,,0,0,126.579346,45.911562,,,http://map.baidu.com/,,,,,,,,,,,,,,,,,,,,0
c3d31a86c055122243afe6bd,南京路,交通设施,公交车站,黑龙江省,哈尔滨市,呼兰区,207路;211路;225路;230路;231路;231路[哈铁文化小区支线];553路;松北新区环线1路;松北新区环线2路,,0,0,126.613071,45.896755,,,http://map.baidu.com/,,,,,,,,,,,,,,,,,,,,0
a133da3fdd84519b51e5c51a,江霆华府小区,交通设施,公交车站,黑龙江省,哈尔滨市,呼兰区,222路;230路;231路支线,,0,0,126.611422,45.896858,,,http://map.baidu.com/,,,,,,,,,,,,,,,,,,,,0
f0375db4283b3726df1e52b7,江霆华府小区,交通设施,公交车站,黑龙江省,哈尔滨市,呼兰区,211路;222路;225路;230路;231路支线,,0,0,126.611949,45.896764,,,http://map.baidu.com/,,,,,,,,,,,,,,,,,,,,0
bdf550c7554ecb5ce81e9746,北京路,交通设施,公交车站,黑龙江省,哈尔滨市,呼兰区,207路;230路,,0,0,126.611412,45.900645,,,http://map.baidu.com/,,,,,,,,,,,,,,,,,,,,0
0667205c3da6ee4952e5c59a,江霆华府小区,交通设施,公交车站,黑龙江省,哈尔滨市,呼兰区,211路;225路;231路;松北新区环线2路,,0,0,126.611484,45.89693,,,http://map.baidu.com/,,,,,,,,,,,,,,,,,,,,0
2d22ab61beae138f40024553,江霆华府小区,交通设施,公交车站,黑龙江省,哈尔滨市,呼兰区,211路;222路;225路,,0,0,126.612037,45.896804,,,http://map.baidu.com/,,,,,,,,,,,,,,,,,,,,0
bad6a68834758644b817e74c,美兰家园小区,交通设施,公交车站,黑龙江省,哈尔滨市,呼兰区,211路;222路;225路;231路;231路[哈铁文化小区支线];231路支线;松北新区环线1路;松北新区环线2路,,0,0,126.605664,45.896897,,,http://map.baidu.com/,,,,,,,,,,,,,,,,,,,,0
7320fdcd4edc3fad5d17c341,圣泰制药,交通设施,公交车站,黑龙江省,哈尔滨市,呼兰区,223路;呼兰104路,,0,0,126.609962,45.901333,,,http://map.baidu.com/,,,,,,,,,,,,,,,,,,,,0
9b72671ec68e43f2da2f2868,北京路(利民东四大街口),交通设施,公交车站,黑龙江省,哈尔滨市,呼兰区,223路,,0,0,126.604944,45.901391,,,http://map.baidu.com/,,,,,,,,,,,,,,,,,,,,0
e690fe4055f3f15aeddfcaf4,北京路(利民东四大街口),交通设施,公交车站,黑龙江省,哈尔滨市,呼兰区,223路,,0,0,126.605465,45.901351,,,http://map.baidu.com/,,,,,,,,,,,,,,,,,,,,0
735380c3bd70c9790c0e6be5,北京路(利民东四大街口),交通设施,公交车站,黑龙江省,哈尔滨市,呼兰区,223路,,0,0,126.604423,45.90143,,,http://map.baidu.com/,,,,,,,,,,,,,,,,,,,,0
ad24c331963337022efaa74a,江霆华府二期,交通设施,公交车站,黑龙江省,哈尔滨市,呼兰区,225路,,0,0,126.615183,45.89677,,,http://map.baidu.com/,,,,,,,,,,,,,,,,,,,,0
7049f2dfc618fc5fdb131817,北京路,交通设施,公交车站,黑龙江省,哈尔滨市,呼兰区,207路;230路,,0,0,126.611127,45.901227,,,http://map.baidu.com/,,,,,,,,,,,,,,,,,,,,0
3f3a443f66d900149cf779ef,江霆华府二期,交通设施,公交车站,黑龙江省,哈尔滨市,呼兰区,225路,,0,0,126.615183,45.89677,,,http://map.baidu.com/,,,,,,,,,,,,,,,,,,,,0
d4db484967a01cfcc91b952d,呼兰第一中学,交通设施,公交车站,黑龙江省,哈尔滨市,呼兰区,225路;230路;呼兰104路,,0,0,126.604783,45.893268,,,http://map.baidu.com/,,,,,,,,,,,,,,,,,,,,0
d8a49b718a2a9c29b7265578,呼兰第一中学[临时站],交通设施,公交车站,黑龙江省,哈尔滨市,呼兰区,225路;230路;呼兰104路,,0,0,126.604783,45.893169,,,http://map.baidu.com/,,,,,,,,,,,,,,,,,,,,0
add25cd6ba2263c4100daa47,呼兰第一中学,交通设施,公交车站,黑龙江省,哈尔滨市,呼兰区,225路;230路;呼兰104路,,0,0,126.604784,45.89307,,,http://map.baidu.com/,,,,,,,,,,,,,,,,,,,,0
8cb921294940f16772455bcc,江霆华府小区二期,交通设施,公交车站,黑龙江省,哈尔滨市,呼兰区,225路,,0,0,126.615537,45.89689,,,http://map.baidu.com/,,,,,,,,,,,,,,,,,,,,0
3fbbdb521b958f5ef723108c,柏林印象小区,交通设施,公交车站,黑龙江省,哈尔滨市,呼兰区,211路;222路;231路;231路[哈铁文化小区支线];松北新区环线1路,,0,0,126.60045,45.896853,,,http://map.baidu.com/,,,,,,,,,,,,,,,,,,,,0
727c9d219a29f01da2d230bb,柏林印象小区,交通设施,公交车站,黑龙江省,哈尔滨市,呼兰区,211路;222路;231路;231路支线;松北新区环线2路,,0,0,126.600003,45.896968,,,http://map.baidu.com/,,,,,,,,,,,,,,,,,,,,0
c88d749b9804afc9b35c6a5a,哈三联,交通设施,公交车站,黑龙江省,哈尔滨市,呼兰区,223路,,0,0,126.598431,45.901401,,,http://map.baidu.com/,,,,,,,,,,,,,,,,,,,,0
d6c0ba0701f4ed0ccc06a45f,哈三联,交通设施,公交车站,黑龙江省,哈尔滨市,呼兰区,223路,,0,0,126.598303,45.901441,,,http://map.baidu.com/,,,,,,,,,,,,,,,,,,,,0
bb992b5e03473436990050a3,呼兰第一中学,交通设施,公交车站,黑龙江省,哈尔滨市,呼兰区,225路;230路;呼兰104路,,0,0,126.604783,45.893202,,,http://map.baidu.com/,,,,,,,,,,,,,,,,,,,,0
00416fef4b914788c61b753b,呼兰大道(和谐路路口),交通设施,公交车站,黑龙江省,哈尔滨市,呼兰区,207路;231路;231路[哈铁文化小区支线];553路;松北新区环线1路,,0,0,126.615986,45.891626,,,http://map.baidu.com/,,,,,,,,,,,,,,,,,,,,0
15efe15bbaf7cb90715e8012,北京路(大成饲料),交通设施,公交车站,黑龙江省,哈尔滨市,呼兰区,207路;211路;222路;230路;呼兰104路,,0,0,126.610465,45.902377,,,http://map.baidu.com/,,,,,,,,,,,,,,,,,,,,0
fff3c5cacb399e0490114c48,利民镇,交通设施,公交车站,黑龙江省,哈尔滨市,呼兰区,207路;211路;222路;230路;553路;呼兰104路,,0,0,126.606121,45.906677,,,http://map.baidu.com/,,,,,,,,,,,,,,,,,,,,0
b186ce06f00686cd02294fa3,呼兰区国土局,交通设施,公交车站,黑龙江省,哈尔滨市,呼兰区,呼兰104路,,0,0,126.604838,45.897393,,,http://map.baidu.com/,,,,,,,,,,,,,,,,,,,,0
93107bde061e354cd2ff2387,轴承有限公司,交通设施,公交车站,黑龙江省,哈尔滨市,呼兰区,225路,,0,0,126.619414,45.896763,,,http://map.baidu.com/,,,,,,,,,,,,,,,,,,,,0
4c7ae62aa03b85b354bfff0a,安康路,交通设施,公交车站,黑龙江省,哈尔滨市,呼兰区,225路,,0,0,126.597661,45.891822,,,http://map.baidu.com/,,,,,,,,,,,,,,,,,,,,0
bb2370505009e0d5ea1e9771,呼兰大道(和谐路口),交通设施,公交车站,黑龙江省,哈尔滨市,呼兰区,207路;231路;231路支线;553路;松北新区环线2路,,0,0,126.616017,45.891925,,,http://map.baidu.com/,,,,,,,,,,,,,,,,,,,,0
f59c9909f74fa38bc9e33ce5,松北轴承厂,交通设施,公交车站,黑龙江省,哈尔滨市,呼兰区,223路;呼兰9路,,0,0,126.592515,45.901378,,,http://map.baidu.com/,,,,,,,,,,,,,,,,,,,,0
a467ae03dcafbc1a4207c1b8,三联药厂,交通设施,公交车站,黑龙江省,哈尔滨市,呼兰区,呼兰9路,,0,0,126.597763,45.901026,,,http://map.baidu.com/,,,,,,,,,,,,,,,,,,,,0
74c23b9797345582940319e2,东兴街,交通设施,公交车站,黑龙江省,哈尔滨市,呼兰区,225路,,0,0,126.624704,45.896667,,,http://map.baidu.com/,,,,,,,,,,,,,,,,,,,,0
eb533073b6819050b020a833,哈轴路,交通设施,公交车站,黑龙江省,哈尔滨市,呼兰区,207路;231路;231路[哈铁文化小区支线];231路支线;松北新区环线1路;松北新区环线2路,,0,0,126.618396,45.886771,,,http://map.baidu.com/,,,,,,,,,,,,,,,,,,,,0
3c5224ab795f4edd30621221,三联制药,交通设施,公交车站,黑龙江省,哈尔滨市,呼兰区,呼兰9路,,0,0,126.597851,45.900323,,,http://map.baidu.com/,,,,,,,,,,,,,,,,,,,,0
f50e811bb02dfc77283a9f0e,安康福利院,交通设施,公交车站,黑龙江省,哈尔滨市,呼兰区,225路,,0,0,126.59757,45.887774,,,http://map.baidu.com/,,,,,,,,,,,,,,,,,,,,0
1ac3a90c3b99efcf8bfc0681,安康福利院,交通设施,公交车站,黑龙江省,哈尔滨市,呼兰区,225路,,0,0,126.597647,45.887685,,,http://map.baidu.com/,,,,,,,,,,,,,,,,,,,,0
6f018413e2cf0d0c79dbd2f4,正阳河酱油厂,交通设施,公交车站,黑龙江省,哈尔滨市,呼兰区,225路,,0,0,126.604773,45.887867,,,http://map.baidu.com/,,,,,,,,,,,,,,,,,,,,0
f8f7d66d15e22b9c32f71d17,丰江路东兴街,交通设施,公交车站,黑龙江省,哈尔滨市,呼兰区,223路,,0,0,126.629973,45.900926,,,http://map.baidu.com/,,,,,,,,,,,,,,,,,,,,0
a46787504c4d3a09c8fa5fad,哈三联,交通设施,公交车站,黑龙江省,哈尔滨市,呼兰区,223路,,0,0,126.598559,45.90136,,,http://map.baidu.com/,,,,,,,,,,,,,,,,,,,,0
59d391b14420dd8d7bf7966c,江霆华府小区二期,交通设施,公交车站,黑龙江省,哈尔滨市,呼兰区,225路,,0,0,126.615537,45.89689,,,http://map.baidu.com/,,,,,,,,,,,,,,,,,,,,0
45caf9a20b76c126b2077d7f,柏林印象小区,交通设施,公交车站,黑龙江省,哈尔滨市,呼兰区,211路;222路;231路;231路[哈铁文化小区支线];231路支线;松北新区环线1路;松北新区环线2路,,0,0,126.600227,45.896911,,,http://map.baidu.com/,,,,,,,,,,,,,,,,,,,,0
e196ef05eb46dfdb96ec8450,安康路,交通设施,公交车站,黑龙江省,哈尔滨市,呼兰区,225路,,0,0,126.597621,45.891758,,,http://map.baidu.com/,,,,,,,,,,,,,,,,,,,,0
e30a2c17cc844e9cad31e50f,广电佳园小区,交通设施,公交车站,黑龙江省,哈尔滨市,松北区,225路;230路;呼兰104路,,0,0,126.593373,45.892564,,,http://map.baidu.com/,,,,,,,,,,,,,,,,,,,,0
fede4e0dddddbb14873304af,安康路,交通设施,公交车站,黑龙江省,哈尔滨市,呼兰区,225路,,0,0,126.597702,45.891887,,,http://map.baidu.com/,,,,,,,,,,,,,,,,,,,,0
3de1d9586870f452ae045705,金马花园小区,交通设施,公交车站,黑龙江省,哈尔滨市,呼兰区,211路;222路;225路;231路;231路[哈铁文化小区支线];231路支线;呼兰9路;松北新区环线1路;松北新区环线2路,,0,0,126.588316,45.896843,,,http://map.baidu.com/,,,,,,,,,,,,,,,,,,,,0
f8dfa35076f882cc30621211,滨才星城小区,交通设施,公交车站,黑龙江省,哈尔滨市,呼兰区,207路;211路;222路;230路;553路;呼兰104路,,0,0,126.601521,45.910513,,,http://map.baidu.com/,,,,,,,,,,,,,,,,,,,,0
d30f44d5507710d7a1d23079,食品工业研究所,交通设施,公交车站,黑龙江省,哈尔滨市,呼兰区,225路,,0,0,126.629794,45.896554,,,http://map.baidu.com/,,,,,,,,,,,,,,,,,,,,0
c4e2375e2f8aa63f911fc94e,东兴街,交通设施,公交车站,黑龙江省,哈尔滨市,呼兰区,225路,,0,0,126.624423,45.89661,,,http://map.baidu.com/,,,,,,,,,,,,,,,,,,,,0
42e28ccad9af69048605bfdd,东兴街,交通设施,公交车站,黑龙江省,哈尔滨市,呼兰区,225路,,0,0,126.624986,45.896725,,,http://map.baidu.com/,,,,,,,,,,,,,,,,,,,,0
fa1dd09a6e1dbcea45572677,呼兰区政府,交通设施,公交车站,黑龙江省,哈尔滨市,呼兰区,211路;222路;231路;231路[哈铁文化小区支线];231路支线;呼兰9路;松北新区环线1路;松北新区环线2路,,0,0,126.595056,45.896876,,,http://map.baidu.com/,,,,,,,,,,,,,,,,,,,,0
9e255e083a543e953617dc96,安康福利院,交通设施,公交车站,黑龙江省,哈尔滨市,呼兰区,225路,,0,0,126.597608,45.88773,,,http://map.baidu.com/,,,,,,,,,,,,,,,,,,,,0
36fcd341b2ebc21ce8e58281,东侨国际小区,交通设施,公交车站,黑龙江省,哈尔滨市,呼兰区,225路,,0,0,126.601547,45.887493,,,http://map.baidu.com/,,,,,,,,,,,,,,,,,,,,0
938bf6c07deda1e0ad31e541,丰江路北黑公路,交通设施,公交车站,黑龙江省,哈尔滨市,呼兰区,223路,,0,0,126.672637,45.900242,,,http://map.baidu.com/,,,,,,,,,,,,,,,,,,,,0
caa5b9b823ad688e32f71df7,丰江路北黑公路,交通设施,公交车站,黑龙江省,哈尔滨市,呼兰区,223路,,0,0,126.672777,45.900348,,,http://map.baidu.com/,,,,,,,,,,,,,,,,,,,,0
3b34bfaac9deed2f9c09f7b3,丰江路北黑公路,交通设施,公交车站,黑龙江省,哈尔滨市,呼兰区,223路,,0,0,126.672917,45.900455,,,http://map.baidu.com/,,,,,,,,,,,,,,,,,,,,0
b5930370c6657a5cf603b8d2,食品工业研究所,交通设施,公交车站,黑龙江省,哈尔滨市,呼兰区,225路,,0,0,126.629899,45.896616,,,http://map.baidu.com/,,,,,,,,,,,,,,,,,,,,0
f8f7d66d15e22b9c32f71d17,丰江路东兴街,交通设施,公交车站,黑龙江省,哈尔滨市,呼兰区,223路,,0,0,126.629973,45.900926,,,http://map.baidu.com/,,,,,,,,,,,,,,,,,,,,0
05967b04ca77f2d604fef51d,丰江路东兴街,交通设施,公交车站,黑龙江省,哈尔滨市,呼兰区,223路,,0,0,126.629973,45.900926,,,http://map.baidu.com/,,,,,,,,,,,,,,,,,,,,0
d30f44d5507710d7a1d23079,食品工业研究所,交通设施,公交车站,黑龙江省,哈尔滨市,呼兰区,225路,,0,0,126.629794,45.896554,,,http://map.baidu.com/,,,,,,,,,,,,,,,,,,,,0
42e28ccad9af69048605bfdd,东兴街,交通设施,公交车站,黑龙江省,哈尔滨市,呼兰区,225路,,0,0,126.624986,45.896725,,,http://map.baidu.com/,,,,,,,,,,,,,,,,,,,,0
dd667fbcf12509e881a12ed6,冰雪影都,交通设施,公交车站,黑龙江省,哈尔滨市,呼兰区,223路,,0,0,126.693591,45.898227,,,http://map.baidu.com/,,,,,,,,,,,,,,,,,,,,0
831845648d7c694bae0457d2,冰雪影都,交通设施,公交车站,黑龙江省,哈尔滨市,呼兰区,223路,,0,0,126.693456,45.898131,,,http://map.baidu.com/,,,,,,,,,,,,,,,,,,,,0
3ad64ef20be5f1b0cb2915fd,冰雪影都,交通设施,公交车站,黑龙江省,哈尔滨市,呼兰区,223路,,0,0,126.693523,45.898179,,,http://map.baidu.com/,,,,,,,,,,,,,,,,,,,,0
3b34bfaac9deed2f9c09f7b3,丰江路北黑公路,交通设施,公交车站,黑龙江省,哈尔滨市,呼兰区,223路,,0,0,126.672917,45.900455,,,http://map.baidu.com/,,,,,,,,,,,,,,,,,,,,0
caa5b9b823ad688e32f71df7,丰江路北黑公路,交通设施,公交车站,黑龙江省,哈尔滨市,呼兰区,223路,,0,0,126.672777,45.900348,,,http://map.baidu.com/,,,,,,,,,,,,,,,,,,,,0
938bf6c07deda1e0ad31e541,丰江路北黑公路,交通设施,公交车站,黑龙江省,哈尔滨市,呼兰区,223路,,0,0,126.672637,45.900242,,,http://map.baidu.com/,,,,,,,,,,,,,,,,,,,,0
f80748f28b36ef91bfa822df,滨江湿地,交通设施,公交车站,黑龙江省,哈尔滨市,道外区,375路,,0,0,126.796476,45.889904,,,http://map.baidu.com/,,,,,,,,,,,,,,,,,,,,0
f80748f28b36ef91bfa822df,滨江湿地,交通设施,公交车站,黑龙江省,哈尔滨市,道外区,375路,,0,0,126.796476,45.889904,,,http://map.baidu.com/,,,,,,,,,,,,,,,,,,,,0
eea5cb5c9eb04e5e774ff1a3,松花湾九号公馆,交通设施,公交车站,黑龙江省,哈尔滨市,道外区,375路,,0,0,126.80189,45.887078,,,http://map.baidu.com/,,,,,,,,,,,,,,,,,,,,0
ec482bf6eb558dd6eb1e973f,松滨,交通设施,公交车站,黑龙江省,哈尔滨市,道外区,339路白渔泡支线;355路白渔泡支线,,0,0,126.906346,45.891195,,,http://map.baidu.com/,,,,,,,,,,,,,,,,,,,,0
dc7a6952a7ee2b5bc42ba186,松滨监狱,交通设施,公交车站,黑龙江省,哈尔滨市,道外区,339路白渔泡支线;355路白渔泡支线,,0,0,126.906586,45.889,,,http://map.baidu.com/,,,,,,,,,,,,,,,,,,,,0
ebd675c5ffd4cae817c8f6b6,白渔泡湿地公园,交通设施,公交车站,黑龙江省,哈尔滨市,道外区,339路白渔泡支线;355路白渔泡支线,,0,0,126.912584,45.910756,,,http://map.baidu.com/,,,,,,,,,,,,,,,,,,,,0
cb8475f6c70e081a754ff176,白渔泡第一专科医院,交通设施,公交车站,黑龙江省,哈尔滨市,道外区,339路白渔泡支线;355路白渔泡支线,,0,0,126.909799,45.912007,,,http://map.baidu.com/,,,,,,,,,,,,,,,,,,,,0
166fdd9926834a9f400245fa,杏山屯,交通设施,公交车站,黑龙江省,哈尔滨市,道外区,339路;355路巨源支线,,0,0,126.951366,45.903062,,,http://map.baidu.com/,,,,,,,,,,,,,,,,,,,,0
7309aebcc048712dc7f025f4,杏山屯,交通设施,公交车站,黑龙江省,哈尔滨市,道外区,339路;355路巨源支线,,0,0,126.951366,45.903062,,,http://map.baidu.com/,,,,,,,,,,,,,,,,,,,,0
ecd946cd0a80b31c2b11d137,曹家,交通设施,公交车站,黑龙江省,哈尔滨市,道外区,339路;355路;355路巨源支线,,0,0,126.944208,45.887314,,,http://map.baidu.com/,,,,,,,,,,,,,,,,,,,,0
b1b4174480f07fbc4bcc4acf,三家凤,交通设施,公交车站,黑龙江省,哈尔滨市,道外区,339路;355路巨源支线,,0,0,126.953639,45.910416,,,http://map.baidu.com/,,,,,,,,,,,,,,,,,,,,0
e3c03deb4c726b35940319a8,新坊,交通设施,公交车站,黑龙江省,哈尔滨市,道外区,郊5路巨源支线,,0,0,127.031592,45.895027,,,http://map.baidu.com/,,,,,,,,,,,,,,,,,,,,0
bc28970a020bc05fb020a8b4,李牛屯,交通设施,公交车站,黑龙江省,哈尔滨市,道外区,郊5路巨源支线,,0,0,127.027729,45.903102,,,http://map.baidu.com/,,,,,,,,,,,,,,,,,,,,0
400af1e770baa0b450e5c512,双合屯,交通设施,公交车站,黑龙江省,哈尔滨市,道外区,郊5路巨源支线,,0,0,127.02016,45.909668,,,http://map.baidu.com/,,,,,,,,,,,,,,,,,,,,0
7643b6ab2a7a884e94ec843d,对青粮库,交通设施,公交车站,黑龙江省,哈尔滨市,松北区,396路,,0,0,126.358559,45.932591,,,http://map.baidu.com/,,,,,,,,,,,,,,,,,,,,0
96e3031449440c7ab2077de3,一分利,交通设施,公交车站,黑龙江省,哈尔滨市,松北区,396路,,0,0,126.35539,45.933442,,,http://map.baidu.com/,,,,,,,,,,,,,,,,,,,,0
2fb452da3426f20bb42655a1,对青山镇,交通设施,公交车站,黑龙江省,哈尔滨市,松北区,396路,,0,0,126.350484,45.935993,,,http://map.baidu.com/,,,,,,,,,,,,,,,,,,,,0
35d389e24e59ccb93fe23100,弹棉花,交通设施,公交车站,黑龙江省,哈尔滨市,松北区,396路,,0,0,126.364099,45.929931,,,http://map.baidu.com/,,,,,,,,,,,,,,,,,,,,0
08b2cef5a2d527c95d0d02e2,对青山镇,交通设施,公交车站,黑龙江省,哈尔滨市,松北区,396路,,0,0,126.350577,45.936064,,,http://map.baidu.com/,,,,,,,,,,,,,,,,,,,,0
0ce5c394e70bd2ceb54f5441,山后村道口,交通设施,公交车站,黑龙江省,哈尔滨市,松北区,396路,,0,0,126.372779,45.922552,,,http://map.baidu.com/,,,,,,,,,,,,,,,,,,,,0
a025317c068bda36c91b95f2,对青山鹅业,交通设施,公交车站,黑龙江省,哈尔滨市,松北区,396路,,0,0,126.369611,45.925231,,,http://map.baidu.com/,,,,,,,,,,,,,,,,,,,,0
37410f69920986abdeee8ba7,将军村,交通设施,公交车站,黑龙江省,哈尔滨市,松北区,346路万乐支线,,0,0,126.439521,45.934871,,,http://map.baidu.com/,,,,,,,,,,,,,,,,,,,,0
6506e06297624483d618b730,刘显章屯,交通设施,公交车站,黑龙江省,哈尔滨市,松北区,346路万乐支线,,0,0,126.453891,45.920267,,,http://map.baidu.com/,,,,,,,,,,,,,,,,,,,,0
97e7e1a7c34d57e88505bf93,裴家屯,交通设施,公交车站,黑龙江省,哈尔滨市,呼兰区,231路,,0,0,126.567316,45.935722,,,http://map.baidu.com/,,,,,,,,,,,,,,,,,,,,0
a71da70ef97cb4ebf03cbae0,朱家,交通设施,公交车站,黑龙江省,哈尔滨市,呼兰区,231路,,0,0,126.575256,45.92844,,,http://map.baidu.com/,,,,,,,,,,,,,,,,,,,,0
135a27c5143cd80d4c6d4682,朱家,交通设施,公交车站,黑龙江省,哈尔滨市,呼兰区,207路;231路;701路;呼兰108路,,0,0,126.575535,45.927757,,,http://map.baidu.com/,,,,,,,,,,,,,,,,,,,,0
b6a40364cd24e9ca58109305,裴家屯,交通设施,公交车站,黑龙江省,哈尔滨市,呼兰区,231路,,0,0,126.567362,45.935841,,,http://map.baidu.com/,,,,,,,,,,,,,,,,,,,,0
b55804de28fd82daa3a93447,裴家屯,交通设施,公交车站,黑龙江省,哈尔滨市,呼兰区,231路,,0,0,126.567362,45.935841,,,http://map.baidu.com/,,,,,,,,,,,,,,,,,,,,0
fae580eefc6b567221f017c9,高金食品,交通设施,公交车站,黑龙江省,哈尔滨市,呼兰区,呼兰108路,,0,0,126.562351,45.927937,,,http://map.baidu.com/,,,,,,,,,,,,,,,,,,,,0
dbc8fef98d6a535eb04c49d1,朱家[机场巴士站],交通设施,公交车站,黑龙江省,哈尔滨市,呼兰区,机场大巴4号线,,0,0,126.576328,45.927438,,,http://map.baidu.com/,,,,,,,,,,,,,,,,,,,,0
fda28bf75b98b5d3d6b74edb,北盛路(利民西二大街口),交通设施,公交车站,黑龙江省,哈尔滨市,呼兰区,呼兰108路,,0,0,126.559098,45.927853,,,http://map.baidu.com/,,,,,,,,,,,,,,,,,,,,0
4cc75f6083bd14213ae4a6a1,北盛路(利民西二大街口),交通设施,公交车站,黑龙江省,哈尔滨市,呼兰区,呼兰108路,,0,0,126.558816,45.927745,,,http://map.baidu.com/,,,,,,,,,,,,,,,,,,,,0
3248eff19b48b90e1fe99984,北盛路(利民西二大街口),交通设施,公交车站,黑龙江省,哈尔滨市,呼兰区,呼兰108路,,0,0,126.558534,45.927637,,,http://map.baidu.com/,,,,,,,,,,,,,,,,,,,,0
9842751ca7e09c794e5547bb,泽龙康药业,交通设施,公交车站,黑龙江省,哈尔滨市,呼兰区,呼兰108路,,0,0,126.566772,45.927977,,,http://map.baidu.com/,,,,,,,,,,,,,,,,,,,,0
4def56702203e620aecb66a0,瑞鑫食品厂,交通设施,公交车站,黑龙江省,哈尔滨市,呼兰区,呼兰108路,,0,0,126.579139,45.928974,,,http://map.baidu.com/,,,,,,,,,,,,,,,,,,,,0
03c6aba8cf54c8d528201a46,瑞鑫食品厂,交通设施,公交车站,黑龙江省,哈尔滨市,呼兰区,呼兰108路,,0,0,126.579142,45.92883,,,http://map.baidu.com/,,,,,,,,,,,,,,,,,,,,0
d3345eff09c36a4676e5b6e9,朱家[城际公交站],交通设施,公交车站,黑龙江省,哈尔滨市,呼兰区,207路;701路;机场大巴4号线,,0,0,126.576224,45.927442,,,http://map.baidu.com/,,,,,,,,,,,,,,,,,,,,0
a98cd1cea37f08c514b54bb6,朱家[机场巴士站],交通设施,公交车站,黑龙江省,哈尔滨市,呼兰区,机场大巴4号线,,0,0,126.576432,45.927434,,,http://map.baidu.com/,,,,,,,,,,,,,,,,,,,,0
bec4efac5fbcd8cf8505bf3b,圣泰生物,交通设施,公交车站,黑龙江省,哈尔滨市,呼兰区,呼兰108路,,0,0,126.558602,45.920865,,,http://map.baidu.com/,,,,,,,,,,,,,,,,,,,,0
4999625aa97322fb49fd3f65,大王家,交通设施,公交车站,黑龙江省,哈尔滨市,呼兰区,207路;230路;呼兰108路,,0,0,126.584189,45.937977,,,http://map.baidu.com/,,,,,,,,,,,,,,,,,,,,0
188d1017d5d7dc1fad31e5f4,利民西二大街(昌盛路口),交通设施,公交车站,黑龙江省,哈尔滨市,呼兰区,呼兰108路,,0,0,126.558585,45.922778,,,http://map.baidu.com/,,,,,,,,,,,,,,,,,,,,0
8951b50a340209a09d82ea13,利民西二大街(昌盛路口),交通设施,公交车站,黑龙江省,哈尔滨市,呼兰区,呼兰108路,,0,0,126.558518,45.922743,,,http://map.baidu.com/,,,,,,,,,,,,,,,,,,,,0
2a340e53da2d2e999de3211c,正大集团(四平路),交通设施,公交车站,黑龙江省,哈尔滨市,呼兰区,呼兰108路,,0,0,126.582349,45.929762,,,http://map.baidu.com/,,,,,,,,,,,,,,,,,,,,0
461fcf5bd4b2f45251e5c567,正大集团(四平路),交通设施,公交车站,黑龙江省,哈尔滨市,呼兰区,207路;呼兰108路,,0,0,126.581883,45.929512,,,http://map.baidu.com/,,,,,,,,,,,,,,,,,,,,0
2e8e70a318b023d77c29bd18,朱家[城际公交站],交通设施,公交车站,黑龙江省,哈尔滨市,呼兰区,207路;701路;机场大巴4号线,,0,0,126.576858,45.926976,,,http://map.baidu.com/,,,,,,,,,,,,,,,,,,,,0
0fc352ec8dcba7886fa3cc1a,康隆药业,交通设施,公交车站,黑龙江省,哈尔滨市,呼兰区,呼兰108路,,0,0,126.55858,45.925406,,,http://map.baidu.com/,,,,,,,,,,,,,,,,,,,,0
ffef0b06fff9a863f6c59cb3,富佳新天地小区,交通设施,公交车站,黑龙江省,哈尔滨市,呼兰区,212路,,0,0,126.582229,45.918333,,,http://map.baidu.com/,,,,,,,,,,,,,,,,,,,,0
37d488a86a6e93efb9df8f88,圣泰生物,交通设施,公交车站,黑龙江省,哈尔滨市,呼兰区,呼兰108路,,0,0,126.558544,45.921132,,,http://map.baidu.com/,,,,,,,,,,,,,,,,,,,,0
0ec966011397d2a7fb221309,宝安路(利民西二大街口),交通设施,公交车站,黑龙江省,哈尔滨市,呼兰区,212路,,0,0,126.559143,45.917996,,,http://map.baidu.com/,,,,,,,,,,,,,,,,,,,,0
45ae6480a2ebbc050f0a70b4,富佳新天地小区二期,交通设施,公交车站,黑龙江省,哈尔滨市,呼兰区,212路,,0,0,126.575337,45.91823,,,http://map.baidu.com/,,,,,,,,,,,,,,,,,,,,0
e21dc8ab94a3d078223bf2f8,富佳新天地小区二期,交通设施,公交车站,黑龙江省,哈尔滨市,呼兰区,212路,,0,0,126.575669,45.918235,,,http://map.baidu.com/,,,,,,,,,,,,,,,,,,,,0
00ad40b2cb894c05c17da288,富佳新天地小区二期,交通设施,公交车站,黑龙江省,哈尔滨市,呼兰区,212路,,0,0,126.576001,45.91824,,,http://map.baidu.com/,,,,,,,,,,,,,,,,,,,,0
e6fdcd6d03f57da66240a927,三力纸箱,交通设施,公交车站,黑龙江省,哈尔滨市,呼兰区,呼兰108路,,0,0,126.558495,45.917053,,,http://map.baidu.com/,,,,,,,,,,,,,,,,,,,,0
b9785026b4a11a052afc48de,利民西二大街(昌盛路口),交通设施,公交车站,黑龙江省,哈尔滨市,呼兰区,呼兰108路,,0,0,126.558651,45.922813,,,http://map.baidu.com/,,,,,,,,,,,,,,,,,,,,0
751d23953ad203b4922ca382,大王家,交通设施,公交车站,黑龙江省,哈尔滨市,呼兰区,207路;230路;231路[哈铁文化小区支线];231路支线;呼兰104路;呼兰108路;呼兰108路直行线;呼兰9路,,0,0,126.584527,45.938254,,,http://map.baidu.com/,,,,,,,,,,,,,,,,,,,,0
7c92c4806083588d9ee3211c,丰盛线缆,交通设施,公交车站,黑龙江省,哈尔滨市,呼兰区,呼兰108路,,0,0,126.558535,45.919702,,,http://map.baidu.com/,,,,,,,,,,,,,,,,,,,,0
4c5d416e78fc8adcfe0eb0f7,正大集团(四平路),交通设施,公交车站,黑龙江省,哈尔滨市,呼兰区,207路;呼兰108路,,0,0,126.582112,45.929636,,,http://map.baidu.com/,,,,,,,,,,,,,,,,,,,,0
db75875a0568a15d110daa53,正大集团,交通设施,公交车站,黑龙江省,哈尔滨市,呼兰区,230路;231路[哈铁文化小区支线];231路支线;551路;552路;553路;呼兰104路;呼兰108路直行线;呼兰9路,,0,0,126.583102,45.926874,,,http://map.baidu.com/,,,,,,,,,,,,,,,,,,,,0
0c49376530725dc19c09f7bd,瑞鑫食品厂,交通设施,公交车站,黑龙江省,哈尔滨市,呼兰区,呼兰108路,,0,0,126.579141,45.928902,,,http://map.baidu.com/,,,,,,,,,,,,,,,,,,,,0
cb1836df378c1b852b11d1c1,宝安路(利民西二大街口),交通设施,公交车站,黑龙江省,哈尔滨市,呼兰区,212路,,0,0,126.558998,45.91804,,,http://map.baidu.com/,,,,,,,,,,,,,,,,,,,,0
10a30fd21023f60d30169b64,宝安路(利民西二大街口),交通设施,公交车站,黑龙江省,哈尔滨市,呼兰区,212路,,0,0,126.559289,45.917953,,,http://map.baidu.com/,,,,,,,,,,,,,,,,,,,,0
ce5a6044fcb2f8fe11882499,哈药集团制药总厂,交通设施,公交车站,黑龙江省,哈尔滨市,松北区,231路,,0,0,126.5581,45.945783,,,http://map.baidu.com/,,,,,,,,,,,,,,,,,,,,0
4999625aa97322fb49fd3f65,大王家,交通设施,公交车站,黑龙江省,哈尔滨市,呼兰区,207路;230路;呼兰108路,,0,0,126.584189,45.937977,,,http://map.baidu.com/,,,,,,,,,,,,,,,,,,,,0
751d23953ad203b4922ca382,大王家,交通设施,公交车站,黑龙江省,哈尔滨市,呼兰区,207路;230路;231路[哈铁文化小区支线];231路支线;呼兰104路;呼兰108路;呼兰108路直行线;呼兰9路,,0,0,126.584527,45.938254,,,http://map.baidu.com/,,,,,,,,,,,,,,,,,,,,0
02ee3466322ac2ecdc1e520a,白渔村,交通设施,公交车站,黑龙江省,哈尔滨市,道外区,339路,,0,0,126.967652,45.924664,,,http://map.baidu.com/,,,,,,,,,,,,,,,,,,,,0
916a6078eab74c36ab175afc,学校道口,交通设施,公交车站,黑龙江省,哈尔滨市,道外区,339路;355路巨源支线,,0,0,126.964227,45.922129,,,http://map.baidu.com/,,,,,,,,,,,,,,,,,,,,0
eb337e2db1c51fd432169b5b,白渔村,交通设施,公交车站,黑龙江省,哈尔滨市,道外区,339路;355路巨源支线,,0,0,126.967728,45.924738,,,http://map.baidu.com/,,,,,,,,,,,,,,,,,,,,0
e2522061a5efe02257bfff5c,巨源,交通设施,公交车站,黑龙江省,哈尔滨市,道外区,339路;355路巨源支线;郊5路巨源支线,,0,0,126.985868,45.949278,,,http://map.baidu.com/,,,,,,,,,,,,,,,,,,,,0
1a9da1b972957fef5abbbcc1,白渔村东道口,交通设施,公交车站,黑龙江省,哈尔滨市,道外区,339路;355路巨源支线,,0,0,126.971443,45.928306,,,http://map.baidu.com/,,,,,,,,,,,,,,,,,,,,0
7591d2e3640262e754bfffa8,白渔村东道口,交通设施,公交车站,黑龙江省,哈尔滨市,道外区,339路;355路巨源支线,,0,0,126.971439,45.928303,,,http://map.baidu.com/,,,,,,,,,,,,,,,,,,,,0
6f923838cfdcaa12d518b7de,巨源,交通设施,公交车站,黑龙江省,哈尔滨市,道外区,郊5路巨源支线,,0,0,126.985426,45.949079,,,http://map.baidu.com/,,,,,,,,,,,,,,,,,,,,0
b70cf00d37e1d5b740024574,巨源,交通设施,公交车站,黑龙江省,哈尔滨市,道外区,郊5路巨源支线,,0,0,126.98546,45.949095,,,http://map.baidu.com/,,,,,,,,,,,,,,,,,,,,0
5c94a61238a8c140f6c59c52,白渔东道口,交通设施,公交车站,黑龙江省,哈尔滨市,道外区,339路;355路巨源支线,,0,0,126.971446,45.928309,,,http://map.baidu.com/,,,,,,,,,,,,,,,,,,,,0
02ee3466322ac2ecdc1e520a,白渔村,交通设施,公交车站,黑龙江省,哈尔滨市,道外区,339路,,0,0,126.967652,45.924664,,,http://map.baidu.com/,,,,,,,,,,,,,,,,,,,,0
d172470db5733e5bc9fa5f68,下林屯,交通设施,公交车站,黑龙江省,哈尔滨市,道外区,郊5路巨源支线,,0,0,126.983218,45.920733,,,http://map.baidu.com/,,,,,,,,,,,,,,,,,,,,0
2fa6411bdf1913018936ee8b,巨源镇转盘道,交通设施,公交车站,黑龙江省,哈尔滨市,道外区,339路;355路巨源支线;郊5路巨源支线,,0,0,126.980336,45.946741,,,http://map.baidu.com/,,,,,,,,,,,,,,,,,,,,0
daf63a7fa5c7efd39d9d682d,龙王庙,交通设施,公交车站,黑龙江省,哈尔滨市,道外区,339路;355路巨源支线,,0,0,126.975245,45.93445,,,http://map.baidu.com/,,,,,,,,,,,,,,,,,,,,0
0d04f263700c408ac0364484,巨源中学,交通设施,公交车站,黑龙江省,哈尔滨市,道外区,郊5路巨源支线,,0,0,126.983534,45.948224,,,http://map.baidu.com/,,,,,,,,,,,,,,,,,,,,0
aff54df1754cc2e2abf0cdd7,良种场,交通设施,公交车站,黑龙江省,哈尔滨市,道外区,339路;355路巨源支线,,0,0,126.977306,45.943137,,,http://map.baidu.com/,,,,,,,,,,,,,,,,,,,,0
5e2f5e1a6fe90114b5f42fac,巨源镇卫生院,交通设施,公交车站,黑龙江省,哈尔滨市,道外区,339路;355路巨源支线,,0,0,126.978203,45.945751,,,http://map.baidu.com/,,,,,,,,,,,,,,,,,,,,0
eb337e2db1c51fd432169b5b,白渔村,交通设施,公交车站,黑龙江省,哈尔滨市,道外区,339路;355路巨源支线,,0,0,126.967728,45.924738,,,http://map.baidu.com/,,,,,,,,,,,,,,,,,,,,0
d144ee29e4af01a2eaf85375,巨源中学,交通设施,公交车站,黑龙江省,哈尔滨市,道外区,339路;355路巨源支线;郊5路巨源支线,,0,0,126.983664,45.948284,,,http://map.baidu.com/,,,,,,,,,,,,,,,,,,,,0
1d8a8c97a805a70ae31103a3,巨源镇转盘道,交通设施,公交车站,黑龙江省,哈尔滨市,道外区,339路;355路巨源支线;郊5路巨源支线,,0,0,126.980406,45.946773,,,http://map.baidu.com/,,,,,,,,,,,,,,,,,,,,0
5274f80c9bd569f3465726aa,巨源镇转盘道,交通设施,公交车站,黑龙江省,哈尔滨市,道外区,339路;355路巨源支线;郊5路巨源支线,,0,0,126.980265,45.946708,,,http://map.baidu.com/,,,,,,,,,,,,,,,,,,,,0
7f20a8b813beecb3d1f49e86,乐业镇,交通设施,公交车站,黑龙江省,哈尔滨市,松北区,231路;701路,,0,0,126.523055,45.97208,,,http://map.baidu.com/,,,,,,,,,,,,,,,,,,,,0
35963a7968d044c7d72ce2c2,乐业镇,交通设施,公交车站,黑龙江省,哈尔滨市,松北区,231路,,0,0,126.52329,45.97179,,,http://map.baidu.com/,,,,,,,,,,,,,,,,,,,,0
2ab46cfab64cc08f9b68b4c2,乐业镇[城际公交站],交通设施,公交车站,黑龙江省,哈尔滨市,松北区,701路,,0,0,126.523305,45.971843,,,http://map.baidu.com/,,,,,,,,,,,,,,,,,,,,0
e1031647fb842097c7f025d3,王太屯,交通设施,公交车站,黑龙江省,哈尔滨市,松北区,231路,,0,0,126.534017,45.962029,,,http://map.baidu.com/,,,,,,,,,,,,,,,,,,,,0
14024d1564c8ff8d130daaa6,黑大公路(弘强路口),交通设施,公交车站,黑龙江省,哈尔滨市,松北区,231路,,0,0,126.541973,45.958015,,,http://map.baidu.com/,,,,,,,,,,,,,,,,,,,,0
355f49f915a1f8ff79f796c3,黑大公路(弘强路口),交通设施,公交车站,黑龙江省,哈尔滨市,松北区,231路,,0,0,126.54202,45.958051,,,http://map.baidu.com/,,,,,,,,,,,,,,,,,,,,0
56aa5540ead7fba04afd3f6f,黑大公路(弘强路口),交通设施,公交车站,黑龙江省,哈尔滨市,松北区,231路,,0,0,126.542067,45.958087,,,http://map.baidu.com/,,,,,,,,,,,,,,,,,,,,0
ddff560cdf14a202abf7291e,关家屯,交通设施,公交车站,黑龙江省,哈尔滨市,松北区,231路,,0,0,126.552956,45.950968,,,http://map.baidu.com/,,,,,,,,,,,,,,,,,,,,0
b8de27b758e6012a87330421,嘉润超市,交通设施,公交车站,黑龙江省,哈尔滨市,呼兰区,呼兰11路,,0,0,126.605192,45.981463,,,http://map.baidu.com/,,,,,,,,,,,,,,,,,,,,0
2b6a47a8171d043fdbd891d1,黑龙江省结核病医院,交通设施,公交车站,黑龙江省,哈尔滨市,呼兰区,呼兰2路;呼兰3路,,0,0,126.614478,45.98127,,,http://map.baidu.com/,,,,,,,,,,,,,,,,,,,,0
32fedaf1b94f2df9f8dc85d7,萧乡名苑,交通设施,公交车站,黑龙江省,哈尔滨市,呼兰区,呼兰10路,,0,0,126.611438,45.982685,,,http://map.baidu.com/,,,,,,,,,,,,,,,,,,,,0
230a42ac846cf1ab7adbd2e0,蓝河新城,交通设施,公交车站,黑龙江省,哈尔滨市,呼兰区,呼兰2路,,0,0,126.609235,45.980869,,,http://map.baidu.com/,,,,,,,,,,,,,,,,,,,,0
ff6824c6fc91c312bca822d4,义乌北,交通设施,公交车站,黑龙江省,哈尔滨市,呼兰区,呼兰104路;呼兰108路;呼兰108路直行线;呼兰9路,,0,0,126.591006,45.953084,,,http://map.baidu.com/,,,,,,,,,,,,,,,,,,,,0
5c66e2ba8fad28dcadcb666c,义乌北,交通设施,公交车站,黑龙江省,哈尔滨市,呼兰区,呼兰104路;呼兰108路;呼兰108路直行线;呼兰9路,,0,0,126.590749,45.952922,,,http://map.baidu.com/,,,,,,,,,,,,,,,,,,,,0
c29e565f26e3f01f873304b3,义乌北,交通设施,公交车站,黑龙江省,哈尔滨市,呼兰区,呼兰104路;呼兰108路;呼兰9路,,0,0,126.590406,45.952706,,,http://map.baidu.com/,,,,,,,,,,,,,,,,,,,,0
3dbc81216546846085420eff,呼兰区城建局,交通设施,公交车站,黑龙江省,哈尔滨市,呼兰区,呼兰2路,,0,0,126.607435,45.983245,,,http://map.baidu.com/,,,,,,,,,,,,,,,,,,,,0
077f1f6530e53e383be4a647,呼兰区幸福小学第二校区,交通设施,公交车站,黑龙江省,哈尔滨市,呼兰区,呼兰10路;呼兰3路;呼兰7路,,0,0,126.612999,45.982547,,,http://map.baidu.com/,,,,,,,,,,,,,,,,,,,,0
bdc2a1cdc55dc68a99005002,呼兰区幸福小学第二校区,交通设施,公交车站,黑龙江省,哈尔滨市,呼兰区,呼兰10路,,0,0,126.613715,45.982705,,,http://map.baidu.com/,,,,,,,,,,,,,,,,,,,,0
143cb4c5532edfbe9e95de14,呼兰区幸福小学第二校区,交通设施,公交车站,黑龙江省,哈尔滨市,呼兰区,呼兰3路,,0,0,126.612618,45.983027,,,http://map.baidu.com/,,,,,,,,,,,,,,,,,,,,0
f134691f98496be0cb213d91,呼兰区幸福小学第二校区,交通设施,公交车站,黑龙江省,哈尔滨市,呼兰区,呼兰3路,,0,0,126.612929,45.981638,,,http://map.baidu.com/,,,,,,,,,,,,,,,,,,,,0
a7d46fd71646515af33cba14,呼兰区第八中学,交通设施,公交车站,黑龙江省,哈尔滨市,呼兰区,呼兰10路,,0,0,126.615632,45.982633,,,http://map.baidu.com/,,,,,,,,,,,,,,,,,,,,0
21b245d49f82a0f82afc486f,萧红故居[机场巴士站],交通设施,公交车站,黑龙江省,哈尔滨市,呼兰区,机场大巴4号线,,0,0,126.614424,45.9819,,,http://map.baidu.com/,,,,,,,,,,,,,,,,,,,,0
5fe3097a9e324a4e4c554754,大江广厦,交通设施,公交车站,黑龙江省,哈尔滨市,呼兰区,551路;552路;553路;呼兰104路;呼兰108路;呼兰108路直行线;呼兰2路;呼兰9路,,0,0,126.607158,45.98163,,,http://map.baidu.com/,,,,,,,,,,,,,,,,,,,,0
b963b250b48043cb4254d7b3,呼兰区城建局,交通设施,公交车站,黑龙江省,哈尔滨市,呼兰区,呼兰11路;呼兰1路;呼兰2路,,0,0,126.607432,45.983384,,,http://map.baidu.com/,,,,,,,,,,,,,,,,,,,,0
88055946d51d3e8d4d3a593e,省四院,交通设施,公交车站,黑龙江省,哈尔滨市,呼兰区,呼兰11路,,0,0,126.614524,45.980996,,,http://map.baidu.com/,,,,,,,,,,,,,,,,,,,,0
70c6a6068cb81a7dee74f8d3,嘉润医院,交通设施,公交车站,黑龙江省,哈尔滨市,呼兰区,呼兰10路;呼兰7路,,0,0,126.60618,45.982474,,,http://map.baidu.com/,,,,,,,,,,,,,,,,,,,,0
e71b05e6020ad0fe583ac848,嘉润超市,交通设施,公交车站,黑龙江省,哈尔滨市,呼兰区,呼兰11路,,0,0,126.605192,45.981463,,,http://map.baidu.com/,,,,,,,,,,,,,,,,,,,,0
2ef3f3c8985e5a43d8d891e9,广夏花园,交通设施,公交车站,黑龙江省,哈尔滨市,呼兰区,呼兰10路;呼兰7路,,0,0,126.609029,45.982637,,,http://map.baidu.com/,,,,,,,,,,,,,,,,,,,,0
f67737ac93ca12ceabf72914,兰河新城,交通设施,公交车站,黑龙江省,哈尔滨市,呼兰区,呼兰11路;呼兰2路,,0,0,126.60868,45.980875,,,http://map.baidu.com/,,,,,,,,,,,,,,,,,,,,0
19eeb1dcaaf9ecefa5c756b0,蓝河新城,交通设施,公交车站,黑龙江省,哈尔滨市,呼兰区,呼兰2路,,0,0,126.609475,45.980804,,,http://map.baidu.com/,,,,,,,,,,,,,,,,,,,,0
845a6821407828a5b23c81f6,呼兰区幸福小学第二校区,交通设施,公交车站,黑龙江省,哈尔滨市,呼兰区,呼兰7路,,0,0,126.612734,45.982819,,,http://map.baidu.com/,,,,,,,,,,,,,,,,,,,,0
70305a79f5379fc03de23163,永兴胡同(文庙),交通设施,公交车站,黑龙江省,哈尔滨市,呼兰区,呼兰2路;呼兰3路,,0,0,126.618347,45.981658,,,http://map.baidu.com/,,,,,,,,,,,,,,,,,,,,0
86cdd2d2ea2ab87eddee8ba6,鹏达小区,交通设施,公交车站,黑龙江省,哈尔滨市,呼兰区,呼兰1路;呼兰7路,,0,0,126.604318,45.982227,,,http://map.baidu.com/,,,,,,,,,,,,,,,,,,,,0
933e77f5e28010cb25d2bb68,兰河名苑南门,交通设施,公交车站,黑龙江省,哈尔滨市,呼兰区,呼兰1路,,0,0,126.602333,45.981966,,,http://map.baidu.com/,,,,,,,,,,,,,,,,,,,,0
ec94905f2afc85af08f5eb60,萧乡名苑,交通设施,公交车站,黑龙江省,哈尔滨市,呼兰区,呼兰10路,,0,0,126.611438,45.982685,,,http://map.baidu.com/,,,,,,,,,,,,,,,,,,,,0
1cc37dfb418c7d9f715e80ff,呼兰区第八中学,交通设施,公交车站,黑龙江省,哈尔滨市,呼兰区,呼兰10路,,0,0,126.615622,45.982634,,,http://map.baidu.com/,,,,,,,,,,,,,,,,,,,,0
dae491b63f66bd070969d93d,呼兰区第八中学,交通设施,公交车站,黑龙江省,哈尔滨市,呼兰区,呼兰10路,,0,0,126.615642,45.982633,,,http://map.baidu.com/,,,,,,,,,,,,,,,,,,,,0
c5769adecb837cd2d1f49eb9,兰河村下坡,交通设施,公交车站,黑龙江省,哈尔滨市,呼兰区,呼兰3路,,0,0,126.664446,45.9649,,,http://map.baidu.com/,,,,,,,,,,,,,,,,,,,,0
428eac2aa7e028799d82ea4a,兰河村下坡,交通设施,公交车站,黑龙江省,哈尔滨市,呼兰区,呼兰3路,,0,0,126.664453,45.964902,,,http://map.baidu.com/,,,,,,,,,,,,,,,,,,,,0
1eec9e879a8a6255ca09f021,兰河村上坡,交通设施,公交车站,黑龙江省,哈尔滨市,呼兰区,呼兰3路,,0,0,126.663869,45.966408,,,http://map.baidu.com/,,,,,,,,,,,,,,,,,,,,0
51dced4cc409c0004054d7e8,兰河村上坡,交通设施,公交车站,黑龙江省,哈尔滨市,呼兰区,呼兰3路,,0,0,126.663925,45.966252,,,http://map.baidu.com/,,,,,,,,,,,,,,,,,,,,0
88be29f337406d4d52e5c5c2,兰河村上坡,交通设施,公交车站,黑龙江省,哈尔滨市,呼兰区,呼兰3路,,0,0,126.663814,45.966565,,,http://map.baidu.com/,,,,,,,,,,,,,,,,,,,,0
9e56a17869fd434eb7265537,兰河村道口,交通设施,公交车站,黑龙江省,哈尔滨市,呼兰区,呼兰3路,,0,0,126.669843,45.966384,,,http://map.baidu.com/,,,,,,,,,,,,,,,,,,,,0
659f158932765d8d43024535,兰河村下坡,交通设施,公交车站,黑龙江省,哈尔滨市,呼兰区,呼兰3路,,0,0,126.664439,45.964898,,,http://map.baidu.com/,,,,,,,,,,,,,,,,,,,,0
e00f39b24bbb096ddbd89169,三电厂,交通设施,公交车站,黑龙江省,哈尔滨市,松北区,呼兰3路,,0,0,126.657697,45.979704,,,http://map.baidu.com/,,,,,,,,,,,,,,,,,,,,0
b72aa907d73b95074c3a590b,兰河村道口,交通设施,公交车站,黑龙江省,哈尔滨市,呼兰区,呼兰3路,,0,0,126.66989,45.966399,,,http://map.baidu.com/,,,,,,,,,,,,,,,,,,,,0
03d3fdcb63daa5b1be4842db,兰河村道口,交通设施,公交车站,黑龙江省,哈尔滨市,呼兰区,呼兰3路,,0,0,126.669795,45.96637,,,http://map.baidu.com/,,,,,,,,,,,,,,,,,,,,0
00d7b3ea7cfe8150df1e52e9,二号门,交通设施,公交车站,黑龙江省,哈尔滨市,呼兰区,呼兰3路,,0,0,126.663834,45.973786,,,http://map.baidu.com/,,,,,,,,,,,,,,,,,,,,0
03c08e406050a1f58605bf8d,三电厂,交通设施,公交车站,黑龙江省,哈尔滨市,松北区,呼兰3路,,0,0,126.657804,45.979512,,,http://map.baidu.com/,,,,,,,,,,,,,,,,,,,,0
774cf07415693bf201294f5f,三电厂,交通设施,公交车站,黑龙江省,哈尔滨市,松北区,呼兰3路,,0,0,126.65759,45.979896,,,http://map.baidu.com/,,,,,,,,,,,,,,,,,,,,0
9e56a17869fd434eb7265537,兰河村道口,交通设施,公交车站,黑龙江省,哈尔滨市,呼兰区,呼兰3路,,0,0,126.669843,45.966384,,,http://map.baidu.com/,,,,,,,,,,,,,,,,,,,,0
c0a2dc36e59a1f32373a7121,呼口村,交通设施,公交车站,黑龙江省,哈尔滨市,呼兰区,呼兰3路,,0,0,126.6836,45.961633,,,http://map.baidu.com/,,,,,,,,,,,,,,,,,,,,0
af5f36a72ca997fdb6147fc5,呼口村口,交通设施,公交车站,黑龙江省,哈尔滨市,呼兰区,呼兰3路,,0,0,126.682631,45.963011,,,http://map.baidu.com/,,,,,,,,,,,,,,,,,,,,0
7f9525299dff27a0c4f0259b,呼口村村口,交通设施,公交车站,黑龙江省,哈尔滨市,呼兰区,呼兰3路,,0,0,126.682591,45.962875,,,http://map.baidu.com/,,,,,,,,,,,,,,,,,,,,0
b72aa907d73b95074c3a590b,兰河村道口,交通设施,公交车站,黑龙江省,哈尔滨市,呼兰区,呼兰3路,,0,0,126.66989,45.966399,,,http://map.baidu.com/,,,,,,,,,,,,,,,,,,,,0
03d3fdcb63daa5b1be4842db,兰河村道口,交通设施,公交车站,黑龙江省,哈尔滨市,呼兰区,呼兰3路,,0,0,126.669795,45.96637,,,http://map.baidu.com/,,,,,,,,,,,,,,,,,,,,0
e2522061a5efe02257bfff5c,巨源,交通设施,公交车站,黑龙江省,哈尔滨市,道外区,339路;355路巨源支线;郊5路巨源支线,,0,0,126.985868,45.949278,,,http://map.baidu.com/,,,,,,,,,,,,,,,,,,,,0
20f8a105b89b2bd41811d53c,巨源,交通设施,公交车站,黑龙江省,哈尔滨市,道外区,339路,,0,0,126.986796,45.949696,,,http://map.baidu.com/,,,,,,,,,,,,,,,,,,,,0
b70cf00d37e1d5b740024574,巨源,交通设施,公交车站,黑龙江省,哈尔滨市,道外区,郊5路巨源支线,,0,0,126.98546,45.949095,,,http://map.baidu.com/,,,,,,,,,,,,,,,,,,,,0
6f923838cfdcaa12d518b7de,巨源,交通设施,公交车站,黑龙江省,哈尔滨市,道外区,郊5路巨源支线,,0,0,126.985426,45.949079,,,http://map.baidu.com/,,,,,,,,,,,,,,,,,,,,0
0d04f263700c408ac0364484,巨源中学,交通设施,公交车站,黑龙江省,哈尔滨市,道外区,郊5路巨源支线,,0,0,126.983534,45.948224,,,http://map.baidu.com/,,,,,,,,,,,,,,,,,,,,0
d144ee29e4af01a2eaf85375,巨源中学,交通设施,公交车站,黑龙江省,哈尔滨市,道外区,339路;355路巨源支线;郊5路巨源支线,,0,0,126.983664,45.948284,,,http://map.baidu.com/,,,,,,,,,,,,,,,,,,,,0
6c535267aac2a78e774ff10d,富强村,交通设施,公交车站,黑龙江省,哈尔滨市,呼兰区,呼兰4路,,0,0,126.588713,46.006112,,,http://map.baidu.com/,,,,,,,,,,,,,,,,,,,,0
bce3483f5fd609cd16a19057,富强村,交通设施,公交车站,黑龙江省,哈尔滨市,呼兰区,呼兰4路,,0,0,126.588848,46.006134,,,http://map.baidu.com/,,,,,,,,,,,,,,,,,,,,0
7228ac79941401e55d0d027f,富强四队,交通设施,公交车站,黑龙江省,哈尔滨市,呼兰区,呼兰4路,,0,0,126.591535,45.999059,,,http://map.baidu.com/,,,,,,,,,,,,,,,,,,,,0
74ff25cb8ab1295817948e7d,富强村,交通设施,公交车站,黑龙江省,哈尔滨市,呼兰区,呼兰4路,,0,0,126.588848,46.006134,,,http://map.baidu.com/,,,,,,,,,,,,,,,,,,,,0
0438d7a57ff587cc51e5c5a5,富强村,交通设施,公交车站,黑龙江省,哈尔滨市,呼兰区,呼兰4路,,0,0,126.588713,46.006112,,,http://map.baidu.com/,,,,,,,,,,,,,,,,,,,,0
06e826e66a9f9be87069d3c9,砖厂道口,交通设施,公交车站,黑龙江省,哈尔滨市,呼兰区,呼兰4路,,0,0,126.589862,46.002825,,,http://map.baidu.com/,,,,,,,,,,,,,,,,,,,,0
75db082c9953753843e19290,小十字街,交通设施,公交车站,黑龙江省,哈尔滨市,呼兰区,呼兰2路,,0,0,126.609477,45.998645,,,http://map.baidu.com/,,,,,,,,,,,,,,,,,,,,0
4c465524a223263852e5c51f,小十字街,交通设施,公交车站,黑龙江省,哈尔滨市,呼兰区,呼兰3路,,0,0,126.609986,45.998975,,,http://map.baidu.com/,,,,,,,,,,,,,,,,,,,,0
aae763298d3c50eb3617dc7a,小十字街,交通设施,公交车站,黑龙江省,哈尔滨市,呼兰区,呼兰1路,,0,0,126.610006,45.999013,,,http://map.baidu.com/,,,,,,,,,,,,,,,,,,,,0
d753a8edb1b383dfc4f50d4c,小十字街,交通设施,公交车站,黑龙江省,哈尔滨市,呼兰区,呼兰1路;呼兰3路,,0,0,126.610188,45.999183,,,http://map.baidu.com/,,,,,,,,,,,,,,,,,,,,0
dcab2b9680180884c42ba1aa,道口,交通设施,公交车站,黑龙江省,哈尔滨市,呼兰区,呼兰2路,,0,0,126.608935,46.002646,,,http://map.baidu.com/,,,,,,,,,,,,,,,,,,,,0
da3b1cc840474312c41e5121,小十字街,交通设施,公交车站,黑龙江省,哈尔滨市,呼兰区,呼兰1路;呼兰2路;呼兰3路,,0,0,126.609883,45.998941,,,http://map.baidu.com/,,,,,,,,,,,,,,,,,,,,0
8d1f4bee806eeb902bb97c8c,广安嘉园,交通设施,公交车站,黑龙江省,哈尔滨市,呼兰区,呼兰11路,,0,0,126.612971,45.998548,,,http://map.baidu.com/,,,,,,,,,,,,,,,,,,,,0
1b3efea5f17f7d6802294f41,广安嘉园,交通设施,公交车站,黑龙江省,哈尔滨市,呼兰区,呼兰11路,,0,0,126.613002,45.998619,,,http://map.baidu.com/,,,,,,,,,,,,,,,,,,,,0
37cbfb76a272aa5616764355,兴和路,交通设施,公交车站,黑龙江省,哈尔滨市,呼兰区,呼兰11路,,0,0,126.614087,46.000735,,,http://map.baidu.com/,,,,,,,,,,,,,,,,,,,,0
bdc00a98db2bfea297ec84e9,兴和路,交通设施,公交车站,黑龙江省,哈尔滨市,呼兰区,呼兰11路,,0,0,126.614087,46.000735,,,http://map.baidu.com/,,,,,,,,,,,,,,,,,,,,0
34383a971fa30da2b1077d9e,呼兰区农机局,交通设施,公交车站,黑龙江省,哈尔滨市,呼兰区,呼兰2路;呼兰8路,,0,0,126.611912,45.99567,,,http://map.baidu.com/,,,,,,,,,,,,,,,,,,,,0
a4f5fba9215ffc0bf7e73b4d,城建路,交通设施,公交车站,黑龙江省,哈尔滨市,呼兰区,呼兰2路;呼兰3路,,0,0,126.609174,46.001773,,,http://map.baidu.com/,,,,,,,,,,,,,,,,,,,,0
b417a06ae1788a82a11de970,兴盛路,交通设施,公交车站,黑龙江省,哈尔滨市,呼兰区,呼兰11路,,0,0,126.615801,46.002478,,,http://map.baidu.com/,,,,,,,,,,,,,,,,,,,,0
6c5df2e12d6e1238c03644df,客运站,交通设施,公交车站,黑龙江省,哈尔滨市,呼兰区,呼兰11路;呼兰7路,,0,0,126.61487,45.991079,,,http://map.baidu.com/,,,,,,,,,,,,,,,,,,,,0
4ba34103c6c237dc6f3e1b56,加油站,交通设施,公交车站,黑龙江省,哈尔滨市,呼兰区,呼兰5路;呼兰6路,,0,0,126.625262,45.997852,,,http://map.baidu.com/,,,,,,,,,,,,,,,,,,,,0
a7e4baa7e4ae65ec4f3a5988,西环路,交通设施,公交车站,黑龙江省,哈尔滨市,呼兰区,呼兰4路,,0,0,126.604446,45.994744,,,http://map.baidu.com/,,,,,,,,,,,,,,,,,,,,0
bf08f07ae4256b038a36ee65,呼兰区肉食加工厂,交通设施,公交车站,黑龙江省,哈尔滨市,呼兰区,呼兰1路,,0,0,126.612572,46.001848,,,http://map.baidu.com/,,,,,,,,,,,,,,,,,,,,0
9058d113e4d0b18fb6f42ff3,呼兰区第二中学,交通设施,公交车站,黑龙江省,哈尔滨市,呼兰区,呼兰3路,,0,0,126.609084,46.001822,,,http://map.baidu.com/,,,,,,,,,,,,,,,,,,,,0
2f0dd1c2929358ea2de67b45,酒厂,交通设施,公交车站,黑龙江省,哈尔滨市,呼兰区,呼兰11路,,0,0,126.617332,46.004854,,,http://map.baidu.com/,,,,,,,,,,,,,,,,,,,,0
b793f5d0baa41374882fb591,金街北,交通设施,公交车站,黑龙江省,哈尔滨市,呼兰区,呼兰1路;呼兰3路,,0,0,126.608983,45.996015,,,http://map.baidu.com/,,,,,,,,,,,,,,,,,,,,0
50b178fde2989f5f4bcc4af0,兴盛路,交通设施,公交车站,黑龙江省,哈尔滨市,呼兰区,呼兰11路,,0,0,126.615801,46.002478,,,http://map.baidu.com/,,,,,,,,,,,,,,,,,,,,0
0caf0afe687598bd97ec840e,呼兰公路客运站,交通设施,公交车站,黑龙江省,哈尔滨市,呼兰区,呼兰11路;呼兰7路,,0,0,126.614825,45.991195,,,http://map.baidu.com/,,,,,,,,,,,,,,,,,,,,0
1435067b9209d8931e1d112b,呼兰区第四中学,交通设施,公交车站,黑龙江省,哈尔滨市,呼兰区,呼兰2路;呼兰8路,,0,0,126.611448,45.993203,,,http://map.baidu.com/,,,,,,,,,,,,,,,,,,,,0
e572ea52a78a606a9d95deb2,师专路,交通设施,公交车站,黑龙江省,哈尔滨市,呼兰区,呼兰11路;呼兰5路;呼兰6路;呼兰7路;呼兰8路,,0,0,126.617959,45.993555,,,http://map.baidu.com/,,,,,,,,,,,,,,,,,,,,0
f70e21d68a43fd649d82ea66,四副食,交通设施,公交车站,黑龙江省,哈尔滨市,呼兰区,551路;552路;553路;呼兰104路;呼兰108路直行线;呼兰11路;呼兰1路;呼兰2路;呼兰5路;呼兰9路,,0,0,126.60742,45.985227,,,http://map.baidu.com/,,,,,,,,,,,,,,,,,,,,0
c0884b10ebac2908a5da3972,广安家园(新胜路),交通设施,公交车站,黑龙江省,哈尔滨市,呼兰区,呼兰2路,,0,0,126.612621,45.998104,,,http://map.baidu.com/,,,,,,,,,,,,,,,,,,,,0
0fee7df5e09b79a981a00c99,广安嘉园,交通设施,公交车站,黑龙江省,哈尔滨市,呼兰区,呼兰11路,,0,0,126.613033,45.998689,,,http://map.baidu.com/,,,,,,,,,,,,,,,,,,,,0
5896082fbca43a028633040f,海达小区,交通设施,公交车站,黑龙江省,哈尔滨市,呼兰区,呼兰10路,,0,0,126.603416,45.994195,,,http://map.baidu.com/,,,,,,,,,,,,,,,,,,,,0
e4586cec7fe0206feb56fa4d,面包厂,交通设施,公交车站,黑龙江省,哈尔滨市,呼兰区,呼兰1路,,0,0,126.616135,46.008005,,,http://map.baidu.com/,,,,,,,,,,,,,,,,,,,,0
487398b1a059fdcc306212fa,四副食,交通设施,公交车站,黑龙江省,哈尔滨市,呼兰区,呼兰11路,,0,0,126.606644,45.985215,,,http://map.baidu.com/,,,,,,,,,,,,,,,,,,,,0
f73072224b24eaa031f71d1e,四副食,交通设施,公交车站,黑龙江省,哈尔滨市,呼兰区,呼兰9路,,0,0,126.607691,45.985027,,,http://map.baidu.com/,,,,,,,,,,,,,,,,,,,,0
56cab098355b8ce91ce99987,四副食,交通设施,公交车站,黑龙江省,哈尔滨市,呼兰区,551路;552路;553路;呼兰2路,,0,0,126.60777,45.98493,,,http://map.baidu.com/,,,,,,,,,,,,,,,,,,,,0
d1e937387f538ae4aeb22a06,呼兰亿兴小区,交通设施,公交车站,黑龙江省,哈尔滨市,呼兰区,551路;552路;553路,,0,0,126.615684,45.989944,,,http://map.baidu.com/,,,,,,,,,,,,,,,,,,,,0
d8f1e5d3cc2a74820f0e6beb,加油站,交通设施,公交车站,黑龙江省,哈尔滨市,呼兰区,呼兰5路;呼兰6路;呼兰7路;呼兰8路,,0,0,126.625152,45.997798,,,http://map.baidu.com/,,,,,,,,,,,,,,,,,,,,0
8961e2e60ff42a81abf72937,孵化场,交通设施,公交车站,黑龙江省,哈尔滨市,呼兰区,呼兰4路,,0,0,126.596327,45.995352,,,http://map.baidu.com/,,,,,,,,,,,,,,,,,,,,0
74753ec92ff3e3ed2a02e1fd,鸭厂,交通设施,公交车站,黑龙江省,哈尔滨市,呼兰区,呼兰5路,,0,0,126.597708,45.988607,,,http://map.baidu.com/,,,,,,,,,,,,,,,,,,,,0
ed19e626c0beee2ac356ac0f,呼兰酒厂,交通设施,公交车站,黑龙江省,哈尔滨市,呼兰区,呼兰1路,,0,0,126.614838,46.005873,,,http://map.baidu.com/,,,,,,,,,,,,,,,,,,,,0
9aba340f69d26e48d22dd68a,呼兰区第一中学,交通设施,公交车站,黑龙江省,哈尔滨市,呼兰区,呼兰1路;呼兰4路,,0,0,126.608174,45.987782,,,http://map.baidu.com/,,,,,,,,,,,,,,,,,,,,0
bc0f4e57c3ac54f2102935c8,东鹏,交通设施,公交车站,黑龙江省,哈尔滨市,呼兰区,呼兰3路,,0,0,126.612307,45.985151,,,http://map.baidu.com/,,,,,,,,,,,,,,,,,,,,0
030f7e6d79d037246040a952,呼兰区电业局,交通设施,公交车站,黑龙江省,哈尔滨市,呼兰区,呼兰11路;呼兰4路;呼兰7路,,0,0,126.613338,45.986016,,,http://map.baidu.com/,,,,,,,,,,,,,,,,,,,,0
74ff25cb8ab1295817948e7d,富强村,交通设施,公交车站,黑龙江省,哈尔滨市,呼兰区,呼兰4路,,0,0,126.588848,46.006134,,,http://map.baidu.com/,,,,,,,,,,,,,,,,,,,,0
86f059b1f8e7068cd0ff23c1,农发行,交通设施,公交车站,黑龙江省,哈尔滨市,呼兰区,呼兰10路,,0,0,126.619921,45.986719,,,http://map.baidu.com/,,,,,,,,,,,,,,,,,,,,0
b963b250b48043cb4254d7b3,呼兰区城建局,交通设施,公交车站,黑龙江省,哈尔滨市,呼兰区,呼兰11路;呼兰1路;呼兰2路,,0,0,126.607432,45.983384,,,http://map.baidu.com/,,,,,,,,,,,,,,,,,,,,0
5fe3097a9e324a4e4c554754,大江广厦,交通设施,公交车站,黑龙江省,哈尔滨市,呼兰区,551路;552路;553路;呼兰104路;呼兰108路;呼兰108路直行线;呼兰2路;呼兰9路,,0,0,126.607158,45.98163,,,http://map.baidu.com/,,,,,,,,,,,,,,,,,,,,0
89392b95065d679285420eda,呼兰区公安分局,交通设施,公交车站,黑龙江省,哈尔滨市,呼兰区,呼兰11路;呼兰2路;呼兰4路;呼兰5路,,0,0,126.609547,45.98618,,,http://map.baidu.com/,,,,,,,,,,,,,,,,,,,,0
7f56f2f559c079e2aeb22a5c,兰河名苑,交通设施,公交车站,黑龙江省,哈尔滨市,呼兰区,呼兰10路;呼兰11路,,0,0,126.604333,45.984142,,,http://map.baidu.com/,,,,,,,,,,,,,,,,,,,,0
00a546adfc211d16e81e97c6,西环,交通设施,公交车站,黑龙江省,哈尔滨市,呼兰区,呼兰104路;呼兰108路直行线;呼兰9路,,0,0,126.60423,45.985156,,,http://map.baidu.com/,,,,,,,,,,,,,,,,,,,,0
70c6a6068cb81a7dee74f8d3,嘉润医院,交通设施,公交车站,黑龙江省,哈尔滨市,呼兰区,呼兰10路;呼兰7路,,0,0,126.60618,45.982474,,,http://map.baidu.com/,,,,,,,,,,,,,,,,,,,,0
429e900a9b411648fa42b28b,东方小区,交通设施,公交车站,黑龙江省,哈尔滨市,呼兰区,呼兰10路,,0,0,126.619123,45.989129,,,http://map.baidu.com/,,,,,,,,,,,,,,,,,,,,0
9a973d8dd1d635ce85420ef5,金色人文,交通设施,公交车站,黑龙江省,哈尔滨市,呼兰区,呼兰10路;呼兰117路,,0,0,126.620834,45.984661,,,http://map.baidu.com/,,,,,,,,,,,,,,,,,,,,0
8f40399908e98d6b13293529,呼兰区新民派出所,交通设施,公交车站,黑龙江省,哈尔滨市,呼兰区,呼兰5路;呼兰6路;呼兰7路;呼兰8路,,0,0,126.627885,45.998778,,,http://map.baidu.com/,,,,,,,,,,,,,,,,,,,,0
e7ff37a6ec23d98dc056ac64,呼兰区第六中学,交通设施,公交车站,黑龙江省,哈尔滨市,呼兰区,呼兰5路;呼兰6路;呼兰7路;呼兰8路,,0,0,126.632778,45.999844,,,http://map.baidu.com/,,,,,,,,,,,,,,,,,,,,0
188a2197ed4ea29bb5f42fb2,远达,交通设施,公交车站,黑龙江省,哈尔滨市,呼兰区,呼兰4路,,0,0,126.651568,45.999467,,,http://map.baidu.com/,,,,,,,,,,,,,,,,,,,,0
9791ce6fe5d1465e130daac9,远达,交通设施,公交车站,黑龙江省,哈尔滨市,呼兰区,呼兰4路,,0,0,126.651569,45.999477,,,http://map.baidu.com/,,,,,,,,,,,,,,,,,,,,0
21f91b4d192cab1a2fb17ea1,呼兰火车站,交通设施,公交车站,黑龙江省,哈尔滨市,呼兰区,呼兰4路;呼兰5路;呼兰6路;呼兰7路;呼兰8路,,0,0,126.651618,46.003814,,,http://map.baidu.com/,,,,,,,,,,,,,,,,,,,,0
2afd7d2d559506ca0bccdd25,幼儿班,交通设施,公交车站,黑龙江省,哈尔滨市,呼兰区,呼兰4路,,0,0,126.651815,45.997519,,,http://map.baidu.com/,,,,,,,,,,,,,,,,,,,,0
e39f825ec2ae6a22c51b7583,远达,交通设施,公交车站,黑龙江省,哈尔滨市,呼兰区,呼兰4路,,0,0,126.651571,45.999486,,,http://map.baidu.com/,,,,,,,,,,,,,,,,,,,,0
1163b0d6ffed42d09ee32120,呼兰火车站,交通设施,公交车站,黑龙江省,哈尔滨市,呼兰区,呼兰4路,,0,0,126.651579,46.003442,,,http://map.baidu.com/,,,,,,,,,,,,,,,,,,,,0
a2b3e7a086e32820631c67f5,九队,交通设施,公交车站,黑龙江省,哈尔滨市,呼兰区,呼兰4路,,0,0,126.64945,45.994784,,,http://map.baidu.com/,,,,,,,,,,,,,,,,,,,,0
16972c86e9b484cd5b1093e8,呼兰火车站,交通设施,公交车站,黑龙江省,哈尔滨市,呼兰区,呼兰5路,,0,0,126.651536,46.003938,,,http://map.baidu.com/,,,,,,,,,,,,,,,,,,,,0
3ba9512b66e1d06a213bf230,九队,交通设施,公交车站,黑龙江省,哈尔滨市,呼兰区,呼兰4路,,0,0,126.649527,45.994792,,,http://map.baidu.com/,,,,,,,,,,,,,,,,,,,,0
f9e6b0fd360b3587455726c2,农业机械研究所,交通设施,公交车站,黑龙江省,哈尔滨市,呼兰区,呼兰4路,,0,0,126.651309,45.995078,,,http://map.baidu.com/,,,,,,,,,,,,,,,,,,,,0
2e1129320fe30746a1046466,九队,交通设施,公交车站,黑龙江省,哈尔滨市,呼兰区,呼兰4路,,0,0,126.649605,45.9948,,,http://map.baidu.com/,,,,,,,,,,,,,,,,,,,,0
26c5bf4c4d134559715e80db,呼兰火车站,交通设施,公交车站,黑龙江省,哈尔滨市,呼兰区,呼兰4路,,0,0,126.651576,46.003469,,,http://map.baidu.com/,,,,,,,,,,,,,,,,,,,,0
220982826a9740abbb17e795,呼兰火车站,交通设施,公交车站,黑龙江省,哈尔滨市,呼兰区,呼兰5路,,0,0,126.651402,46.003877,,,http://map.baidu.com/,,,,,,,,,,,,,,,,,,,,0
17a693cee23bb347aecb660a,家属楼,交通设施,公交车站,黑龙江省,哈尔滨市,呼兰区,呼兰5路;呼兰6路;呼兰7路;呼兰8路,,0,0,126.64952,46.003397,,,http://map.baidu.com/,,,,,,,,,,,,,,,,,,,,0
b4ac5b6c613dae7a343a715d,三队,交通设施,公交车站,黑龙江省,哈尔滨市,呼兰区,呼兰4路,,0,0,126.64283,45.992981,,,http://map.baidu.com/,,,,,,,,,,,,,,,,,,,,0
6c33f1f7f87d9130ca09f00c,永兴食杂店,交通设施,公交车站,黑龙江省,哈尔滨市,呼兰区,呼兰4路,,0,0,126.646946,45.99405,,,http://map.baidu.com/,,,,,,,,,,,,,,,,,,,,0
4ba34103c6c237dc6f3e1b56,加油站,交通设施,公交车站,黑龙江省,哈尔滨市,呼兰区,呼兰5路;呼兰6路,,0,0,126.625262,45.997852,,,http://map.baidu.com/,,,,,,,,,,,,,,,,,,,,0
bee8edd103a549888f55ec7d,呼兰火车站北,交通设施,公交车站,黑龙江省,哈尔滨市,呼兰区,呼兰5路,,0,0,126.651432,46.006807,,,http://map.baidu.com/,,,,,,,,,,,,,,,,,,,,0
d5d82afd3d7b6d82e81e97c8,呼兰火车站北,交通设施,公交车站,黑龙江省,哈尔滨市,呼兰区,呼兰5路,,0,0,126.651432,46.006803,,,http://map.baidu.com/,,,,,,,,,,,,,,,,,,,,0
e6a6f72271e8fe729b68b4bf,三队,交通设施,公交车站,黑龙江省,哈尔滨市,呼兰区,呼兰4路,,0,0,126.64283,45.992981,,,http://map.baidu.com/,,,,,,,,,,,,,,,,,,,,0
e4e03f43bf28cb0c081cc7c4,七队,交通设施,公交车站,黑龙江省,哈尔滨市,呼兰区,呼兰2路;呼兰3路,,0,0,126.639986,45.985528,,,http://map.baidu.com/,,,,,,,,,,,,,,,,,,,,0
a605185029a5176d4657269c,七队,交通设施,公交车站,黑龙江省,哈尔滨市,呼兰区,呼兰4路,,0,0,126.639224,45.985493,,,http://map.baidu.com/,,,,,,,,,,,,,,,,,,,,0
72901206157e15e641d63e2b,呼兰交警队,交通设施,公交车站,黑龙江省,哈尔滨市,呼兰区,呼兰5路;呼兰6路,,0,0,126.635568,46.000333,,,http://map.baidu.com/,,,,,,,,,,,,,,,,,,,,0
eba87fbde087ef132806ceed,铁路道口,交通设施,公交车站,黑龙江省,哈尔滨市,呼兰区,呼兰5路,,0,0,126.652548,46.009162,,,http://map.baidu.com/,,,,,,,,,,,,,,,,,,,,0
29d4804458fa4fe7077ce878,化肥厂路,交通设施,公交车站,黑龙江省,哈尔滨市,呼兰区,呼兰5路;呼兰6路;呼兰7路;呼兰8路,,0,0,126.63876,46.001061,,,http://map.baidu.com/,,,,,,,,,,,,,,,,,,,,0
92e36e6bcb6f2a17f32d8386,水泥厂路,交通设施,公交车站,黑龙江省,哈尔滨市,呼兰区,呼兰5路;呼兰6路;呼兰7路;呼兰8路,,0,0,126.643138,46.002012,,,http://map.baidu.com/,,,,,,,,,,,,,,,,,,,,0
d00992198c26595e54bfff75,呼兰亚麻厂,交通设施,公交车站,黑龙江省,哈尔滨市,呼兰区,呼兰2路,,0,0,126.645367,45.985184,,,http://map.baidu.com/,,,,,,,,,,,,,,,,,,,,0
785d0cfecab91273b8bd635d,呼兰亚麻厂,交通设施,公交车站,黑龙江省,哈尔滨市,呼兰区,呼兰2路;呼兰3路,,0,0,126.644819,45.985205,,,http://map.baidu.com/,,,,,,,,,,,,,,,,,,,,0
4dde77a596bf2b625f17c3ed,呼兰钢厂,交通设施,公交车站,黑龙江省,哈尔滨市,呼兰区,呼兰3路,,0,0,126.662027,45.984622,,,http://map.baidu.com/,,,,,,,,,,,,,,,,,,,,0
d7e47bd921ec4430fea7781c,呼兰实验学校,交通设施,公交车站,黑龙江省,哈尔滨市,呼兰区,呼兰2路,,0,0,126.664694,45.984588,,,http://map.baidu.com/,,,,,,,,,,,,,,,,,,,,0
0053c7b42861d1b4b11e3601,果园道口,交通设施,公交车站,黑龙江省,哈尔滨市,呼兰区,呼兰5路,,0,0,126.66384,46.013293,,,http://map.baidu.com/,,,,,,,,,,,,,,,,,,,,0
330a24243f398d4a8e1a8922,呼兰火车站北,交通设施,公交车站,黑龙江省,哈尔滨市,呼兰区,呼兰5路,,0,0,126.651432,46.00681,,,http://map.baidu.com/,,,,,,,,,,,,,,,,,,,,0
198844862507aad9b64f54eb,七队,交通设施,公交车站,黑龙江省,哈尔滨市,呼兰区,呼兰2路;呼兰3路;呼兰4路,,0,0,126.639609,45.985483,,,http://map.baidu.com/,,,,,,,,,,,,,,,,,,,,0
d8f1e5d3cc2a74820f0e6beb,加油站,交通设施,公交车站,黑龙江省,哈尔滨市,呼兰区,呼兰5路;呼兰6路;呼兰7路;呼兰8路,,0,0,126.625152,45.997798,,,http://map.baidu.com/,,,,,,,,,,,,,,,,,,,,0
13a6c3f05dd2bf7802ec0116,呼兰交警队,交通设施,公交车站,黑龙江省,哈尔滨市,呼兰区,呼兰5路;呼兰6路;呼兰7路;呼兰8路,,0,0,126.635421,46.000391,,,http://map.baidu.com/,,,,,,,,,,,,,,,,,,,,0
0600627faa3061ceaeb22a24,呼兰实验学校,交通设施,公交车站,黑龙江省,哈尔滨市,呼兰区,呼兰2路,,0,0,126.6647,45.984588,,,http://map.baidu.com/,,,,,,,,,,,,,,,,,,,,0
e7ff37a6ec23d98dc056ac64,呼兰区第六中学,交通设施,公交车站,黑龙江省,哈尔滨市,呼兰区,呼兰5路;呼兰6路;呼兰7路;呼兰8路,,0,0,126.632778,45.999844,,,http://map.baidu.com/,,,,,,,,,,,,,,,,,,,,0
8f40399908e98d6b13293529,呼兰区新民派出所,交通设施,公交车站,黑龙江省,哈尔滨市,呼兰区,呼兰5路;呼兰6路;呼兰7路;呼兰8路,,0,0,126.627885,45.998778,,,http://map.baidu.com/,,,,,,,,,,,,,,,,,,,,0
87c81e93675d3cf6eddfca20,工农村,交通设施,公交车站,黑龙江省,哈尔滨市,呼兰区,呼兰5路,,0,0,126.660088,46.011688,,,http://map.baidu.com/,,,,,,,,,,,,,,,,,,,,0
e9e8562e421b9afb28fc48f3,兰河技工学校,交通设施,公交车站,黑龙江省,哈尔滨市,呼兰区,呼兰5路;呼兰6路;呼兰7路;呼兰8路,,0,0,126.630761,45.999393,,,http://map.baidu.com/,,,,,,,,,,,,,,,,,,,,0
5c863c87a462fb7b2002206a,工农村口,交通设施,公交车站,黑龙江省,哈尔滨市,呼兰区,呼兰5路,,0,0,126.660032,46.011664,,,http://map.baidu.com/,,,,,,,,,,,,,,,,,,,,0
354b8bf716afa9623310af27,光荣村,交通设施,公交车站,黑龙江省,哈尔滨市,呼兰区,呼兰2路,,0,0,126.69962,45.993491,,,http://map.baidu.com/,,,,,,,,,,,,,,,,,,,,0
b0427e65a2afc7c196ca07fc,光荣村,交通设施,公交车站,黑龙江省,哈尔滨市,呼兰区,呼兰2路,,0,0,126.699633,45.993443,,,http://map.baidu.com/,,,,,,,,,,,,,,,,,,,,0
40ed95951ddc75cac17da235,劳动村,交通设施,公交车站,黑龙江省,哈尔滨市,呼兰区,呼兰2路,,0,0,126.681568,45.985699,,,http://map.baidu.com/,,,,,,,,,,,,,,,,,,,,0
44f1fe21d2ec116f0e0a7071,勤劳村道口,交通设施,公交车站,黑龙江省,哈尔滨市,呼兰区,呼兰117路,,0,0,126.707149,46.011896,,,http://map.baidu.com/,,,,,,,,,,,,,,,,,,,,0
513f2c9db6497816c7f50de1,劳动村道口,交通设施,公交车站,黑龙江省,哈尔滨市,呼兰区,呼兰2路,,0,0,126.686181,45.986597,,,http://map.baidu.com/,,,,,,,,,,,,,,,,,,,,0
ac98ddf16ddd6eb94354d7b4,呼兰区第九中学道口,交通设施,公交车站,黑龙江省,哈尔滨市,呼兰区,呼兰1路,,0,0,126.621951,46.018238,,,http://map.baidu.com/,,,,,,,,,,,,,,,,,,,,0
d1d1e5937e1b563cf8f0cb10,呼兰区第九中学道口,交通设施,公交车站,黑龙江省,哈尔滨市,呼兰区,呼兰1路,,0,0,126.621926,46.018241,,,http://map.baidu.com/,,,,,,,,,,,,,,,,,,,,0
4d5bd6f49d772dd685420ea8,呼兰区第九中学道口,交通设施,公交车站,黑龙江省,哈尔滨市,呼兰区,呼兰1路,,0,0,126.621975,46.018235,,,http://map.baidu.com/,,,,,,,,,,,,,,,,,,,,0
8eeb308cdab775be88fc06b7,长岭镇,交通设施,公交车站,黑龙江省,哈尔滨市,呼兰区,呼兰101路,,0,0,126.650483,46.04834,,,http://map.baidu.com/,,,,,,,,,,,,,,,,,,,,0
73503c0ceb56647a8bb98858,新兴村,交通设施,公交车站,黑龙江省,哈尔滨市,呼兰区,呼兰5路,,0,0,126.680195,46.019969,,,http://map.baidu.com/,,,,,,,,,,,,,,,,,,,,0
3d5df62ef863be921ce9992b,新兴村,交通设施,公交车站,黑龙江省,哈尔滨市,呼兰区,呼兰5路,,0,0,126.680191,46.019975,,,http://map.baidu.com/,,,,,,,,,,,,,,,,,,,,0
d941510ddac652f49868b432,新兴学校,交通设施,公交车站,黑龙江省,哈尔滨市,呼兰区,呼兰5路,,0,0,126.676595,46.018911,,,http://map.baidu.com/,,,,,,,,,,,,,,,,,,,,0
063df9e896092464a2d23049,新兴村,交通设施,公交车站,黑龙江省,哈尔滨市,呼兰区,呼兰5路,,0,0,126.680198,46.019963,,,http://map.baidu.com/,,,,,,,,,,,,,,,,,,,,0
3d8e80cfbf105ff8d72ce284,双井镇,交通设施,公交车站,黑龙江省,哈尔滨市,呼兰区,呼兰102路,,0,0,126.732799,46.038484,,,http://map.baidu.com/,,,,,,,,,,,,,,,,,,,,0
c71039d101959a9871455b43,双井镇,交通设施,公交车站,黑龙江省,哈尔滨市,呼兰区,呼兰102路,,0,0,126.732799,46.038484,,,http://map.baidu.com/,,,,,,,,,,,,,,,,,,,,0
f00d181577560983f72310a2,双井,交通设施,公交车站,黑龙江省,哈尔滨市,呼兰区,呼兰117路,,0,0,126.724673,46.035954,,,http://map.baidu.com/,,,,,,,,,,,,,,,,,,,,0
578934eed29dbaedc7f50d8e,吴堡村,交通设施,公交车站,黑龙江省,哈尔滨市,呼兰区,呼兰101路,,0,0,126.67408,46.063238,,,http://map.baidu.com/,,,,,,,,,,,,,,,,,,,,0
8eeb308cdab775be88fc06b7,长岭镇,交通设施,公交车站,黑龙江省,哈尔滨市,呼兰区,呼兰101路,,0,0,126.650483,46.04834,,,http://map.baidu.com/,,,,,,,,,,,,,,,,,,,,0
578934eed29dbaedc7f50d8e,吴堡村,交通设施,公交车站,黑龙江省,哈尔滨市,呼兰区,呼兰101路,,0,0,126.67408,46.063238,,,http://map.baidu.com/,,,,,,,,,,,,,,,,,,,,0
106041d810f891354f3a5996,张堡村,交通设施,公交车站,黑龙江省,哈尔滨市,呼兰区,呼兰101路,,0,0,126.701226,46.081581,,,http://map.baidu.com/,,,,,,,,,,,,,,,,,,,,0
9eb758dc1f59d89f2efaa7d7,吉堡村,交通设施,公交车站,黑龙江省,哈尔滨市,呼兰区,呼兰102路,,0,0,126.790512,46.075786,,,http://map.baidu.com/,,,,,,,,,,,,,,,,,,,,0
ec492e4a4d872f9a601809d5,吉堡村,交通设施,公交车站,黑龙江省,哈尔滨市,呼兰区,呼兰102路,,0,0,126.790512,46.075786,,,http://map.baidu.com/,,,,,,,,,,,,,,,,,,,,0
8bc39755d5857337eaf85342,吉卜村,交通设施,公交车站,黑龙江省,哈尔滨市,呼兰区,呼兰117路,,0,0,126.79451,46.078698,,,http://map.baidu.com/,,,,,,,,,,,,,,,,,,,,0
0ab287cc117180a03517dcfb,平坊村,交通设施,公交车站,黑龙江省,哈尔滨市,呼兰区,呼兰101路,,0,0,126.71648,46.092044,,,http://map.baidu.com/,,,,,,,,,,,,,,,,,,,,0
b7eb0a920e143796b11e36e7,裴堡村,交通设施,公交车站,黑龙江省,哈尔滨市,呼兰区,呼兰101路,,0,0,126.747632,46.114506,,,http://map.baidu.com/,,,,,,,,,,,,,,,,,,,,0
c19c16921830a9f96e20b9e8,三家子,交通设施,公交车站,黑龙江省,哈尔滨市,呼兰区,呼兰117路,,0,0,126.821881,46.096669,,,http://map.baidu.com/,,,,,,,,,,,,,,,,,,,,0
d4a4a74df76c810233169b50,三家子,交通设施,公交车站,黑龙江省,哈尔滨市,呼兰区,呼兰102路,,0,0,126.824802,46.096744,,,http://map.baidu.com/,,,,,,,,,,,,,,,,,,,,0
f658adc8f9a423ca5bf6be70,三家子,交通设施,公交车站,黑龙江省,哈尔滨市,呼兰区,呼兰102路;呼兰117路,,0,0,126.82383,46.096719,,,http://map.baidu.com/,,,,,,,,,,,,,,,,,,,,0
3cb34d6075a12f3cd42ce2f4,祁堡,交通设施,公交车站,黑龙江省,哈尔滨市,呼兰区,呼兰117路,,0,0,126.849053,46.096429,,,http://map.baidu.com/,,,,,,,,,,,,,,,,,,,,0
e0fb222187ab5f5675e5b655,周堡,交通设施,公交车站,黑龙江省,哈尔滨市,呼兰区,呼兰117路,,0,0,126.859974,46.113424,,,http://map.baidu.com/,,,,,,,,,,,,,,,,,,,,0
d9314f747400d165afee7ab9,公家村,交通设施,公交车站,黑龙江省,哈尔滨市,呼兰区,呼兰102路,,0,0,126.89387,46.098064,,,http://map.baidu.com/,,,,,,,,,,,,,,,,,,,,0
e40b7cf1747168b0cf06a462,公家村,交通设施,公交车站,黑龙江省,哈尔滨市,呼兰区,呼兰102路,,0,0,126.89387,46.098064,,,http://map.baidu.com/,,,,,,,,,,,,,,,,,,,,0
dd58a78455e24beadeee8b22,方台镇,交通设施,公交车站,黑龙江省,哈尔滨市,呼兰区,呼兰102路,,0,0,126.939955,46.092917,,,http://map.baidu.com/,,,,,,,,,,,,,,,,,,,,0
0dd97c3919f3ecd588b988c2,方台镇,交通设施,公交车站,黑龙江省,哈尔滨市,呼兰区,呼兰102路,,0,0,126.939955,46.092917,,,http://map.baidu.com/,,,,,,,,,,,,,,,,,,,,0
3a70de3f832ebfe941ab9a6e,宋家村,交通设施,公交车站,黑龙江省,哈尔滨市,呼兰区,呼兰102路,,0,0,126.990118,46.100339,,,http://map.baidu.com/,,,,,,,,,,,,,,,,,,,,0
be705d0014d84125373a719b,宋家村,交通设施,公交车站,黑龙江省,哈尔滨市,呼兰区,呼兰102路,,0,0,126.990118,46.100339,,,http://map.baidu.com/,,,,,,,,,,,,,,,,,,,,0
bf013fd7e41069572bd7ab16,东风村,交通设施,公交车站,黑龙江省,哈尔滨市,呼兰区,呼兰101路,,0,0,126.774698,46.150297,,,http://map.baidu.com/,,,,,,,,,,,,,,,,,,,,0
b77a796c35efeb5f2a02e126,东沈村,交通设施,公交车站,黑龙江省,哈尔滨市,呼兰区,呼兰117路,,0,0,126.874417,46.132415,,,http://map.baidu.com/,,,,,,,,,,,,,,,,,,,,0
d88f480d8a9b87c297031919,剪草村,交通设施,公交车站,黑龙江省,哈尔滨市,呼兰区,呼兰102路,,0,0,127.075813,46.119059,,,http://map.baidu.com/,,,,,,,,,,,,,,,,,,,,0
5545aa7fb55317a110293581,剪草村,交通设施,公交车站,黑龙江省,哈尔滨市,呼兰区,呼兰102路,,0,0,127.075813,46.119059,,,http://map.baidu.com/,,,,,,,,,,,,,,,,,,,,0
bf013fd7e41069572bd7ab16,东风村,交通设施,公交车站,黑龙江省,哈尔滨市,呼兰区,呼兰101路,,0,0,126.774698,46.150297,,,http://map.baidu.com/,,,,,,,,,,,,,,,,,,,,0
f7da2ba4a6422d20744ff1a4,永胜村,交通设施,公交车站,黑龙江省,哈尔滨市,呼兰区,呼兰117路,,0,0,126.857793,46.160259,,,http://map.baidu.com/,,,,,,,,,,,,,,,,,,,,0
5561fa6bd829316bb9df8f43,康金镇,交通设施,公交车站,黑龙江省,哈尔滨市,呼兰区,呼兰101路;呼兰117路,,0,0,126.816695,46.204626,,,http://map.baidu.com/,,,,,,,,,,,,,,,,,,,,0
ed69080a696a42c084330413,康金镇,交通设施,公交车站,黑龙江省,哈尔滨市,呼兰区,呼兰101路,,0,0,126.808688,46.195602,,,http://map.baidu.com/,,,,,,,,,,,,,,,,,,,,0
